Id,Class
31,Brisbane
32,Brisbane
33,Brisbane
34,Brisbane
35,Brisbane
36,Brisbane
37,Brisbane
38,Brisbane
39,Brisbane
310,Brisbane
311,Brisbane
312,Brisbane
313,Sydney
314,Brisbane
315,Brisbane
316,Brisbane
317,Brisbane
318,Brisbane
319,Brisbane
320,Brisbane
321,Brisbane
322,Brisbane
323,Brisbane
324,Perth
325,Brisbane
326,Brisbane
327,Brisbane
328,Brisbane
329,Brisbane
330,Brisbane
331,Brisbane
332,Brisbane
333,Brisbane
334,Brisbane
335,Brisbane
336,Brisbane
337,Perth
338,Brisbane
339,Sydney
340,Brisbane
341,Brisbane
342,Brisbane
343,Melbourne
344,Brisbane
345,Brisbane
346,Brisbane
347,Brisbane
348,Brisbane
349,Brisbane
350,Brisbane
351,Brisbane
352,Brisbane
353,Melbourne
354,Brisbane
355,Brisbane
356,Brisbane
357,Brisbane
358,Brisbane
359,Perth
360,Brisbane
361,Brisbane
362,Brisbane
363,Brisbane
364,Sydney
365,Brisbane
366,Perth
367,Brisbane
368,Brisbane
369,Brisbane
370,Brisbane
371,Brisbane
372,Brisbane
373,Brisbane
374,Brisbane
375,Brisbane
376,Sydney
377,Brisbane
378,Brisbane
379,Brisbane
380,Melbourne
381,Brisbane
382,Brisbane
383,Brisbane
384,Brisbane
385,Brisbane
386,Brisbane
387,Brisbane
388,Brisbane
389,Brisbane
390,Brisbane
391,Brisbane
392,Brisbane
393,Brisbane
394,Brisbane
395,Brisbane
396,Brisbane
397,Brisbane
398,Brisbane
399,Brisbane
3100,Brisbane
3101,Brisbane
3102,Brisbane
3103,Brisbane
3104,Melbourne
3105,Perth
3106,Brisbane
3107,Brisbane
3108,Brisbane
3109,Brisbane
3110,Brisbane
3111,Perth
3112,Brisbane
3113,Brisbane
3114,Brisbane
3115,Brisbane
3116,Brisbane
3117,Sydney
3118,Brisbane
3119,Brisbane
3120,Brisbane
3121,Brisbane
3122,Brisbane
3123,Brisbane
3124,Brisbane
3125,Brisbane
3126,Melbourne
3127,Brisbane
3128,Brisbane
3129,Brisbane
3130,Sydney
3131,Brisbane
3132,Perth
3133,Brisbane
3134,Brisbane
3135,Perth
3136,Brisbane
3137,Brisbane
3138,Brisbane
3139,Brisbane
3140,Brisbane
3141,Brisbane
3142,Brisbane
3143,Brisbane
3144,Brisbane
3145,Brisbane
3146,Brisbane
3147,Brisbane
3148,Brisbane
3149,Brisbane
3150,Brisbane
3151,Brisbane
3152,Brisbane
3153,Brisbane
3154,Sydney
3155,Brisbane
3156,Perth
3157,Brisbane
3158,Brisbane
3159,Brisbane
3160,Brisbane
3161,Brisbane
3162,Brisbane
3163,Brisbane
3164,Brisbane
3165,Brisbane
3166,Melbourne
3167,Brisbane
3168,Brisbane
3169,Brisbane
3170,Brisbane
3171,Brisbane
3172,Brisbane
3173,Brisbane
3174,Brisbane
3175,Brisbane
3176,Brisbane
3177,Brisbane
3178,Brisbane
3179,Brisbane
3180,Brisbane
3181,Brisbane
3182,Brisbane
3183,Brisbane
3184,Melbourne
3185,Brisbane
3186,Brisbane
3187,Brisbane
3188,Brisbane
3189,Brisbane
3190,Brisbane
3191,Brisbane
3192,Brisbane
3193,Brisbane
3194,Brisbane
3195,Sydney
3196,Brisbane
3197,Brisbane
3198,Brisbane
3199,Brisbane
3200,Brisbane
3201,Brisbane
3202,Brisbane
3203,Brisbane
3204,Brisbane
3205,Brisbane
3206,Brisbane
3207,Brisbane
3208,Brisbane
3209,Brisbane
3210,Brisbane
3211,Brisbane
3212,Brisbane
3213,Brisbane
3214,Sydney
3215,Brisbane
3216,Brisbane
3217,Brisbane
3218,Brisbane
3219,Brisbane
3220,Brisbane
3221,Sydney
3222,Brisbane
3223,Brisbane
3224,Melbourne
3225,Brisbane
3226,Brisbane
3227,Brisbane
3228,Brisbane
3229,Brisbane
3230,Brisbane
3231,Brisbane
3232,Brisbane
3233,Brisbane
3234,Sydney
3235,Brisbane
3236,Brisbane
3237,Brisbane
3238,Brisbane
3239,Brisbane
3240,Brisbane
3241,Brisbane
3242,Brisbane
3243,Brisbane
3244,Brisbane
3245,Brisbane
3246,Brisbane
3247,Brisbane
3248,Brisbane
3249,Brisbane
3250,Perth
3251,Brisbane
3252,Brisbane
3253,Sydney
3254,Brisbane
3255,Brisbane
3256,Melbourne
3257,Brisbane
3258,Brisbane
3259,Brisbane
3260,Brisbane
3261,Brisbane
3262,Brisbane
3263,Brisbane
3264,Brisbane
3265,Brisbane
3266,Brisbane
3267,Brisbane
3268,Brisbane
3269,Melbourne
3270,Brisbane
3271,Brisbane
3272,Brisbane
3273,Brisbane
3274,Brisbane
3275,Brisbane
3276,Perth
3277,Brisbane
3278,Brisbane
3279,Perth
3280,Brisbane
3281,Brisbane
3282,Brisbane
3283,Brisbane
3284,Perth
3285,Brisbane
3286,Melbourne
3287,Brisbane
3288,Brisbane
3289,Brisbane
3290,Brisbane
3291,Brisbane
3292,Sydney
3293,Brisbane
3294,Brisbane
3295,Brisbane
3296,Brisbane
3297,Brisbane
3298,Sydney
3299,Brisbane
3300,Brisbane
3301,Sydney
3302,Brisbane
3303,Brisbane
3304,Perth
3305,Brisbane
3306,Brisbane
3307,Brisbane
3308,Brisbane
3309,Brisbane
3310,Brisbane
3311,Brisbane
3312,Brisbane
3313,Perth
3314,Brisbane
3315,Brisbane
3316,Brisbane
3317,Brisbane
3318,Brisbane
3319,Brisbane
3320,Brisbane
3321,Brisbane
3322,Brisbane
3323,Brisbane
3324,Brisbane
3325,Brisbane
3326,Melbourne
3327,Brisbane
3328,Brisbane
3329,Brisbane
3330,Brisbane
3331,Perth
3332,Brisbane
3333,Brisbane
3334,Brisbane
3335,Brisbane
3336,Brisbane
3337,Brisbane
3338,Brisbane
3339,Brisbane
3340,Melbourne
3341,Brisbane
3342,Brisbane
3343,Sydney
3344,Brisbane
3345,Brisbane
3346,Melbourne
3347,Brisbane
3348,Brisbane
3349,Brisbane
3350,Brisbane
3351,Brisbane
3352,Brisbane
3353,Brisbane
3354,Brisbane
3355,Brisbane
3356,Melbourne
3357,Brisbane
3358,Brisbane
3359,Brisbane
3360,Brisbane
3361,Brisbane
3362,Brisbane
3363,Brisbane
3364,Brisbane
3365,Brisbane
3366,Brisbane
3367,Brisbane
3368,Brisbane
3369,Brisbane
3370,Brisbane
3371,Melbourne
3372,Brisbane
3373,Brisbane
3374,Perth
3375,Brisbane
3376,Brisbane
3377,Brisbane
3378,Brisbane
3379,Brisbane
3380,Brisbane
3381,Brisbane
3382,Melbourne
3383,Brisbane
3384,Brisbane
3385,Brisbane
3386,Sydney
3387,Brisbane
3388,Brisbane
3389,Brisbane
3390,Brisbane
3391,Sydney
3392,Brisbane
3393,Sydney
3394,Perth
3395,Sydney
3396,Melbourne
3397,Brisbane
3398,Brisbane
3399,Brisbane
3400,Brisbane
3401,Brisbane
3402,Brisbane
3403,Brisbane
3404,Brisbane
3405,Brisbane
3406,Brisbane
3407,Brisbane
3408,Brisbane
3409,Brisbane
3410,Brisbane
3411,Brisbane
3412,Perth
3413,Brisbane
3414,Brisbane
3415,Brisbane
3416,Brisbane
3417,Brisbane
3418,Brisbane
3419,Brisbane
3420,Brisbane
3421,Brisbane
3422,Brisbane
3423,Brisbane
3424,Brisbane
3425,Brisbane
3426,Brisbane
3427,Brisbane
3428,Brisbane
3429,Brisbane
3430,Brisbane
3431,Brisbane
3432,Brisbane
3433,Brisbane
3434,Brisbane
3435,Brisbane
3436,Brisbane
3437,Brisbane
3438,Brisbane
3439,Perth
3440,Brisbane
3441,Brisbane
3442,Brisbane
3443,Brisbane
3444,Brisbane
3445,Perth
3446,Brisbane
3447,Brisbane
3448,Brisbane
3449,Perth
3450,Perth
3451,Melbourne
3452,Brisbane
3453,Brisbane
3454,Brisbane
3455,Brisbane
3456,Sydney
3457,Brisbane
3458,Brisbane
3459,Brisbane
3460,Brisbane
3461,Brisbane
3462,Brisbane
3463,Brisbane
3464,Perth
3465,Brisbane
3466,Melbourne
3467,Brisbane
3468,Brisbane
3469,Brisbane
3470,Brisbane
3471,Brisbane
3472,Brisbane
3473,Sydney
3474,Brisbane
3475,Brisbane
3476,Brisbane
3477,Melbourne
3478,Brisbane
3479,Brisbane
3480,Brisbane
3481,Brisbane
3482,Brisbane
3483,Brisbane
3484,Brisbane
3485,Brisbane
3486,Brisbane
3487,Brisbane
3488,Brisbane
3489,Brisbane
3490,Brisbane
3491,Melbourne
3492,Brisbane
3493,Brisbane
3494,Brisbane
3495,Brisbane
3496,Brisbane
3497,Brisbane
3498,Brisbane
3499,Brisbane
3500,Brisbane
3501,Brisbane
3502,Sydney
3503,Brisbane
3504,Brisbane
3505,Brisbane
3506,Brisbane
3507,Brisbane
3508,Brisbane
3509,Brisbane
3510,Brisbane
3511,Melbourne
3512,Brisbane
3513,Brisbane
3514,Brisbane
3515,Brisbane
3516,Brisbane
3517,Brisbane
3518,Brisbane
3519,Sydney
3520,Brisbane
3521,Brisbane
3522,Brisbane
3523,Brisbane
3524,Brisbane
3525,Brisbane
3526,Brisbane
3527,Brisbane
3528,Sydney
3529,Brisbane
3530,Brisbane
3531,Brisbane
3532,Brisbane
3533,Brisbane
3534,Brisbane
3535,Brisbane
3536,Brisbane
3537,Brisbane
3538,Perth
3539,Brisbane
3540,Perth
3541,Brisbane
3542,Brisbane
3543,Sydney
3544,Perth
3545,Brisbane
3546,Brisbane
3547,Melbourne
3548,Brisbane
3549,Brisbane
3550,Brisbane
3551,Brisbane
3552,Brisbane
3553,Brisbane
3554,Brisbane
3555,Brisbane
3556,Brisbane
3557,Brisbane
3558,Brisbane
3559,Melbourne
3560,Brisbane
3561,Sydney
3562,Brisbane
3563,Brisbane
3564,Sydney
3565,Brisbane
3566,Brisbane
3567,Brisbane
3568,Brisbane
3569,Brisbane
3570,Brisbane
3571,Brisbane
3572,Brisbane
3573,Brisbane
3574,Melbourne
3575,Brisbane
3576,Brisbane
3577,Brisbane
3578,Brisbane
3579,Brisbane
3580,Brisbane
3581,Perth
3582,Brisbane
3583,Brisbane
3584,Brisbane
3585,Brisbane
3586,Brisbane
3587,Brisbane
3588,Brisbane
3589,Brisbane
3590,Brisbane
3591,Brisbane
3592,Brisbane
3593,Brisbane
3594,Sydney
3595,Brisbane
3596,Brisbane
3597,Brisbane
3598,Brisbane
3599,Melbourne
3600,Brisbane
3601,Perth
3602,Brisbane
3603,Brisbane
3604,Brisbane
3605,Brisbane
3606,Brisbane
3607,Brisbane
3608,Brisbane
3609,Brisbane
3610,Brisbane
3611,Brisbane
3612,Brisbane
3613,Perth
3614,Brisbane
3615,Brisbane
3616,Perth
3617,Brisbane
3618,Brisbane
3619,Brisbane
3620,Melbourne
3621,Brisbane
3622,Perth
3623,Brisbane
3624,Brisbane
3625,Brisbane
3626,Brisbane
3627,Brisbane
3628,Melbourne
3629,Melbourne
3630,Brisbane
3631,Brisbane
3632,Brisbane
3633,Brisbane
3634,Brisbane
3635,Brisbane
3636,Brisbane
3637,Brisbane
3638,Brisbane
3639,Brisbane
3640,Brisbane
3641,Brisbane
3642,Brisbane
3643,Brisbane
3644,Brisbane
3645,Brisbane
3646,Brisbane
3647,Brisbane
3648,Sydney
3649,Brisbane
3650,Brisbane
3651,Brisbane
3652,Brisbane
3653,Perth
3654,Brisbane
3655,Brisbane
3656,Brisbane
3657,Brisbane
3658,Brisbane
3659,Brisbane
3660,Brisbane
3661,Brisbane
3662,Brisbane
3663,Brisbane
3664,Brisbane
3665,Brisbane
3666,Brisbane
3667,Brisbane
3668,Brisbane
3669,Brisbane
3670,Brisbane
3671,Perth
3672,Melbourne
3673,Brisbane
3674,Brisbane
3675,Brisbane
3676,Brisbane
3677,Brisbane
3678,Brisbane
3679,Brisbane
3680,Melbourne
3681,Brisbane
3682,Brisbane
3683,Brisbane
3684,Brisbane
3685,Brisbane
3686,Perth
3687,Brisbane
3688,Brisbane
3689,Brisbane
3690,Brisbane
3691,Brisbane
3692,Brisbane
3693,Brisbane
3694,Melbourne
3695,Brisbane
3696,Perth
3697,Brisbane
3698,Brisbane
3699,Brisbane
3700,Brisbane
3701,Brisbane
3702,Brisbane
3703,Brisbane
3704,Brisbane
3705,Brisbane
3706,Brisbane
3707,Brisbane
3708,Brisbane
3709,Perth
3710,Brisbane
3711,Brisbane
3712,Brisbane
3713,Brisbane
3714,Brisbane
3715,Brisbane
3716,Brisbane
3717,Brisbane
3718,Perth
3719,Brisbane
3720,Brisbane
3721,Brisbane
3722,Brisbane
3723,Brisbane
3724,Brisbane
3725,Brisbane
3726,Brisbane
3727,Sydney
3728,Perth
3729,Brisbane
3730,Brisbane
3731,Brisbane
3732,Melbourne
3733,Brisbane
3734,Sydney
3735,Brisbane
3736,Brisbane
3737,Melbourne
3738,Brisbane
3739,Brisbane
3740,Perth
3741,Brisbane
3742,Brisbane
3743,Brisbane
3744,Brisbane
3745,Brisbane
3746,Brisbane
3747,Brisbane
3748,Brisbane
3749,Brisbane
3750,Brisbane
3751,Brisbane
3752,Brisbane
3753,Brisbane
3754,Brisbane
3755,Brisbane
3756,Brisbane
3757,Perth
3758,Perth
3759,Brisbane
3760,Brisbane
3761,Brisbane
3762,Brisbane
3763,Brisbane
3764,Brisbane
3765,Brisbane
3766,Perth
3767,Brisbane
3768,Brisbane
3769,Brisbane
3770,Brisbane
3771,Brisbane
3772,Brisbane
3773,Brisbane
3774,Brisbane
3775,Brisbane
3776,Brisbane
3777,Brisbane
3778,Brisbane
3779,Perth
3780,Brisbane
3781,Brisbane
3782,Brisbane
3783,Brisbane
3784,Brisbane
3785,Brisbane
3786,Brisbane
3787,Brisbane
3788,Brisbane
3789,Brisbane
3790,Brisbane
3791,Brisbane
3792,Brisbane
3793,Brisbane
3794,Brisbane
3795,Brisbane
3796,Brisbane
3797,Brisbane
3798,Brisbane
3799,Brisbane
3800,Brisbane
3801,Brisbane
3802,Brisbane
3803,Brisbane
3804,Brisbane
3805,Brisbane
3806,Melbourne
3807,Brisbane
3808,Brisbane
3809,Brisbane
3810,Brisbane
3811,Brisbane
3812,Brisbane
3813,Brisbane
3814,Melbourne
3815,Melbourne
3816,Brisbane
3817,Brisbane
3818,Brisbane
3819,Brisbane
3820,Brisbane
3821,Brisbane
3822,Brisbane
3823,Brisbane
3824,Brisbane
3825,Brisbane
3826,Brisbane
3827,Brisbane
3828,Brisbane
3829,Melbourne
3830,Brisbane
3831,Perth
3832,Brisbane
3833,Brisbane
3834,Brisbane
3835,Brisbane
3836,Brisbane
3837,Brisbane
3838,Brisbane
3839,Perth
3840,Brisbane
3841,Brisbane
3842,Brisbane
3843,Brisbane
3844,Brisbane
3845,Brisbane
3846,Brisbane
3847,Brisbane
3848,Brisbane
3849,Brisbane
3850,Brisbane
3851,Brisbane
3852,Brisbane
3853,Brisbane
3854,Sydney
3855,Brisbane
3856,Brisbane
3857,Brisbane
3858,Brisbane
3859,Brisbane
3860,Brisbane
3861,Brisbane
3862,Brisbane
3863,Brisbane
3864,Brisbane
3865,Perth
3866,Brisbane
3867,Brisbane
3868,Brisbane
3869,Brisbane
3870,Brisbane
3871,Brisbane
3872,Brisbane
3873,Brisbane
3874,Brisbane
3875,Brisbane
3876,Brisbane
3877,Perth
3878,Brisbane
3879,Brisbane
3880,Brisbane
3881,Brisbane
3882,Brisbane
3883,Brisbane
3884,Brisbane
3885,Brisbane
3886,Sydney
3887,Brisbane
3888,Brisbane
3889,Brisbane
3890,Brisbane
3891,Perth
3892,Brisbane
3893,Perth
3894,Brisbane
3895,Brisbane
3896,Brisbane
3897,Brisbane
3898,Brisbane
3899,Brisbane
3900,Brisbane
3901,Perth
3902,Brisbane
3903,Brisbane
3904,Brisbane
3905,Brisbane
3906,Perth
3907,Brisbane
3908,Perth
3909,Sydney
3910,Brisbane
3911,Brisbane
3912,Brisbane
3913,Perth
3914,Brisbane
3915,Brisbane
3916,Brisbane
3917,Brisbane
3918,Brisbane
3919,Brisbane
3920,Brisbane
3921,Brisbane
3922,Brisbane
3923,Brisbane
3924,Brisbane
3925,Brisbane
3926,Melbourne
3927,Brisbane
3928,Brisbane
3929,Brisbane
3930,Brisbane
3931,Brisbane
3932,Brisbane
3933,Sydney
3934,Brisbane
3935,Brisbane
3936,Brisbane
3937,Brisbane
3938,Brisbane
3939,Perth
3940,Brisbane
3941,Brisbane
3942,Brisbane
3943,Brisbane
3944,Brisbane
3945,Brisbane
3946,Brisbane
3947,Brisbane
3948,Brisbane
3949,Brisbane
3950,Brisbane
3951,Brisbane
3952,Brisbane
3953,Brisbane
3954,Sydney
3955,Brisbane
3956,Brisbane
3957,Brisbane
3958,Melbourne
3959,Brisbane
3960,Brisbane
3961,Brisbane
3962,Brisbane
3963,Brisbane
3964,Brisbane
3965,Brisbane
3966,Brisbane
3967,Melbourne
3968,Brisbane
3969,Brisbane
3970,Brisbane
3971,Brisbane
3972,Brisbane
3973,Brisbane
3974,Brisbane
3975,Brisbane
3976,Brisbane
3977,Brisbane
3978,Melbourne
3979,Brisbane
3980,Brisbane
3981,Brisbane
3982,Melbourne
3983,Brisbane
3984,Brisbane
3985,Brisbane
3986,Brisbane
3987,Sydney
3988,Brisbane
3989,Brisbane
3990,Brisbane
3991,Brisbane
3992,Brisbane
3993,Brisbane
3994,Brisbane
3995,Brisbane
3996,Melbourne
3997,Brisbane
3998,Brisbane
3999,Perth
31000,Brisbane
31001,Brisbane
31002,Brisbane
31003,Brisbane
31004,Brisbane
31005,Brisbane
31006,Brisbane
31007,Brisbane
31008,Brisbane
31009,Brisbane
31010,Brisbane
31011,Brisbane
31012,Brisbane
31013,Brisbane
31014,Brisbane
31015,Brisbane
31016,Perth
31017,Brisbane
31018,Sydney
31019,Brisbane
31020,Brisbane
31021,Brisbane
31022,Brisbane
31023,Sydney
31024,Brisbane
31025,Brisbane
31026,Brisbane
31027,Brisbane
31028,Brisbane
31029,Brisbane
31030,Brisbane
31031,Brisbane
31032,Brisbane
31033,Brisbane
31034,Perth
31035,Brisbane
31036,Brisbane
31037,Brisbane
31038,Brisbane
31039,Melbourne
31040,Melbourne
31041,Brisbane
31042,Brisbane
31043,Brisbane
31044,Brisbane
31045,Brisbane
31046,Brisbane
31047,Brisbane
31048,Brisbane
31049,Brisbane
31050,Brisbane
31051,Brisbane
31052,Brisbane
31053,Brisbane
31054,Perth
31055,Melbourne
31056,Brisbane
31057,Brisbane
31058,Brisbane
31059,Brisbane
31060,Brisbane
31061,Brisbane
31062,Brisbane
31063,Brisbane
31064,Sydney
31065,Brisbane
31066,Brisbane
31067,Brisbane
31068,Brisbane
31069,Brisbane
31070,Brisbane
31071,Brisbane
31072,Brisbane
31073,Brisbane
31074,Brisbane
31075,Perth
31076,Melbourne
31077,Brisbane
31078,Brisbane
31079,Brisbane
31080,Brisbane
31081,Brisbane
31082,Melbourne
31083,Brisbane
31084,Brisbane
31085,Perth
31086,Brisbane
31087,Brisbane
31088,Brisbane
31089,Brisbane
31090,Brisbane
31091,Brisbane
31092,Perth
31093,Brisbane
31094,Brisbane
31095,Brisbane
31096,Melbourne
31097,Brisbane
31098,Brisbane
31099,Brisbane
31100,Brisbane
31101,Brisbane
31102,Brisbane
31103,Brisbane
31104,Melbourne
31105,Brisbane
31106,Brisbane
31107,Brisbane
31108,Brisbane
31109,Brisbane
31110,Brisbane
31111,Brisbane
31112,Brisbane
31113,Brisbane
31114,Brisbane
31115,Brisbane
31116,Brisbane
31117,Brisbane
31118,Melbourne
31119,Brisbane
31120,Brisbane
31121,Brisbane
31122,Brisbane
31123,Brisbane
31124,Perth
31125,Brisbane
31126,Brisbane
31127,Brisbane
31128,Brisbane
31129,Brisbane
31130,Brisbane
31131,Brisbane
31132,Melbourne
31133,Brisbane
31134,Melbourne
31135,Brisbane
31136,Brisbane
31137,Brisbane
31138,Brisbane
31139,Brisbane
31140,Brisbane
31141,Brisbane
31142,Brisbane
31143,Brisbane
31144,Brisbane
31145,Brisbane
31146,Brisbane
31147,Brisbane
31148,Brisbane
31149,Brisbane
31150,Brisbane
31151,Brisbane
31152,Brisbane
31153,Brisbane
31154,Brisbane
31155,Brisbane
31156,Perth
31157,Brisbane
31158,Brisbane
31159,Brisbane
31160,Brisbane
31161,Brisbane
31162,Brisbane
31163,Brisbane
31164,Brisbane
31165,Brisbane
31166,Brisbane
31167,Brisbane
31168,Brisbane
31169,Brisbane
31170,Brisbane
31171,Brisbane
31172,Brisbane
31173,Brisbane
31174,Brisbane
31175,Brisbane
31176,Brisbane
31177,Brisbane
31178,Brisbane
31179,Brisbane
31180,Melbourne
31181,Brisbane
31182,Brisbane
31183,Brisbane
31184,Brisbane
31185,Brisbane
31186,Brisbane
31187,Brisbane
31188,Brisbane
31189,Brisbane
31190,Perth
31191,Brisbane
31192,Brisbane
31193,Brisbane
31194,Brisbane
31195,Brisbane
31196,Brisbane
31197,Brisbane
31198,Brisbane
31199,Brisbane
31200,Brisbane
31201,Sydney
31202,Sydney
31203,Brisbane
31204,Brisbane
31205,Brisbane
31206,Brisbane
31207,Brisbane
31208,Brisbane
31209,Brisbane
31210,Brisbane
31211,Brisbane
31212,Brisbane
31213,Brisbane
31214,Brisbane
31215,Brisbane
31216,Brisbane
31217,Brisbane
31218,Brisbane
31219,Brisbane
31220,Brisbane
31221,Brisbane
31222,Brisbane
31223,Melbourne
31224,Brisbane
31225,Brisbane
31226,Brisbane
31227,Brisbane
31228,Brisbane
31229,Brisbane
31230,Brisbane
31231,Brisbane
31232,Brisbane
31233,Brisbane
31234,Brisbane
31235,Brisbane
31236,Brisbane
31237,Brisbane
31238,Brisbane
31239,Brisbane
31240,Brisbane
31241,Brisbane
31242,Brisbane
31243,Brisbane
31244,Brisbane
31245,Brisbane
31246,Brisbane
31247,Brisbane
31248,Brisbane
31249,Brisbane
31250,Brisbane
31251,Brisbane
31252,Brisbane
31253,Brisbane
31254,Brisbane
31255,Brisbane
31256,Brisbane
31257,Brisbane
31258,Brisbane
31259,Brisbane
31260,Brisbane
31261,Brisbane
31262,Brisbane
31263,Brisbane
31264,Brisbane
31265,Brisbane
31266,Brisbane
31267,Brisbane
31268,Brisbane
31269,Brisbane
31270,Brisbane
31271,Brisbane
31272,Brisbane
31273,Perth
31274,Brisbane
31275,Brisbane
31276,Brisbane
31277,Brisbane
31278,Brisbane
31279,Brisbane
31280,Brisbane
31281,Brisbane
31282,Brisbane
31283,Brisbane
31284,Brisbane
31285,Brisbane
31286,Brisbane
31287,Brisbane
31288,Brisbane
31289,Perth
31290,Brisbane
31291,Brisbane
31292,Perth
31293,Brisbane
31294,Brisbane
31295,Brisbane
31296,Brisbane
31297,Brisbane
31298,Brisbane
31299,Brisbane
31300,Perth
31301,Brisbane
31302,Melbourne
31303,Brisbane
31304,Brisbane
31305,Brisbane
31306,Brisbane
31307,Brisbane
31308,Brisbane
31309,Brisbane
31310,Brisbane
31311,Brisbane
31312,Brisbane
31313,Perth
31314,Brisbane
31315,Brisbane
31316,Brisbane
31317,Brisbane
31318,Brisbane
31319,Brisbane
31320,Brisbane
31321,Brisbane
31322,Brisbane
31323,Brisbane
31324,Brisbane
31325,Sydney
31326,Brisbane
31327,Brisbane
31328,Perth
31329,Brisbane
31330,Sydney
31331,Brisbane
31332,Brisbane
31333,Brisbane
31334,Brisbane
31335,Brisbane
31336,Perth
31337,Brisbane
31338,Melbourne
31339,Brisbane
31340,Brisbane
31341,Brisbane
31342,Brisbane
31343,Brisbane
31344,Sydney
31345,Brisbane
31346,Perth
31347,Brisbane
31348,Brisbane
31349,Perth
31350,Brisbane
31351,Brisbane
31352,Brisbane
31353,Brisbane
31354,Brisbane
31355,Brisbane
31356,Brisbane
31357,Brisbane
31358,Brisbane
31359,Brisbane
31360,Brisbane
31361,Perth
31362,Sydney
31363,Brisbane
31364,Brisbane
31365,Brisbane
31366,Sydney
31367,Brisbane
31368,Brisbane
31369,Brisbane
31370,Brisbane
31371,Brisbane
31372,Brisbane
31373,Brisbane
31374,Brisbane
31375,Melbourne
31376,Brisbane
31377,Perth
31378,Brisbane
31379,Brisbane
31380,Brisbane
31381,Brisbane
31382,Brisbane
31383,Brisbane
31384,Brisbane
31385,Brisbane
31386,Brisbane
31387,Brisbane
31388,Perth
31389,Brisbane
31390,Brisbane
31391,Perth
31392,Brisbane
31393,Brisbane
31394,Sydney
31395,Brisbane
31396,Brisbane
31397,Melbourne
31398,Brisbane
31399,Brisbane
31400,Brisbane
31401,Brisbane
31402,Brisbane
31403,Brisbane
31404,Brisbane
31405,Brisbane
31406,Brisbane
31407,Perth
31408,Brisbane
31409,Brisbane
31410,Melbourne
31411,Brisbane
31412,Brisbane
31413,Brisbane
31414,Brisbane
31415,Brisbane
31416,Brisbane
31417,Melbourne
31418,Brisbane
31419,Brisbane
31420,Brisbane
31421,Brisbane
31422,Brisbane
31423,Brisbane
31424,Brisbane
31425,Brisbane
31426,Brisbane
31427,Brisbane
31428,Brisbane
31429,Brisbane
31430,Brisbane
31431,Brisbane
31432,Brisbane
31433,Brisbane
31434,Brisbane
31435,Brisbane
31436,Brisbane
31437,Brisbane
31438,Brisbane
31439,Brisbane
31440,Brisbane
31441,Brisbane
31442,Brisbane
31443,Brisbane
31444,Brisbane
31445,Brisbane
31446,Melbourne
31447,Brisbane
31448,Brisbane
31449,Perth
31450,Brisbane
31451,Brisbane
31452,Brisbane
31453,Melbourne
31454,Brisbane
31455,Melbourne
31456,Brisbane
31457,Brisbane
31458,Brisbane
31459,Brisbane
31460,Brisbane
31461,Brisbane
31462,Brisbane
31463,Brisbane
31464,Brisbane
31465,Sydney
31466,Brisbane
31467,Brisbane
31468,Brisbane
31469,Brisbane
31470,Melbourne
31471,Brisbane
31472,Brisbane
31473,Brisbane
31474,Brisbane
31475,Brisbane
31476,Brisbane
31477,Brisbane
31478,Brisbane
31479,Brisbane
31480,Brisbane
31481,Brisbane
31482,Brisbane
31483,Melbourne
31484,Brisbane
31485,Brisbane
31486,Brisbane
31487,Brisbane
31488,Brisbane
31489,Brisbane
31490,Brisbane
31491,Brisbane
31492,Perth
31493,Melbourne
31494,Brisbane
31495,Brisbane
31496,Brisbane
31497,Brisbane
31498,Brisbane
31499,Brisbane
31500,Brisbane
31501,Brisbane
31502,Brisbane
31503,Brisbane
31504,Brisbane
31505,Brisbane
31506,Brisbane
31507,Brisbane
31508,Brisbane
31509,Brisbane
31510,Brisbane
31511,Melbourne
31512,Brisbane
31513,Brisbane
31514,Sydney
31515,Perth
31516,Sydney
31517,Brisbane
31518,Melbourne
31519,Brisbane
31520,Brisbane
31521,Brisbane
31522,Brisbane
31523,Brisbane
31524,Brisbane
31525,Brisbane
31526,Brisbane
31527,Brisbane
31528,Brisbane
31529,Brisbane
31530,Perth
31531,Brisbane
31532,Brisbane
31533,Brisbane
31534,Melbourne
31535,Brisbane
31536,Brisbane
31537,Sydney
31538,Brisbane
31539,Brisbane
31540,Brisbane
31541,Perth
31542,Brisbane
31543,Brisbane
31544,Brisbane
31545,Perth
31546,Brisbane
31547,Brisbane
31548,Brisbane
31549,Brisbane
31550,Brisbane
31551,Melbourne
31552,Brisbane
31553,Brisbane
31554,Melbourne
31555,Brisbane
31556,Melbourne
31557,Brisbane
31558,Brisbane
31559,Brisbane
31560,Brisbane
31561,Brisbane
31562,Brisbane
31563,Brisbane
31564,Perth
31565,Brisbane
31566,Brisbane
31567,Brisbane
31568,Brisbane
31569,Brisbane
31570,Brisbane
31571,Brisbane
31572,Perth
31573,Brisbane
31574,Brisbane
31575,Brisbane
31576,Brisbane
31577,Brisbane
31578,Brisbane
31579,Brisbane
31580,Melbourne
31581,Brisbane
31582,Brisbane
31583,Brisbane
31584,Brisbane
31585,Brisbane
31586,Brisbane
31587,Brisbane
31588,Brisbane
31589,Brisbane
31590,Brisbane
31591,Brisbane
31592,Sydney
31593,Brisbane
31594,Brisbane
31595,Brisbane
31596,Brisbane
31597,Perth
31598,Brisbane
31599,Sydney
31600,Perth
31601,Brisbane
31602,Brisbane
31603,Brisbane
31604,Brisbane
31605,Brisbane
31606,Brisbane
31607,Melbourne
31608,Brisbane
31609,Brisbane
31610,Melbourne
31611,Brisbane
31612,Brisbane
31613,Brisbane
31614,Brisbane
31615,Brisbane
31616,Brisbane
31617,Brisbane
31618,Brisbane
31619,Brisbane
31620,Brisbane
31621,Brisbane
31622,Brisbane
31623,Brisbane
31624,Melbourne
31625,Brisbane
31626,Brisbane
31627,Brisbane
31628,Melbourne
31629,Brisbane
31630,Brisbane
31631,Brisbane
31632,Brisbane
31633,Melbourne
31634,Perth
31635,Brisbane
31636,Brisbane
31637,Brisbane
31638,Brisbane
31639,Brisbane
31640,Perth
31641,Brisbane
31642,Brisbane
31643,Brisbane
31644,Brisbane
31645,Brisbane
31646,Brisbane
31647,Brisbane
31648,Brisbane
31649,Brisbane
31650,Brisbane
31651,Brisbane
31652,Brisbane
31653,Brisbane
31654,Brisbane
31655,Brisbane
31656,Brisbane
31657,Brisbane
31658,Sydney
31659,Brisbane
31660,Brisbane
31661,Perth
31662,Brisbane
31663,Brisbane
31664,Sydney
31665,Brisbane
31666,Brisbane
31667,Brisbane
31668,Brisbane
31669,Melbourne
31670,Brisbane
31671,Brisbane
31672,Brisbane
31673,Brisbane
31674,Melbourne
31675,Brisbane
31676,Brisbane
31677,Brisbane
31678,Brisbane
31679,Brisbane
31680,Brisbane
31681,Sydney
31682,Brisbane
31683,Brisbane
31684,Brisbane
31685,Melbourne
31686,Brisbane
31687,Melbourne
31688,Brisbane
31689,Brisbane
31690,Brisbane
31691,Brisbane
31692,Brisbane
31693,Brisbane
31694,Brisbane
31695,Brisbane
31696,Melbourne
31697,Brisbane
31698,Brisbane
31699,Brisbane
31700,Brisbane
31701,Brisbane
31702,Brisbane
31703,Brisbane
31704,Brisbane
31705,Perth
31706,Brisbane
31707,Brisbane
31708,Brisbane
31709,Brisbane
31710,Brisbane
31711,Brisbane
31712,Brisbane
31713,Brisbane
31714,Brisbane
31715,Brisbane
31716,Brisbane
31717,Brisbane
31718,Brisbane
31719,Brisbane
31720,Brisbane
31721,Brisbane
31722,Brisbane
31723,Brisbane
31724,Brisbane
31725,Brisbane
31726,Brisbane
31727,Brisbane
31728,Sydney
31729,Brisbane
31730,Brisbane
31731,Brisbane
31732,Brisbane
31733,Brisbane
31734,Brisbane
31735,Brisbane
31736,Brisbane
31737,Brisbane
31738,Melbourne
31739,Brisbane
31740,Brisbane
31741,Brisbane
31742,Brisbane
31743,Brisbane
31744,Brisbane
31745,Brisbane
31746,Brisbane
31747,Brisbane
31748,Brisbane
31749,Brisbane
31750,Perth
31751,Brisbane
31752,Brisbane
31753,Brisbane
31754,Brisbane
31755,Brisbane
31756,Brisbane
31757,Perth
31758,Sydney
31759,Brisbane
31760,Brisbane
31761,Brisbane
31762,Brisbane
31763,Brisbane
31764,Brisbane
31765,Brisbane
31766,Brisbane
31767,Sydney
31768,Brisbane
31769,Brisbane
31770,Brisbane
31771,Brisbane
31772,Brisbane
31773,Brisbane
31774,Melbourne
31775,Brisbane
31776,Brisbane
31777,Brisbane
31778,Brisbane
31779,Brisbane
31780,Brisbane
31781,Brisbane
31782,Brisbane
31783,Brisbane
31784,Brisbane
31785,Brisbane
31786,Perth
31787,Brisbane
31788,Brisbane
31789,Brisbane
31790,Brisbane
31791,Brisbane
31792,Brisbane
31793,Perth
31794,Brisbane
31795,Sydney
31796,Melbourne
31797,Brisbane
31798,Brisbane
31799,Brisbane
31800,Brisbane
31801,Brisbane
31802,Brisbane
31803,Brisbane
31804,Brisbane
31805,Brisbane
31806,Brisbane
31807,Brisbane
31808,Brisbane
31809,Brisbane
31810,Brisbane
31811,Brisbane
31812,Brisbane
31813,Brisbane
31814,Brisbane
31815,Brisbane
31816,Brisbane
31817,Brisbane
31818,Brisbane
31819,Brisbane
31820,Perth
31821,Brisbane
31822,Brisbane
31823,Melbourne
31824,Perth
31825,Brisbane
31826,Brisbane
31827,Brisbane
31828,Brisbane
31829,Brisbane
31830,Sydney
31831,Brisbane
31832,Brisbane
31833,Brisbane
31834,Perth
31835,Sydney
31836,Sydney
31837,Melbourne
31838,Brisbane
31839,Brisbane
31840,Brisbane
31841,Brisbane
31842,Brisbane
31843,Brisbane
31844,Brisbane
31845,Brisbane
31846,Perth
31847,Brisbane
31848,Brisbane
31849,Brisbane
31850,Brisbane
31851,Brisbane
31852,Brisbane
31853,Brisbane
31854,Brisbane
31855,Perth
31856,Brisbane
31857,Brisbane
31858,Brisbane
31859,Perth
31860,Brisbane
31861,Brisbane
31862,Brisbane
31863,Brisbane
31864,Brisbane
31865,Brisbane
31866,Brisbane
31867,Brisbane
31868,Melbourne
31869,Brisbane
31870,Brisbane
31871,Brisbane
31872,Brisbane
31873,Brisbane
31874,Brisbane
31875,Brisbane
31876,Brisbane
31877,Brisbane
31878,Brisbane
31879,Brisbane
31880,Brisbane
31881,Brisbane
31882,Brisbane
31883,Brisbane
31884,Brisbane
31885,Brisbane
31886,Brisbane
31887,Perth
31888,Brisbane
31889,Brisbane
31890,Brisbane
31891,Brisbane
31892,Brisbane
31893,Brisbane
31894,Brisbane
31895,Sydney
31896,Brisbane
31897,Brisbane
31898,Melbourne
31899,Brisbane
31900,Brisbane
31901,Brisbane
31902,Brisbane
31903,Brisbane
31904,Brisbane
31905,Brisbane
31906,Brisbane
31907,Brisbane
31908,Brisbane
31909,Melbourne
31910,Brisbane
31911,Brisbane
31912,Brisbane
31913,Brisbane
31914,Sydney
31915,Melbourne
31916,Brisbane
31917,Brisbane
31918,Brisbane
31919,Brisbane
31920,Brisbane
31921,Brisbane
31922,Melbourne
31923,Brisbane
31924,Brisbane
31925,Brisbane
31926,Sydney
31927,Brisbane
31928,Brisbane
31929,Brisbane
31930,Brisbane
31931,Brisbane
31932,Brisbane
31933,Brisbane
31934,Brisbane
31935,Brisbane
31936,Brisbane
31937,Brisbane
31938,Brisbane
31939,Brisbane
31940,Brisbane
31941,Brisbane
31942,Brisbane
31943,Melbourne
31944,Brisbane
31945,Brisbane
31946,Brisbane
31947,Brisbane
31948,Brisbane
31949,Sydney
31950,Brisbane
31951,Brisbane
31952,Brisbane
31953,Melbourne
31954,Brisbane
31955,Brisbane
31956,Brisbane
31957,Brisbane
31958,Brisbane
31959,Brisbane
31960,Brisbane
31961,Brisbane
31962,Brisbane
31963,Brisbane
31964,Brisbane
31965,Brisbane
31966,Brisbane
31967,Brisbane
31968,Sydney
31969,Brisbane
31970,Brisbane
31971,Brisbane
31972,Sydney
31973,Brisbane
31974,Brisbane
31975,Brisbane
31976,Brisbane
31977,Brisbane
31978,Brisbane
31979,Sydney
31980,Brisbane
31981,Brisbane
31982,Brisbane
31983,Brisbane
31984,Melbourne
31985,Brisbane
31986,Brisbane
31987,Brisbane
31988,Brisbane
31989,Brisbane
31990,Perth
31991,Brisbane
31992,Brisbane
31993,Brisbane
31994,Brisbane
31995,Sydney
31996,Brisbane
31997,Brisbane
31998,Brisbane
31999,Brisbane
32000,Brisbane
32001,Brisbane
32002,Brisbane
32003,Brisbane
32004,Brisbane
32005,Brisbane
32006,Perth
32007,Brisbane
32008,Brisbane
32009,Perth
32010,Brisbane
32011,Brisbane
32012,Brisbane
32013,Brisbane
32014,Perth
32015,Brisbane
32016,Perth
32017,Brisbane
32018,Brisbane
32019,Brisbane
32020,Brisbane
32021,Brisbane
32022,Melbourne
32023,Brisbane
32024,Brisbane
32025,Brisbane
32026,Perth
32027,Brisbane
32028,Melbourne
32029,Brisbane
32030,Brisbane
32031,Brisbane
32032,Brisbane
32033,Brisbane
32034,Brisbane
32035,Brisbane
32036,Melbourne
32037,Brisbane
32038,Melbourne
32039,Brisbane
32040,Brisbane
32041,Brisbane
32042,Brisbane
32043,Brisbane
32044,Brisbane
32045,Brisbane
32046,Brisbane
32047,Brisbane
32048,Brisbane
32049,Brisbane
32050,Brisbane
32051,Perth
32052,Brisbane
32053,Brisbane
32054,Brisbane
32055,Brisbane
32056,Melbourne
32057,Brisbane
32058,Brisbane
32059,Brisbane
32060,Brisbane
32061,Brisbane
32062,Brisbane
32063,Brisbane
32064,Brisbane
32065,Brisbane
32066,Brisbane
32067,Melbourne
32068,Brisbane
32069,Brisbane
32070,Brisbane
32071,Brisbane
32072,Brisbane
32073,Brisbane
32074,Brisbane
32075,Brisbane
32076,Brisbane
32077,Brisbane
32078,Brisbane
32079,Brisbane
32080,Brisbane
32081,Brisbane
32082,Brisbane
32083,Brisbane
32084,Brisbane
32085,Brisbane
32086,Brisbane
32087,Brisbane
32088,Brisbane
32089,Brisbane
32090,Brisbane
32091,Brisbane
32092,Sydney
32093,Brisbane
32094,Brisbane
32095,Brisbane
32096,Brisbane
32097,Sydney
32098,Brisbane
32099,Brisbane
32100,Brisbane
32101,Brisbane
32102,Melbourne
32103,Brisbane
32104,Brisbane
32105,Brisbane
32106,Brisbane
32107,Brisbane
32108,Brisbane
32109,Brisbane
32110,Melbourne
32111,Brisbane
32112,Brisbane
32113,Brisbane
32114,Brisbane
32115,Brisbane
32116,Brisbane
32117,Brisbane
32118,Brisbane
32119,Brisbane
32120,Brisbane
32121,Brisbane
32122,Brisbane
32123,Brisbane
32124,Brisbane
32125,Brisbane
32126,Brisbane
32127,Brisbane
32128,Brisbane
32129,Brisbane
32130,Brisbane
32131,Brisbane
32132,Brisbane
32133,Perth
32134,Brisbane
32135,Brisbane
32136,Brisbane
32137,Brisbane
32138,Sydney
32139,Brisbane
32140,Brisbane
32141,Brisbane
32142,Brisbane
32143,Perth
32144,Brisbane
32145,Brisbane
32146,Melbourne
32147,Brisbane
32148,Brisbane
32149,Brisbane
32150,Brisbane
32151,Brisbane
32152,Brisbane
32153,Brisbane
32154,Brisbane
32155,Brisbane
32156,Brisbane
32157,Brisbane
32158,Brisbane
32159,Brisbane
32160,Brisbane
32161,Brisbane
32162,Brisbane
32163,Brisbane
32164,Brisbane
32165,Brisbane
32166,Melbourne
32167,Perth
32168,Brisbane
32169,Brisbane
32170,Brisbane
32171,Brisbane
32172,Brisbane
32173,Perth
32174,Brisbane
32175,Brisbane
32176,Brisbane
32177,Brisbane
32178,Brisbane
32179,Brisbane
32180,Brisbane
32181,Brisbane
32182,Brisbane
32183,Brisbane
32184,Brisbane
32185,Brisbane
32186,Brisbane
32187,Brisbane
32188,Brisbane
32189,Brisbane
32190,Perth
32191,Brisbane
32192,Brisbane
32193,Brisbane
32194,Melbourne
32195,Brisbane
32196,Brisbane
32197,Perth
32198,Brisbane
32199,Brisbane
32200,Brisbane
32201,Brisbane
32202,Brisbane
32203,Melbourne
32204,Brisbane
32205,Brisbane
32206,Brisbane
32207,Melbourne
32208,Sydney
32209,Brisbane
32210,Brisbane
32211,Sydney
32212,Brisbane
32213,Brisbane
32214,Brisbane
32215,Brisbane
32216,Brisbane
32217,Brisbane
32218,Brisbane
32219,Brisbane
32220,Brisbane
32221,Melbourne
32222,Brisbane
32223,Brisbane
32224,Brisbane
32225,Melbourne
32226,Brisbane
32227,Brisbane
32228,Brisbane
32229,Melbourne
32230,Brisbane
32231,Brisbane
32232,Brisbane
32233,Brisbane
32234,Brisbane
32235,Brisbane
32236,Brisbane
32237,Brisbane
32238,Brisbane
32239,Brisbane
32240,Brisbane
32241,Brisbane
32242,Brisbane
32243,Brisbane
32244,Brisbane
32245,Brisbane
32246,Brisbane
32247,Brisbane
32248,Brisbane
32249,Brisbane
32250,Brisbane
32251,Brisbane
32252,Brisbane
32253,Sydney
32254,Brisbane
32255,Brisbane
32256,Brisbane
32257,Brisbane
32258,Brisbane
32259,Brisbane
32260,Brisbane
32261,Perth
32262,Brisbane
32263,Melbourne
32264,Brisbane
32265,Brisbane
32266,Brisbane
32267,Brisbane
32268,Brisbane
32269,Brisbane
32270,Brisbane
32271,Brisbane
32272,Brisbane
32273,Brisbane
32274,Brisbane
32275,Brisbane
32276,Brisbane
32277,Brisbane
32278,Brisbane
32279,Brisbane
32280,Brisbane
32281,Brisbane
32282,Brisbane
32283,Brisbane
32284,Brisbane
32285,Brisbane
32286,Brisbane
32287,Perth
32288,Brisbane
32289,Brisbane
32290,Brisbane
32291,Brisbane
32292,Brisbane
32293,Brisbane
32294,Brisbane
32295,Brisbane
32296,Brisbane
32297,Brisbane
32298,Brisbane
32299,Brisbane
32300,Brisbane
32301,Brisbane
32302,Brisbane
32303,Brisbane
32304,Brisbane
32305,Brisbane
32306,Brisbane
32307,Brisbane
32308,Brisbane
32309,Perth
32310,Brisbane
32311,Brisbane
32312,Brisbane
32313,Brisbane
32314,Brisbane
32315,Brisbane
32316,Brisbane
32317,Brisbane
32318,Brisbane
32319,Brisbane
32320,Brisbane
32321,Brisbane
32322,Brisbane
32323,Brisbane
32324,Brisbane
32325,Brisbane
32326,Sydney
32327,Brisbane
32328,Brisbane
32329,Brisbane
32330,Brisbane
32331,Brisbane
32332,Brisbane
32333,Brisbane
32334,Brisbane
32335,Sydney
32336,Brisbane
32337,Brisbane
32338,Brisbane
32339,Brisbane
32340,Brisbane
32341,Brisbane
32342,Brisbane
32343,Brisbane
32344,Brisbane
32345,Sydney
32346,Brisbane
32347,Brisbane
32348,Brisbane
32349,Brisbane
32350,Brisbane
32351,Brisbane
32352,Brisbane
32353,Perth
32354,Perth
32355,Brisbane
32356,Brisbane
32357,Perth
32358,Melbourne
32359,Brisbane
32360,Brisbane
32361,Brisbane
32362,Brisbane
32363,Brisbane
32364,Brisbane
32365,Brisbane
32366,Brisbane
32367,Brisbane
32368,Sydney
32369,Brisbane
32370,Brisbane
32371,Brisbane
32372,Perth
32373,Brisbane
32374,Brisbane
32375,Melbourne
32376,Brisbane
32377,Brisbane
32378,Brisbane
32379,Brisbane
32380,Brisbane
32381,Brisbane
32382,Brisbane
32383,Brisbane
32384,Brisbane
32385,Brisbane
32386,Brisbane
32387,Brisbane
32388,Brisbane
32389,Brisbane
32390,Brisbane
32391,Brisbane
32392,Brisbane
32393,Brisbane
32394,Brisbane
32395,Brisbane
32396,Brisbane
32397,Sydney
32398,Brisbane
32399,Brisbane
32400,Brisbane
32401,Brisbane
32402,Brisbane
32403,Brisbane
32404,Melbourne
32405,Brisbane
32406,Brisbane
32407,Brisbane
32408,Brisbane
32409,Brisbane
32410,Brisbane
32411,Melbourne
32412,Brisbane
32413,Brisbane
32414,Brisbane
32415,Brisbane
32416,Brisbane
32417,Brisbane
32418,Brisbane
32419,Brisbane
32420,Sydney
32421,Brisbane
32422,Brisbane
32423,Brisbane
32424,Brisbane
32425,Brisbane
32426,Brisbane
32427,Brisbane
32428,Brisbane
32429,Brisbane
32430,Sydney
32431,Brisbane
32432,Brisbane
32433,Brisbane
32434,Brisbane
32435,Brisbane
32436,Brisbane
32437,Brisbane
32438,Brisbane
32439,Brisbane
32440,Melbourne
32441,Brisbane
32442,Brisbane
32443,Brisbane
32444,Brisbane
32445,Sydney
32446,Brisbane
32447,Brisbane
32448,Brisbane
32449,Brisbane
32450,Melbourne
32451,Brisbane
32452,Brisbane
32453,Brisbane
32454,Brisbane
32455,Brisbane
32456,Brisbane
32457,Brisbane
32458,Brisbane
32459,Brisbane
32460,Brisbane
32461,Perth
32462,Brisbane
32463,Brisbane
32464,Brisbane
32465,Brisbane
32466,Brisbane
32467,Brisbane
32468,Brisbane
32469,Brisbane
32470,Brisbane
32471,Brisbane
32472,Brisbane
32473,Brisbane
32474,Brisbane
32475,Brisbane
32476,Brisbane
32477,Brisbane
32478,Brisbane
32479,Brisbane
32480,Brisbane
32481,Brisbane
32482,Brisbane
32483,Brisbane
32484,Sydney
32485,Brisbane
32486,Brisbane
32487,Sydney
32488,Brisbane
32489,Brisbane
32490,Brisbane
32491,Brisbane
32492,Brisbane
32493,Brisbane
32494,Brisbane
32495,Brisbane
32496,Brisbane
32497,Brisbane
32498,Brisbane
32499,Brisbane
32500,Brisbane
32501,Brisbane
32502,Brisbane
32503,Brisbane
32504,Brisbane
32505,Brisbane
32506,Brisbane
32507,Brisbane
32508,Brisbane
32509,Brisbane
32510,Brisbane
32511,Brisbane
32512,Brisbane
32513,Brisbane
32514,Brisbane
32515,Perth
32516,Brisbane
32517,Brisbane
32518,Brisbane
32519,Brisbane
32520,Brisbane
32521,Brisbane
32522,Brisbane
32523,Brisbane
32524,Perth
32525,Brisbane
32526,Brisbane
32527,Brisbane
32528,Brisbane
32529,Perth
32530,Brisbane
32531,Brisbane
32532,Brisbane
32533,Brisbane
32534,Brisbane
32535,Brisbane
32536,Brisbane
32537,Brisbane
32538,Brisbane
32539,Perth
32540,Brisbane
32541,Brisbane
32542,Brisbane
32543,Brisbane
32544,Brisbane
32545,Brisbane
32546,Brisbane
32547,Melbourne
32548,Brisbane
32549,Brisbane
32550,Brisbane
32551,Brisbane
32552,Brisbane
32553,Brisbane
32554,Brisbane
32555,Brisbane
32556,Brisbane
32557,Sydney
32558,Brisbane
32559,Brisbane
32560,Brisbane
32561,Brisbane
32562,Brisbane
32563,Brisbane
32564,Brisbane
32565,Brisbane
32566,Brisbane
32567,Brisbane
32568,Brisbane
32569,Brisbane
32570,Brisbane
32571,Brisbane
32572,Brisbane
32573,Brisbane
32574,Brisbane
32575,Brisbane
32576,Brisbane
32577,Brisbane
32578,Brisbane
32579,Brisbane
32580,Brisbane
32581,Brisbane
32582,Brisbane
32583,Melbourne
32584,Brisbane
32585,Brisbane
32586,Brisbane
32587,Brisbane
32588,Brisbane
32589,Brisbane
32590,Brisbane
32591,Brisbane
32592,Brisbane
32593,Brisbane
32594,Brisbane
32595,Perth
32596,Brisbane
32597,Brisbane
32598,Brisbane
32599,Brisbane
32600,Brisbane
32601,Brisbane
32602,Brisbane
32603,Melbourne
32604,Brisbane
32605,Perth
32606,Brisbane
32607,Brisbane
32608,Brisbane
32609,Brisbane
32610,Brisbane
32611,Melbourne
32612,Brisbane
32613,Perth
32614,Brisbane
32615,Brisbane
32616,Brisbane
32617,Brisbane
32618,Brisbane
32619,Brisbane
32620,Melbourne
32621,Perth
32622,Perth
32623,Brisbane
32624,Brisbane
32625,Brisbane
32626,Brisbane
32627,Brisbane
32628,Brisbane
32629,Brisbane
32630,Brisbane
32631,Brisbane
32632,Brisbane
32633,Brisbane
32634,Brisbane
32635,Brisbane
32636,Brisbane
32637,Brisbane
32638,Brisbane
32639,Brisbane
32640,Brisbane
32641,Brisbane
32642,Perth
32643,Brisbane
32644,Sydney
32645,Brisbane
32646,Brisbane
32647,Brisbane
32648,Brisbane
32649,Brisbane
32650,Brisbane
32651,Brisbane
32652,Brisbane
32653,Brisbane
32654,Brisbane
32655,Brisbane
32656,Brisbane
32657,Brisbane
32658,Brisbane
32659,Brisbane
32660,Brisbane
32661,Brisbane
32662,Brisbane
32663,Brisbane
32664,Brisbane
32665,Brisbane
32666,Brisbane
32667,Brisbane
32668,Sydney
32669,Brisbane
32670,Brisbane
32671,Brisbane
32672,Melbourne
32673,Brisbane
32674,Brisbane
32675,Perth
32676,Melbourne
32677,Brisbane
32678,Brisbane
32679,Brisbane
32680,Brisbane
32681,Brisbane
32682,Brisbane
32683,Brisbane
32684,Perth
32685,Melbourne
32686,Brisbane
32687,Brisbane
32688,Brisbane
32689,Brisbane
32690,Brisbane
32691,Brisbane
32692,Brisbane
32693,Brisbane
32694,Brisbane
32695,Brisbane
32696,Brisbane
32697,Brisbane
32698,Brisbane
32699,Brisbane
32700,Brisbane
32701,Brisbane
32702,Brisbane
32703,Brisbane
32704,Brisbane
32705,Brisbane
32706,Brisbane
32707,Sydney
32708,Brisbane
32709,Brisbane
32710,Melbourne
32711,Brisbane
32712,Brisbane
32713,Brisbane
32714,Brisbane
32715,Brisbane
32716,Brisbane
32717,Perth
32718,Brisbane
32719,Perth
32720,Brisbane
32721,Brisbane
32722,Brisbane
32723,Brisbane
32724,Brisbane
32725,Perth
32726,Brisbane
32727,Brisbane
32728,Brisbane
32729,Brisbane
32730,Brisbane
32731,Brisbane
32732,Brisbane
32733,Brisbane
32734,Brisbane
32735,Melbourne
32736,Brisbane
32737,Brisbane
32738,Brisbane
32739,Sydney
32740,Brisbane
32741,Brisbane
32742,Brisbane
32743,Brisbane
32744,Brisbane
32745,Brisbane
32746,Brisbane
32747,Brisbane
32748,Brisbane
32749,Perth
32750,Sydney
32751,Brisbane
32752,Brisbane
32753,Brisbane
32754,Melbourne
32755,Brisbane
32756,Brisbane
32757,Brisbane
32758,Brisbane
32759,Perth
32760,Brisbane
32761,Brisbane
32762,Brisbane
32763,Sydney
32764,Sydney
32765,Brisbane
32766,Brisbane
32767,Brisbane
32768,Melbourne
32769,Brisbane
32770,Brisbane
32771,Brisbane
32772,Brisbane
32773,Brisbane
32774,Brisbane
32775,Brisbane
32776,Brisbane
32777,Brisbane
32778,Brisbane
32779,Sydney
32780,Sydney
32781,Brisbane
32782,Brisbane
32783,Brisbane
32784,Brisbane
32785,Brisbane
32786,Sydney
32787,Brisbane
32788,Brisbane
32789,Brisbane
32790,Brisbane
32791,Brisbane
32792,Brisbane
32793,Brisbane
32794,Brisbane
32795,Brisbane
32796,Brisbane
32797,Brisbane
32798,Melbourne
32799,Brisbane
32800,Brisbane
32801,Brisbane
32802,Brisbane
32803,Brisbane
32804,Sydney
32805,Brisbane
32806,Brisbane
32807,Brisbane
32808,Perth
32809,Melbourne
32810,Brisbane
32811,Brisbane
32812,Perth
32813,Brisbane
32814,Brisbane
32815,Brisbane
32816,Brisbane
32817,Brisbane
32818,Brisbane
32819,Melbourne
32820,Brisbane
32821,Brisbane
32822,Brisbane
32823,Brisbane
32824,Brisbane
32825,Brisbane
32826,Brisbane
32827,Brisbane
32828,Brisbane
32829,Perth
32830,Brisbane
32831,Brisbane
32832,Brisbane
32833,Brisbane
32834,Brisbane
32835,Brisbane
32836,Brisbane
32837,Brisbane
32838,Brisbane
32839,Brisbane
32840,Brisbane
32841,Brisbane
32842,Brisbane
32843,Brisbane
32844,Brisbane
32845,Brisbane
32846,Brisbane
32847,Brisbane
32848,Brisbane
32849,Perth
32850,Brisbane
32851,Brisbane
32852,Brisbane
32853,Perth
32854,Brisbane
32855,Brisbane
32856,Brisbane
32857,Brisbane
32858,Brisbane
32859,Brisbane
32860,Brisbane
32861,Melbourne
32862,Brisbane
32863,Brisbane
32864,Brisbane
32865,Brisbane
32866,Brisbane
32867,Brisbane
32868,Brisbane
32869,Brisbane
32870,Melbourne
32871,Brisbane
32872,Melbourne
32873,Brisbane
32874,Brisbane
32875,Perth
32876,Brisbane
32877,Brisbane
32878,Brisbane
32879,Brisbane
32880,Brisbane
32881,Brisbane
32882,Melbourne
32883,Brisbane
32884,Brisbane
32885,Brisbane
32886,Brisbane
32887,Brisbane
32888,Brisbane
32889,Brisbane
32890,Brisbane
32891,Brisbane
32892,Brisbane
32893,Brisbane
32894,Brisbane
32895,Brisbane
32896,Brisbane
32897,Brisbane
32898,Brisbane
32899,Brisbane
32900,Melbourne
32901,Brisbane
32902,Brisbane
32903,Brisbane
32904,Brisbane
32905,Brisbane
32906,Brisbane
32907,Brisbane
32908,Brisbane
32909,Brisbane
32910,Brisbane
32911,Melbourne
32912,Brisbane
32913,Melbourne
32914,Perth
32915,Brisbane
32916,Brisbane
32917,Brisbane
32918,Brisbane
32919,Brisbane
32920,Perth
32921,Brisbane
32922,Brisbane
32923,Brisbane
32924,Melbourne
32925,Brisbane
32926,Brisbane
32927,Brisbane
32928,Brisbane
32929,Brisbane
32930,Brisbane
32931,Brisbane
32932,Brisbane
32933,Brisbane
32934,Brisbane
32935,Brisbane
32936,Brisbane
32937,Brisbane
32938,Brisbane
32939,Brisbane
32940,Brisbane
32941,Brisbane
32942,Perth
32943,Brisbane
32944,Brisbane
32945,Brisbane
32946,Brisbane
32947,Brisbane
32948,Brisbane
32949,Brisbane
32950,Melbourne
32951,Brisbane
32952,Brisbane
32953,Brisbane
32954,Brisbane
32955,Brisbane
32956,Brisbane
32957,Brisbane
32958,Perth
32959,Brisbane
32960,Brisbane
32961,Brisbane
32962,Brisbane
32963,Brisbane
32964,Brisbane
32965,Brisbane
32966,Brisbane
32967,Brisbane
32968,Brisbane
32969,Brisbane
32970,Brisbane
32971,Melbourne
32972,Brisbane
32973,Brisbane
32974,Brisbane
32975,Brisbane
32976,Brisbane
32977,Brisbane
32978,Brisbane
32979,Perth
32980,Melbourne
32981,Brisbane
32982,Brisbane
32983,Brisbane
32984,Brisbane
32985,Brisbane
32986,Sydney
32987,Brisbane
32988,Brisbane
32989,Brisbane
32990,Brisbane
32991,Brisbane
32992,Brisbane
32993,Perth
32994,Brisbane
32995,Brisbane
32996,Brisbane
32997,Brisbane
32998,Brisbane
32999,Melbourne
33000,Brisbane
33001,Brisbane
33002,Brisbane
33003,Brisbane
33004,Brisbane
33005,Brisbane
33006,Brisbane
33007,Brisbane
33008,Brisbane
33009,Brisbane
33010,Brisbane
33011,Brisbane
33012,Brisbane
33013,Brisbane
33014,Brisbane
33015,Brisbane
33016,Brisbane
33017,Brisbane
33018,Brisbane
33019,Brisbane
33020,Brisbane
33021,Brisbane
33022,Melbourne
33023,Brisbane
33024,Brisbane
33025,Brisbane
33026,Brisbane
33027,Brisbane
33028,Brisbane
33029,Brisbane
33030,Brisbane
33031,Brisbane
33032,Brisbane
33033,Brisbane
33034,Brisbane
33035,Brisbane
33036,Brisbane
33037,Brisbane
33038,Brisbane
33039,Perth
33040,Brisbane
33041,Brisbane
33042,Sydney
33043,Brisbane
33044,Brisbane
33045,Brisbane
33046,Brisbane
33047,Brisbane
33048,Brisbane
33049,Perth
33050,Brisbane
33051,Brisbane
33052,Melbourne
33053,Brisbane
33054,Brisbane
33055,Sydney
33056,Brisbane
33057,Brisbane
33058,Perth
33059,Brisbane
33060,Melbourne
33061,Brisbane
33062,Brisbane
33063,Brisbane
33064,Brisbane
33065,Brisbane
33066,Brisbane
33067,Brisbane
33068,Melbourne
33069,Brisbane
33070,Brisbane
33071,Melbourne
33072,Brisbane
33073,Brisbane
33074,Brisbane
33075,Melbourne
33076,Brisbane
33077,Brisbane
33078,Brisbane
33079,Brisbane
33080,Brisbane
33081,Melbourne
33082,Brisbane
33083,Brisbane
33084,Brisbane
33085,Brisbane
33086,Brisbane
33087,Brisbane
33088,Brisbane
33089,Brisbane
33090,Brisbane
33091,Brisbane
33092,Brisbane
33093,Brisbane
33094,Brisbane
33095,Brisbane
33096,Brisbane
33097,Brisbane
33098,Melbourne
33099,Brisbane
33100,Brisbane
33101,Brisbane
33102,Brisbane
33103,Brisbane
33104,Brisbane
33105,Brisbane
33106,Brisbane
33107,Brisbane
33108,Brisbane
33109,Perth
33110,Brisbane
33111,Brisbane
33112,Brisbane
33113,Brisbane
33114,Brisbane
33115,Brisbane
33116,Brisbane
33117,Brisbane
33118,Brisbane
33119,Sydney
33120,Brisbane
33121,Brisbane
33122,Brisbane
33123,Brisbane
33124,Brisbane
33125,Brisbane
33126,Brisbane
33127,Brisbane
33128,Brisbane
33129,Brisbane
33130,Brisbane
33131,Brisbane
33132,Sydney
33133,Brisbane
33134,Brisbane
33135,Brisbane
33136,Brisbane
33137,Brisbane
33138,Brisbane
33139,Brisbane
33140,Brisbane
33141,Brisbane
33142,Brisbane
33143,Brisbane
33144,Brisbane
33145,Brisbane
33146,Brisbane
33147,Brisbane
33148,Brisbane
33149,Brisbane
33150,Brisbane
33151,Brisbane
33152,Brisbane
33153,Brisbane
33154,Brisbane
33155,Brisbane
33156,Brisbane
33157,Brisbane
33158,Melbourne
33159,Brisbane
33160,Brisbane
33161,Brisbane
33162,Brisbane
33163,Brisbane
33164,Perth
33165,Brisbane
33166,Brisbane
33167,Brisbane
33168,Brisbane
33169,Brisbane
33170,Brisbane
33171,Sydney
33172,Sydney
33173,Brisbane
33174,Brisbane
33175,Brisbane
33176,Brisbane
33177,Brisbane
33178,Brisbane
33179,Brisbane
33180,Brisbane
33181,Brisbane
33182,Brisbane
33183,Brisbane
33184,Brisbane
33185,Brisbane
33186,Brisbane
33187,Brisbane
33188,Brisbane
33189,Brisbane
33190,Brisbane
33191,Brisbane
33192,Brisbane
33193,Brisbane
33194,Brisbane
33195,Brisbane
33196,Brisbane
33197,Sydney
33198,Perth
33199,Brisbane
33200,Brisbane
33201,Brisbane
33202,Brisbane
33203,Brisbane
33204,Brisbane
33205,Brisbane
33206,Brisbane
33207,Brisbane
33208,Brisbane
33209,Brisbane
33210,Brisbane
33211,Melbourne
33212,Brisbane
33213,Brisbane
33214,Brisbane
33215,Brisbane
33216,Melbourne
33217,Brisbane
33218,Brisbane
33219,Brisbane
33220,Brisbane
33221,Brisbane
33222,Brisbane
33223,Brisbane
33224,Brisbane
33225,Brisbane
33226,Brisbane
33227,Brisbane
33228,Brisbane
33229,Brisbane
33230,Brisbane
33231,Brisbane
33232,Perth
33233,Brisbane
33234,Brisbane
33235,Brisbane
33236,Brisbane
33237,Brisbane
33238,Brisbane
33239,Brisbane
33240,Brisbane
33241,Sydney
33242,Brisbane
33243,Brisbane
33244,Brisbane
33245,Brisbane
33246,Brisbane
33247,Brisbane
33248,Brisbane
33249,Brisbane
33250,Brisbane
33251,Brisbane
33252,Brisbane
33253,Brisbane
33254,Brisbane
33255,Brisbane
33256,Brisbane
33257,Brisbane
33258,Brisbane
33259,Brisbane
33260,Brisbane
33261,Brisbane
33262,Brisbane
33263,Brisbane
33264,Perth
33265,Brisbane
33266,Brisbane
33267,Brisbane
33268,Sydney
33269,Perth
33270,Brisbane
33271,Brisbane
33272,Perth
33273,Brisbane
33274,Brisbane
33275,Melbourne
33276,Brisbane
33277,Brisbane
33278,Perth
33279,Brisbane
33280,Brisbane
33281,Brisbane
33282,Brisbane
33283,Melbourne
33284,Brisbane
33285,Brisbane
33286,Brisbane
33287,Sydney
33288,Brisbane
33289,Perth
33290,Brisbane
33291,Brisbane
33292,Brisbane
33293,Brisbane
33294,Brisbane
33295,Brisbane
33296,Brisbane
33297,Brisbane
33298,Perth
33299,Brisbane
33300,Brisbane
33301,Brisbane
33302,Brisbane
33303,Brisbane
33304,Brisbane
33305,Brisbane
33306,Brisbane
33307,Brisbane
33308,Brisbane
33309,Brisbane
33310,Brisbane
33311,Brisbane
33312,Brisbane
33313,Brisbane
33314,Brisbane
33315,Melbourne
33316,Brisbane
33317,Brisbane
33318,Brisbane
33319,Melbourne
33320,Brisbane
33321,Brisbane
33322,Brisbane
33323,Brisbane
33324,Brisbane
33325,Brisbane
33326,Brisbane
33327,Brisbane
33328,Brisbane
33329,Brisbane
33330,Brisbane
33331,Brisbane
33332,Brisbane
33333,Brisbane
33334,Brisbane
33335,Brisbane
33336,Brisbane
33337,Brisbane
33338,Brisbane
33339,Perth
33340,Brisbane
33341,Brisbane
33342,Melbourne
33343,Brisbane
33344,Brisbane
33345,Brisbane
33346,Brisbane
33347,Brisbane
33348,Brisbane
33349,Melbourne
33350,Brisbane
33351,Brisbane
33352,Brisbane
33353,Brisbane
33354,Brisbane
33355,Brisbane
33356,Brisbane
33357,Brisbane
33358,Brisbane
33359,Brisbane
33360,Brisbane
33361,Brisbane
33362,Brisbane
33363,Brisbane
33364,Brisbane
33365,Perth
33366,Brisbane
33367,Brisbane
33368,Brisbane
33369,Brisbane
33370,Brisbane
33371,Brisbane
33372,Brisbane
33373,Brisbane
33374,Brisbane
33375,Perth
33376,Brisbane
33377,Brisbane
33378,Brisbane
33379,Brisbane
33380,Brisbane
33381,Brisbane
33382,Brisbane
33383,Brisbane
33384,Brisbane
33385,Sydney
33386,Perth
33387,Brisbane
33388,Brisbane
33389,Melbourne
33390,Brisbane
33391,Brisbane
33392,Brisbane
33393,Brisbane
33394,Brisbane
33395,Brisbane
33396,Brisbane
33397,Brisbane
33398,Brisbane
33399,Brisbane
33400,Brisbane
33401,Brisbane
33402,Brisbane
33403,Brisbane
33404,Brisbane
33405,Brisbane
33406,Brisbane
33407,Brisbane
33408,Brisbane
33409,Brisbane
33410,Brisbane
33411,Brisbane
33412,Brisbane
33413,Brisbane
33414,Brisbane
33415,Brisbane
33416,Brisbane
33417,Brisbane
33418,Brisbane
33419,Brisbane
33420,Brisbane
33421,Brisbane
33422,Brisbane
33423,Brisbane
33424,Brisbane
33425,Brisbane
33426,Brisbane
33427,Brisbane
33428,Brisbane
33429,Brisbane
33430,Perth
33431,Brisbane
33432,Perth
33433,Brisbane
33434,Sydney
33435,Brisbane
33436,Brisbane
33437,Melbourne
33438,Sydney
33439,Brisbane
33440,Brisbane
33441,Brisbane
33442,Brisbane
33443,Brisbane
33444,Brisbane
33445,Brisbane
33446,Brisbane
33447,Brisbane
33448,Brisbane
33449,Brisbane
33450,Brisbane
33451,Brisbane
33452,Brisbane
33453,Brisbane
33454,Brisbane
33455,Brisbane
33456,Perth
33457,Brisbane
33458,Brisbane
33459,Brisbane
33460,Brisbane
33461,Brisbane
33462,Brisbane
33463,Brisbane
33464,Brisbane
33465,Brisbane
33466,Brisbane
33467,Brisbane
33468,Brisbane
33469,Brisbane
33470,Brisbane
33471,Perth
33472,Sydney
33473,Brisbane
33474,Melbourne
33475,Brisbane
33476,Brisbane
33477,Brisbane
33478,Brisbane
33479,Brisbane
33480,Brisbane
33481,Brisbane
33482,Brisbane
33483,Brisbane
33484,Brisbane
33485,Brisbane
33486,Brisbane
33487,Brisbane
33488,Brisbane
33489,Brisbane
33490,Brisbane
33491,Brisbane
33492,Brisbane
33493,Brisbane
33494,Brisbane
33495,Brisbane
33496,Sydney
33497,Sydney
33498,Brisbane
33499,Perth
33500,Brisbane
33501,Brisbane
33502,Brisbane
33503,Brisbane
33504,Brisbane
33505,Brisbane
33506,Brisbane
33507,Brisbane
33508,Melbourne
33509,Brisbane
33510,Brisbane
33511,Brisbane
33512,Brisbane
33513,Perth
33514,Brisbane
33515,Brisbane
33516,Brisbane
33517,Brisbane
33518,Brisbane
33519,Brisbane
33520,Brisbane
33521,Brisbane
33522,Brisbane
33523,Brisbane
33524,Brisbane
33525,Brisbane
33526,Brisbane
33527,Brisbane
33528,Brisbane
33529,Brisbane
33530,Brisbane
33531,Brisbane
33532,Melbourne
33533,Brisbane
33534,Brisbane
33535,Brisbane
33536,Brisbane
33537,Brisbane
33538,Brisbane
33539,Brisbane
33540,Brisbane
33541,Brisbane
33542,Brisbane
33543,Brisbane
33544,Brisbane
33545,Brisbane
33546,Melbourne
33547,Brisbane
33548,Brisbane
33549,Brisbane
33550,Brisbane
33551,Brisbane
33552,Brisbane
33553,Brisbane
33554,Brisbane
33555,Brisbane
33556,Brisbane
33557,Brisbane
33558,Brisbane
33559,Brisbane
33560,Brisbane
33561,Brisbane
33562,Brisbane
33563,Brisbane
33564,Brisbane
33565,Brisbane
33566,Brisbane
33567,Brisbane
33568,Brisbane
33569,Brisbane
33570,Brisbane
33571,Brisbane
33572,Brisbane
33573,Melbourne
33574,Brisbane
33575,Brisbane
33576,Brisbane
33577,Brisbane
33578,Perth
33579,Brisbane
33580,Brisbane
33581,Brisbane
33582,Brisbane
33583,Brisbane
33584,Brisbane
33585,Brisbane
33586,Brisbane
33587,Brisbane
33588,Brisbane
33589,Brisbane
33590,Brisbane
33591,Brisbane
33592,Brisbane
33593,Brisbane
33594,Brisbane
33595,Brisbane
33596,Brisbane
33597,Perth
33598,Brisbane
33599,Brisbane
33600,Brisbane
33601,Brisbane
33602,Brisbane
33603,Sydney
33604,Brisbane
33605,Brisbane
33606,Brisbane
33607,Brisbane
33608,Perth
33609,Brisbane
33610,Brisbane
33611,Brisbane
33612,Brisbane
33613,Brisbane
33614,Brisbane
33615,Brisbane
33616,Brisbane
33617,Brisbane
33618,Brisbane
33619,Brisbane
33620,Brisbane
33621,Brisbane
33622,Brisbane
33623,Brisbane
33624,Brisbane
33625,Perth
33626,Brisbane
33627,Brisbane
33628,Brisbane
33629,Brisbane
33630,Brisbane
33631,Brisbane
33632,Brisbane
33633,Brisbane
33634,Melbourne
33635,Brisbane
33636,Brisbane
33637,Brisbane
33638,Brisbane
33639,Brisbane
33640,Brisbane
33641,Brisbane
33642,Brisbane
33643,Perth
33644,Brisbane
33645,Brisbane
33646,Brisbane
33647,Brisbane
33648,Brisbane
33649,Brisbane
33650,Brisbane
33651,Perth
33652,Brisbane
33653,Brisbane
33654,Brisbane
33655,Brisbane
33656,Brisbane
33657,Brisbane
33658,Brisbane
33659,Brisbane
33660,Brisbane
33661,Brisbane
33662,Sydney
33663,Brisbane
33664,Brisbane
33665,Brisbane
33666,Brisbane
33667,Brisbane
33668,Brisbane
33669,Brisbane
33670,Perth
33671,Brisbane
33672,Brisbane
33673,Brisbane
33674,Brisbane
33675,Brisbane
33676,Melbourne
33677,Brisbane
33678,Brisbane
33679,Perth
33680,Brisbane
33681,Brisbane
33682,Brisbane
33683,Brisbane
33684,Brisbane
33685,Melbourne
33686,Perth
33687,Brisbane
33688,Brisbane
33689,Brisbane
33690,Brisbane
33691,Brisbane
33692,Brisbane
33693,Brisbane
33694,Brisbane
33695,Brisbane
33696,Brisbane
33697,Brisbane
33698,Brisbane
33699,Brisbane
33700,Brisbane
33701,Brisbane
33702,Brisbane
33703,Brisbane
33704,Perth
33705,Sydney
33706,Brisbane
33707,Brisbane
33708,Brisbane
33709,Brisbane
33710,Brisbane
33711,Brisbane
33712,Brisbane
33713,Brisbane
33714,Brisbane
33715,Brisbane
33716,Brisbane
33717,Brisbane
33718,Perth
33719,Brisbane
33720,Brisbane
33721,Brisbane
33722,Brisbane
33723,Brisbane
33724,Brisbane
33725,Perth
33726,Sydney
33727,Brisbane
33728,Brisbane
33729,Brisbane
33730,Brisbane
33731,Melbourne
33732,Brisbane
33733,Brisbane
33734,Sydney
33735,Brisbane
33736,Brisbane
33737,Brisbane
33738,Brisbane
33739,Brisbane
33740,Brisbane
33741,Brisbane
33742,Brisbane
33743,Brisbane
33744,Brisbane
33745,Melbourne
33746,Brisbane
33747,Brisbane
33748,Brisbane
33749,Brisbane
33750,Brisbane
33751,Brisbane
33752,Brisbane
33753,Brisbane
33754,Brisbane
33755,Brisbane
33756,Brisbane
33757,Brisbane
33758,Perth
33759,Brisbane
33760,Brisbane
33761,Sydney
33762,Brisbane
33763,Brisbane
33764,Brisbane
33765,Brisbane
33766,Brisbane
33767,Brisbane
33768,Brisbane
33769,Sydney
33770,Brisbane
33771,Brisbane
33772,Brisbane
33773,Brisbane
33774,Brisbane
33775,Brisbane
33776,Brisbane
33777,Brisbane
33778,Brisbane
33779,Brisbane
33780,Brisbane
33781,Brisbane
33782,Brisbane
33783,Melbourne
33784,Brisbane
33785,Brisbane
33786,Brisbane
33787,Brisbane
33788,Brisbane
33789,Brisbane
33790,Brisbane
33791,Brisbane
33792,Sydney
33793,Brisbane
33794,Brisbane
33795,Brisbane
33796,Brisbane
33797,Sydney
33798,Brisbane
33799,Brisbane
33800,Brisbane
33801,Brisbane
33802,Brisbane
33803,Brisbane
33804,Brisbane
33805,Brisbane
33806,Brisbane
33807,Sydney
33808,Brisbane
33809,Brisbane
33810,Brisbane
33811,Brisbane
33812,Brisbane
33813,Brisbane
33814,Sydney
33815,Brisbane
33816,Brisbane
33817,Brisbane
33818,Brisbane
33819,Brisbane
33820,Perth
33821,Brisbane
33822,Brisbane
33823,Brisbane
33824,Brisbane
33825,Brisbane
33826,Brisbane
33827,Melbourne
33828,Brisbane
33829,Brisbane
33830,Brisbane
33831,Brisbane
33832,Brisbane
33833,Brisbane
33834,Sydney
33835,Brisbane
33836,Brisbane
33837,Brisbane
33838,Brisbane
33839,Brisbane
33840,Brisbane
33841,Brisbane
33842,Brisbane
33843,Brisbane
33844,Brisbane
33845,Brisbane
33846,Brisbane
33847,Brisbane
33848,Brisbane
33849,Brisbane
33850,Brisbane
33851,Brisbane
33852,Brisbane
33853,Brisbane
33854,Melbourne
33855,Brisbane
33856,Brisbane
33857,Sydney
33858,Brisbane
33859,Brisbane
33860,Sydney
33861,Brisbane
33862,Brisbane
33863,Brisbane
33864,Brisbane
33865,Brisbane
33866,Brisbane
33867,Brisbane
33868,Brisbane
33869,Brisbane
33870,Brisbane
33871,Brisbane
33872,Brisbane
33873,Brisbane
33874,Brisbane
33875,Brisbane
33876,Brisbane
33877,Brisbane
33878,Brisbane
33879,Brisbane
33880,Brisbane
33881,Brisbane
33882,Brisbane
33883,Perth
33884,Brisbane
33885,Brisbane
33886,Brisbane
33887,Brisbane
33888,Brisbane
33889,Brisbane
33890,Brisbane
33891,Brisbane
33892,Brisbane
33893,Brisbane
33894,Brisbane
33895,Brisbane
33896,Brisbane
33897,Brisbane
33898,Brisbane
33899,Brisbane
33900,Brisbane
33901,Brisbane
33902,Brisbane
33903,Brisbane
33904,Brisbane
33905,Brisbane
33906,Brisbane
33907,Brisbane
33908,Brisbane
33909,Brisbane
33910,Brisbane
33911,Brisbane
33912,Brisbane
33913,Brisbane
33914,Brisbane
33915,Brisbane
33916,Brisbane
33917,Brisbane
33918,Brisbane
33919,Brisbane
33920,Brisbane
33921,Brisbane
33922,Melbourne
33923,Brisbane
33924,Brisbane
33925,Brisbane
33926,Brisbane
33927,Brisbane
33928,Brisbane
33929,Brisbane
33930,Brisbane
33931,Brisbane
33932,Brisbane
33933,Brisbane
33934,Brisbane
33935,Brisbane
33936,Brisbane
33937,Brisbane
33938,Brisbane
33939,Sydney
33940,Brisbane
33941,Brisbane
33942,Brisbane
33943,Brisbane
33944,Brisbane
33945,Brisbane
33946,Brisbane
33947,Melbourne
33948,Brisbane
33949,Brisbane
33950,Perth
33951,Perth
33952,Brisbane
33953,Brisbane
33954,Brisbane
33955,Brisbane
33956,Brisbane
33957,Brisbane
33958,Brisbane
33959,Brisbane
33960,Brisbane
33961,Brisbane
33962,Brisbane
33963,Melbourne
33964,Brisbane
33965,Brisbane
33966,Brisbane
33967,Brisbane
33968,Brisbane
33969,Brisbane
33970,Brisbane
33971,Brisbane
33972,Brisbane
33973,Brisbane
33974,Melbourne
33975,Brisbane
33976,Brisbane
33977,Brisbane
33978,Brisbane
33979,Brisbane
33980,Melbourne
33981,Brisbane
33982,Brisbane
33983,Brisbane
33984,Brisbane
33985,Brisbane
33986,Brisbane
33987,Brisbane
33988,Brisbane
33989,Brisbane
33990,Brisbane
33991,Brisbane
33992,Brisbane
33993,Brisbane
33994,Brisbane
33995,Brisbane
33996,Brisbane
33997,Brisbane
33998,Brisbane
33999,Brisbane
34000,Brisbane
34001,Brisbane
34002,Brisbane
34003,Brisbane
34004,Brisbane
34005,Brisbane
34006,Melbourne
34007,Brisbane
34008,Brisbane
34009,Brisbane
34010,Perth
34011,Perth
34012,Brisbane
34013,Brisbane
34014,Brisbane
34015,Brisbane
34016,Brisbane
34017,Brisbane
34018,Brisbane
34019,Brisbane
34020,Brisbane
34021,Brisbane
34022,Brisbane
34023,Brisbane
34024,Brisbane
34025,Melbourne
34026,Brisbane
34027,Brisbane
34028,Brisbane
34029,Brisbane
34030,Brisbane
34031,Brisbane
34032,Brisbane
34033,Brisbane
34034,Brisbane
34035,Brisbane
34036,Melbourne
34037,Brisbane
34038,Brisbane
34039,Brisbane
34040,Brisbane
34041,Brisbane
34042,Brisbane
34043,Brisbane
34044,Brisbane
34045,Brisbane
34046,Brisbane
34047,Brisbane
34048,Sydney
34049,Brisbane
34050,Perth
34051,Brisbane
34052,Brisbane
34053,Brisbane
34054,Brisbane
34055,Brisbane
34056,Brisbane
34057,Brisbane
34058,Melbourne
34059,Brisbane
34060,Brisbane
34061,Brisbane
34062,Brisbane
34063,Brisbane
34064,Brisbane
34065,Brisbane
34066,Brisbane
34067,Brisbane
34068,Brisbane
34069,Brisbane
34070,Brisbane
34071,Brisbane
34072,Brisbane
34073,Brisbane
34074,Brisbane
34075,Brisbane
34076,Brisbane
34077,Brisbane
34078,Brisbane
34079,Brisbane
34080,Brisbane
34081,Brisbane
34082,Brisbane
34083,Brisbane
34084,Brisbane
34085,Brisbane
34086,Brisbane
34087,Brisbane
34088,Brisbane
34089,Brisbane
34090,Melbourne
34091,Brisbane
34092,Brisbane
34093,Brisbane
34094,Brisbane
34095,Brisbane
34096,Brisbane
34097,Brisbane
34098,Brisbane
34099,Brisbane
34100,Brisbane
34101,Brisbane
34102,Brisbane
34103,Brisbane
34104,Brisbane
34105,Brisbane
34106,Brisbane
34107,Brisbane
34108,Brisbane
34109,Brisbane
34110,Sydney
34111,Brisbane
34112,Brisbane
34113,Brisbane
34114,Brisbane
34115,Brisbane
34116,Brisbane
34117,Brisbane
34118,Brisbane
34119,Brisbane
34120,Brisbane
34121,Melbourne
34122,Perth
34123,Brisbane
34124,Brisbane
34125,Brisbane
34126,Brisbane
34127,Brisbane
34128,Brisbane
34129,Brisbane
34130,Brisbane
34131,Brisbane
34132,Brisbane
34133,Brisbane
34134,Brisbane
34135,Brisbane
34136,Brisbane
34137,Brisbane
34138,Brisbane
34139,Melbourne
34140,Brisbane
34141,Brisbane
34142,Brisbane
34143,Brisbane
34144,Brisbane
34145,Brisbane
34146,Brisbane
34147,Brisbane
34148,Sydney
34149,Brisbane
34150,Brisbane
34151,Brisbane
34152,Brisbane
34153,Brisbane
34154,Brisbane
34155,Brisbane
34156,Brisbane
34157,Brisbane
34158,Brisbane
34159,Brisbane
34160,Brisbane
34161,Perth
34162,Brisbane
34163,Brisbane
34164,Brisbane
34165,Brisbane
34166,Brisbane
34167,Brisbane
34168,Brisbane
34169,Brisbane
34170,Brisbane
34171,Brisbane
34172,Brisbane
34173,Brisbane
34174,Sydney
34175,Brisbane
34176,Brisbane
34177,Brisbane
34178,Brisbane
34179,Brisbane
34180,Brisbane
34181,Brisbane
34182,Sydney
34183,Brisbane
34184,Brisbane
34185,Brisbane
34186,Brisbane
34187,Brisbane
34188,Brisbane
34189,Brisbane
34190,Sydney
34191,Brisbane
34192,Brisbane
34193,Brisbane
34194,Brisbane
34195,Brisbane
34196,Brisbane
34197,Brisbane
34198,Brisbane
34199,Brisbane
34200,Brisbane
34201,Brisbane
34202,Brisbane
34203,Brisbane
34204,Brisbane
34205,Brisbane
34206,Brisbane
34207,Brisbane
34208,Brisbane
34209,Brisbane
34210,Brisbane
34211,Brisbane
34212,Brisbane
34213,Brisbane
34214,Sydney
34215,Brisbane
34216,Brisbane
34217,Brisbane
34218,Brisbane
34219,Brisbane
34220,Brisbane
34221,Brisbane
34222,Brisbane
34223,Brisbane
34224,Brisbane
34225,Brisbane
34226,Brisbane
34227,Brisbane
34228,Brisbane
34229,Brisbane
34230,Brisbane
34231,Brisbane
34232,Brisbane
34233,Brisbane
34234,Brisbane
34235,Brisbane
34236,Brisbane
34237,Brisbane
34238,Brisbane
34239,Brisbane
34240,Melbourne
34241,Brisbane
34242,Brisbane
34243,Brisbane
34244,Brisbane
34245,Brisbane
34246,Brisbane
34247,Brisbane
34248,Perth
34249,Brisbane
34250,Brisbane
34251,Brisbane
34252,Melbourne
34253,Brisbane
34254,Brisbane
34255,Brisbane
34256,Brisbane
34257,Brisbane
34258,Brisbane
34259,Brisbane
34260,Brisbane
34261,Brisbane
34262,Brisbane
34263,Brisbane
34264,Brisbane
34265,Brisbane
34266,Brisbane
34267,Brisbane
34268,Brisbane
34269,Brisbane
34270,Brisbane
34271,Sydney
34272,Brisbane
34273,Brisbane
34274,Brisbane
34275,Brisbane
34276,Brisbane
34277,Brisbane
34278,Brisbane
34279,Brisbane
34280,Brisbane
34281,Brisbane
34282,Brisbane
34283,Brisbane
34284,Brisbane
34285,Brisbane
34286,Sydney
34287,Brisbane
34288,Melbourne
34289,Brisbane
34290,Brisbane
34291,Brisbane
34292,Brisbane
34293,Brisbane
34294,Brisbane
34295,Brisbane
34296,Brisbane
34297,Melbourne
34298,Brisbane
34299,Brisbane
34300,Brisbane
34301,Brisbane
34302,Perth
34303,Brisbane
34304,Brisbane
34305,Brisbane
34306,Brisbane
34307,Brisbane
34308,Brisbane
34309,Melbourne
34310,Brisbane
34311,Brisbane
34312,Brisbane
34313,Brisbane
34314,Brisbane
34315,Perth
34316,Brisbane
34317,Brisbane
34318,Brisbane
34319,Brisbane
34320,Brisbane
34321,Brisbane
34322,Brisbane
34323,Brisbane
34324,Brisbane
34325,Perth
34326,Brisbane
34327,Brisbane
34328,Brisbane
34329,Brisbane
34330,Brisbane
34331,Brisbane
34332,Brisbane
34333,Brisbane
34334,Brisbane
34335,Brisbane
34336,Brisbane
34337,Brisbane
34338,Brisbane
34339,Melbourne
34340,Melbourne
34341,Brisbane
34342,Brisbane
34343,Brisbane
34344,Brisbane
34345,Sydney
34346,Brisbane
34347,Brisbane
34348,Brisbane
34349,Brisbane
34350,Perth
34351,Brisbane
34352,Sydney
34353,Brisbane
34354,Melbourne
34355,Melbourne
34356,Brisbane
34357,Brisbane
34358,Brisbane
34359,Brisbane
34360,Brisbane
34361,Brisbane
34362,Brisbane
34363,Brisbane
34364,Brisbane
34365,Brisbane
34366,Brisbane
34367,Brisbane
34368,Brisbane
34369,Brisbane
34370,Brisbane
34371,Brisbane
34372,Brisbane
34373,Brisbane
34374,Brisbane
34375,Brisbane
34376,Brisbane
34377,Melbourne
34378,Brisbane
34379,Brisbane
34380,Melbourne
34381,Brisbane
34382,Brisbane
34383,Brisbane
34384,Brisbane
34385,Brisbane
34386,Brisbane
34387,Brisbane
34388,Brisbane
34389,Brisbane
34390,Brisbane
34391,Brisbane
34392,Brisbane
34393,Brisbane
34394,Brisbane
34395,Brisbane
34396,Brisbane
34397,Brisbane
34398,Brisbane
34399,Brisbane
34400,Brisbane
34401,Brisbane
34402,Brisbane
34403,Brisbane
34404,Brisbane
34405,Brisbane
34406,Brisbane
34407,Brisbane
34408,Brisbane
34409,Brisbane
34410,Melbourne
34411,Brisbane
34412,Brisbane
34413,Brisbane
34414,Brisbane
34415,Brisbane
34416,Brisbane
34417,Perth
34418,Brisbane
34419,Brisbane
34420,Brisbane
34421,Brisbane
34422,Brisbane
34423,Brisbane
34424,Brisbane
34425,Brisbane
34426,Brisbane
34427,Brisbane
34428,Brisbane
34429,Brisbane
34430,Perth
34431,Brisbane
34432,Brisbane
34433,Brisbane
34434,Brisbane
34435,Brisbane
34436,Brisbane
34437,Brisbane
34438,Brisbane
34439,Melbourne
34440,Brisbane
34441,Brisbane
34442,Sydney
34443,Melbourne
34444,Brisbane
34445,Brisbane
34446,Brisbane
34447,Brisbane
34448,Brisbane
34449,Brisbane
34450,Melbourne
34451,Brisbane
34452,Brisbane
34453,Brisbane
34454,Brisbane
34455,Brisbane
34456,Melbourne
34457,Brisbane
34458,Brisbane
34459,Brisbane
34460,Brisbane
34461,Brisbane
34462,Brisbane
34463,Brisbane
34464,Brisbane
34465,Brisbane
34466,Brisbane
34467,Brisbane
34468,Brisbane
34469,Brisbane
34470,Brisbane
34471,Brisbane
34472,Brisbane
34473,Brisbane
34474,Perth
34475,Brisbane
34476,Melbourne
34477,Brisbane
34478,Sydney
34479,Brisbane
34480,Brisbane
34481,Brisbane
34482,Brisbane
34483,Brisbane
34484,Perth
34485,Brisbane
34486,Sydney
34487,Brisbane
34488,Brisbane
34489,Melbourne
34490,Sydney
34491,Melbourne
34492,Perth
34493,Brisbane
34494,Brisbane
34495,Brisbane
34496,Brisbane
34497,Brisbane
34498,Brisbane
34499,Brisbane
34500,Brisbane
34501,Brisbane
34502,Brisbane
34503,Brisbane
34504,Brisbane
34505,Brisbane
34506,Brisbane
34507,Melbourne
34508,Brisbane
34509,Brisbane
34510,Brisbane
34511,Brisbane
34512,Brisbane
34513,Brisbane
34514,Brisbane
34515,Brisbane
34516,Brisbane
34517,Brisbane
34518,Brisbane
34519,Brisbane
34520,Perth
34521,Melbourne
34522,Brisbane
34523,Brisbane
34524,Brisbane
34525,Brisbane
34526,Brisbane
34527,Brisbane
34528,Brisbane
34529,Brisbane
34530,Brisbane
34531,Brisbane
34532,Brisbane
34533,Brisbane
34534,Brisbane
34535,Brisbane
34536,Brisbane
34537,Brisbane
34538,Perth
34539,Brisbane
34540,Sydney
34541,Sydney
34542,Sydney
34543,Brisbane
34544,Sydney
34545,Perth
34546,Sydney
34547,Brisbane
34548,Brisbane
34549,Brisbane
34550,Brisbane
34551,Brisbane
34552,Brisbane
34553,Brisbane
34554,Brisbane
34555,Brisbane
34556,Brisbane
34557,Sydney
34558,Brisbane
34559,Brisbane
34560,Brisbane
34561,Brisbane
34562,Brisbane
34563,Sydney
34564,Brisbane
34565,Brisbane
34566,Brisbane
34567,Brisbane
34568,Brisbane
34569,Perth
34570,Brisbane
34571,Brisbane
34572,Brisbane
34573,Melbourne
34574,Brisbane
34575,Brisbane
34576,Perth
34577,Brisbane
34578,Brisbane
34579,Brisbane
34580,Brisbane
34581,Perth
34582,Melbourne
34583,Melbourne
34584,Brisbane
34585,Brisbane
34586,Perth
34587,Melbourne
34588,Brisbane
34589,Brisbane
34590,Perth
34591,Brisbane
34592,Brisbane
34593,Brisbane
34594,Brisbane
34595,Brisbane
34596,Brisbane
34597,Brisbane
34598,Brisbane
34599,Brisbane
34600,Brisbane
34601,Brisbane
34602,Brisbane
34603,Brisbane
34604,Brisbane
34605,Brisbane
34606,Brisbane
34607,Brisbane
34608,Brisbane
34609,Brisbane
34610,Brisbane
34611,Brisbane
34612,Brisbane
34613,Brisbane
34614,Brisbane
34615,Brisbane
34616,Brisbane
34617,Brisbane
34618,Brisbane
34619,Brisbane
34620,Brisbane
34621,Brisbane
34622,Brisbane
34623,Brisbane
34624,Brisbane
34625,Brisbane
34626,Sydney
34627,Melbourne
34628,Brisbane
34629,Brisbane
34630,Brisbane
34631,Brisbane
34632,Brisbane
34633,Brisbane
34634,Brisbane
34635,Perth
34636,Brisbane
34637,Brisbane
34638,Brisbane
34639,Brisbane
34640,Perth
34641,Brisbane
34642,Brisbane
34643,Brisbane
34644,Brisbane
34645,Brisbane
34646,Brisbane
34647,Brisbane
34648,Brisbane
34649,Brisbane
34650,Brisbane
34651,Brisbane
34652,Brisbane
34653,Brisbane
34654,Brisbane
34655,Brisbane
34656,Brisbane
34657,Brisbane
34658,Brisbane
34659,Sydney
34660,Brisbane
34661,Perth
34662,Brisbane
34663,Brisbane
34664,Brisbane
34665,Brisbane
34666,Brisbane
34667,Perth
34668,Brisbane
34669,Brisbane
34670,Brisbane
34671,Brisbane
34672,Brisbane
34673,Melbourne
34674,Brisbane
34675,Brisbane
34676,Brisbane
34677,Brisbane
34678,Perth
34679,Brisbane
34680,Brisbane
34681,Brisbane
34682,Perth
34683,Brisbane
34684,Brisbane
34685,Brisbane
34686,Perth
34687,Brisbane
34688,Brisbane
34689,Sydney
34690,Brisbane
34691,Brisbane
34692,Sydney
34693,Sydney
34694,Brisbane
34695,Brisbane
34696,Brisbane
34697,Brisbane
34698,Brisbane
34699,Brisbane
34700,Melbourne
34701,Brisbane
34702,Brisbane
34703,Melbourne
34704,Brisbane
34705,Brisbane
34706,Brisbane
34707,Melbourne
34708,Brisbane
34709,Brisbane
34710,Brisbane
34711,Brisbane
34712,Melbourne
34713,Brisbane
34714,Brisbane
34715,Brisbane
34716,Sydney
34717,Brisbane
34718,Brisbane
34719,Brisbane
34720,Brisbane
34721,Melbourne
34722,Brisbane
34723,Brisbane
34724,Brisbane
34725,Melbourne
34726,Brisbane
34727,Sydney
34728,Brisbane
34729,Brisbane
34730,Brisbane
34731,Brisbane
34732,Brisbane
34733,Brisbane
34734,Sydney
34735,Brisbane
34736,Brisbane
34737,Brisbane
34738,Brisbane
34739,Brisbane
34740,Brisbane
34741,Brisbane
34742,Brisbane
34743,Brisbane
34744,Brisbane
34745,Brisbane
34746,Brisbane
34747,Brisbane
34748,Melbourne
34749,Brisbane
34750,Brisbane
34751,Brisbane
34752,Brisbane
34753,Brisbane
34754,Brisbane
34755,Brisbane
34756,Brisbane
34757,Sydney
34758,Brisbane
34759,Brisbane
34760,Brisbane
34761,Brisbane
34762,Brisbane
34763,Brisbane
34764,Brisbane
34765,Brisbane
34766,Brisbane
34767,Brisbane
34768,Brisbane
34769,Brisbane
34770,Brisbane
34771,Brisbane
34772,Melbourne
34773,Perth
34774,Brisbane
34775,Brisbane
34776,Brisbane
34777,Brisbane
34778,Brisbane
34779,Brisbane
34780,Perth
34781,Brisbane
34782,Brisbane
34783,Brisbane
34784,Brisbane
34785,Brisbane
34786,Brisbane
34787,Brisbane
34788,Brisbane
34789,Brisbane
34790,Brisbane
34791,Perth
34792,Brisbane
34793,Brisbane
34794,Brisbane
34795,Brisbane
34796,Brisbane
34797,Brisbane
34798,Brisbane
34799,Brisbane
34800,Brisbane
34801,Brisbane
34802,Brisbane
34803,Brisbane
34804,Melbourne
34805,Brisbane
34806,Brisbane
34807,Brisbane
34808,Brisbane
34809,Brisbane
34810,Brisbane
34811,Brisbane
34812,Brisbane
34813,Brisbane
34814,Brisbane
34815,Brisbane
34816,Brisbane
34817,Brisbane
34818,Brisbane
34819,Brisbane
34820,Brisbane
34821,Brisbane
34822,Brisbane
34823,Brisbane
34824,Brisbane
34825,Brisbane
34826,Brisbane
34827,Brisbane
34828,Brisbane
34829,Brisbane
34830,Brisbane
34831,Brisbane
34832,Brisbane
34833,Brisbane
34834,Sydney
34835,Brisbane
34836,Brisbane
34837,Brisbane
34838,Perth
34839,Brisbane
34840,Brisbane
34841,Brisbane
34842,Brisbane
34843,Brisbane
34844,Brisbane
34845,Brisbane
34846,Brisbane
34847,Brisbane
34848,Brisbane
34849,Brisbane
34850,Brisbane
34851,Brisbane
34852,Brisbane
34853,Brisbane
34854,Brisbane
34855,Brisbane
34856,Melbourne
34857,Brisbane
34858,Brisbane
34859,Brisbane
34860,Brisbane
34861,Brisbane
34862,Brisbane
34863,Brisbane
34864,Brisbane
34865,Brisbane
34866,Brisbane
34867,Brisbane
34868,Melbourne
34869,Brisbane
34870,Brisbane
34871,Brisbane
34872,Brisbane
34873,Brisbane
34874,Brisbane
34875,Brisbane
34876,Brisbane
34877,Brisbane
34878,Brisbane
34879,Brisbane
34880,Brisbane
34881,Brisbane
34882,Brisbane
34883,Brisbane
34884,Brisbane
34885,Brisbane
34886,Brisbane
34887,Brisbane
34888,Brisbane
34889,Brisbane
34890,Brisbane
34891,Brisbane
34892,Brisbane
34893,Brisbane
34894,Brisbane
34895,Brisbane
34896,Brisbane
34897,Melbourne
34898,Melbourne
34899,Brisbane
34900,Brisbane
34901,Brisbane
34902,Brisbane
34903,Brisbane
34904,Sydney
34905,Brisbane
34906,Brisbane
34907,Melbourne
34908,Sydney
34909,Brisbane
34910,Brisbane
34911,Brisbane
34912,Brisbane
34913,Brisbane
34914,Brisbane
34915,Brisbane
34916,Brisbane
34917,Brisbane
34918,Brisbane
34919,Brisbane
34920,Brisbane
34921,Brisbane
34922,Brisbane
34923,Brisbane
34924,Brisbane
34925,Brisbane
34926,Brisbane
34927,Brisbane
34928,Melbourne
34929,Brisbane
34930,Perth
34931,Brisbane
34932,Brisbane
34933,Brisbane
34934,Brisbane
34935,Brisbane
34936,Brisbane
34937,Brisbane
34938,Brisbane
34939,Brisbane
34940,Sydney
34941,Brisbane
34942,Brisbane
34943,Brisbane
34944,Brisbane
34945,Brisbane
34946,Brisbane
34947,Brisbane
34948,Brisbane
34949,Melbourne
34950,Brisbane
34951,Brisbane
34952,Brisbane
34953,Brisbane
34954,Brisbane
34955,Brisbane
34956,Brisbane
34957,Brisbane
34958,Sydney
34959,Brisbane
34960,Brisbane
34961,Melbourne
34962,Brisbane
34963,Brisbane
34964,Brisbane
34965,Brisbane
34966,Brisbane
34967,Brisbane
34968,Brisbane
34969,Brisbane
34970,Brisbane
34971,Brisbane
34972,Brisbane
34973,Brisbane
34974,Brisbane
34975,Brisbane
34976,Brisbane
34977,Brisbane
34978,Brisbane
34979,Brisbane
34980,Brisbane
34981,Brisbane
34982,Brisbane
34983,Brisbane
34984,Brisbane
34985,Brisbane
34986,Brisbane
34987,Brisbane
34988,Brisbane
34989,Brisbane
34990,Brisbane
34991,Brisbane
34992,Brisbane
34993,Brisbane
34994,Brisbane
34995,Brisbane
34996,Perth
34997,Brisbane
34998,Brisbane
34999,Brisbane
35000,Brisbane
35001,Brisbane
35002,Brisbane
35003,Brisbane
35004,Brisbane
35005,Brisbane
35006,Melbourne
35007,Brisbane
35008,Brisbane
35009,Brisbane
35010,Brisbane
35011,Perth
35012,Brisbane
35013,Brisbane
35014,Brisbane
35015,Brisbane
35016,Brisbane
35017,Brisbane
35018,Brisbane
35019,Brisbane
35020,Brisbane
35021,Brisbane
35022,Brisbane
35023,Brisbane
35024,Brisbane
35025,Brisbane
35026,Brisbane
35027,Brisbane
35028,Brisbane
35029,Brisbane
35030,Perth
35031,Brisbane
35032,Brisbane
35033,Brisbane
35034,Brisbane
35035,Brisbane
35036,Brisbane
35037,Brisbane
35038,Brisbane
35039,Brisbane
35040,Brisbane
35041,Brisbane
35042,Brisbane
35043,Sydney
35044,Melbourne
35045,Brisbane
35046,Brisbane
35047,Brisbane
35048,Brisbane
35049,Brisbane
35050,Brisbane
35051,Brisbane
35052,Brisbane
35053,Brisbane
35054,Brisbane
35055,Brisbane
35056,Brisbane
35057,Brisbane
35058,Brisbane
35059,Brisbane
35060,Brisbane
35061,Brisbane
35062,Perth
35063,Brisbane
35064,Brisbane
35065,Sydney
35066,Brisbane
35067,Brisbane
35068,Brisbane
35069,Brisbane
35070,Brisbane
35071,Brisbane
35072,Brisbane
35073,Brisbane
35074,Melbourne
35075,Perth
35076,Brisbane
35077,Brisbane
35078,Brisbane
35079,Brisbane
35080,Brisbane
35081,Brisbane
35082,Brisbane
35083,Brisbane
35084,Perth
35085,Melbourne
35086,Brisbane
35087,Brisbane
35088,Brisbane
35089,Brisbane
35090,Brisbane
35091,Brisbane
35092,Perth
35093,Brisbane
35094,Brisbane
35095,Brisbane
35096,Brisbane
35097,Brisbane
35098,Brisbane
35099,Brisbane
35100,Brisbane
35101,Brisbane
35102,Sydney
35103,Brisbane
35104,Perth
35105,Brisbane
35106,Brisbane
35107,Brisbane
35108,Brisbane
35109,Brisbane
35110,Brisbane
35111,Brisbane
35112,Melbourne
35113,Brisbane
35114,Brisbane
35115,Brisbane
35116,Brisbane
35117,Brisbane
35118,Melbourne
35119,Brisbane
35120,Brisbane
35121,Brisbane
35122,Brisbane
35123,Perth
35124,Perth
35125,Melbourne
35126,Brisbane
35127,Brisbane
35128,Brisbane
35129,Brisbane
35130,Brisbane
35131,Brisbane
35132,Brisbane
35133,Brisbane
35134,Brisbane
35135,Brisbane
35136,Melbourne
35137,Brisbane
35138,Brisbane
35139,Brisbane
35140,Brisbane
35141,Brisbane
35142,Brisbane
35143,Brisbane
35144,Brisbane
35145,Brisbane
35146,Brisbane
35147,Brisbane
35148,Brisbane
35149,Perth
35150,Brisbane
35151,Brisbane
35152,Brisbane
35153,Brisbane
35154,Brisbane
35155,Brisbane
35156,Brisbane
35157,Brisbane
35158,Brisbane
35159,Perth
35160,Brisbane
35161,Brisbane
35162,Melbourne
35163,Brisbane
35164,Brisbane
35165,Brisbane
35166,Sydney
35167,Brisbane
35168,Brisbane
35169,Brisbane
35170,Brisbane
35171,Brisbane
35172,Brisbane
35173,Brisbane
35174,Brisbane
35175,Brisbane
35176,Perth
35177,Perth
35178,Brisbane
35179,Brisbane
35180,Brisbane
35181,Brisbane
35182,Brisbane
35183,Brisbane
35184,Brisbane
35185,Brisbane
35186,Brisbane
35187,Brisbane
35188,Brisbane
35189,Brisbane
35190,Brisbane
35191,Brisbane
35192,Brisbane
35193,Brisbane
35194,Brisbane
35195,Brisbane
35196,Brisbane
35197,Brisbane
35198,Brisbane
35199,Brisbane
35200,Brisbane
35201,Brisbane
35202,Brisbane
35203,Brisbane
35204,Brisbane
35205,Brisbane
35206,Brisbane
35207,Brisbane
35208,Brisbane
35209,Brisbane
35210,Brisbane
35211,Perth
35212,Brisbane
35213,Brisbane
35214,Brisbane
35215,Brisbane
35216,Brisbane
35217,Brisbane
35218,Brisbane
35219,Brisbane
35220,Brisbane
35221,Brisbane
35222,Brisbane
35223,Perth
35224,Brisbane
35225,Brisbane
35226,Melbourne
35227,Brisbane
35228,Brisbane
35229,Brisbane
35230,Brisbane
35231,Perth
35232,Brisbane
35233,Brisbane
35234,Melbourne
35235,Brisbane
35236,Brisbane
35237,Brisbane
35238,Brisbane
35239,Brisbane
35240,Brisbane
35241,Brisbane
35242,Brisbane
35243,Brisbane
35244,Brisbane
35245,Brisbane
35246,Brisbane
35247,Brisbane
35248,Brisbane
35249,Brisbane
35250,Brisbane
35251,Brisbane
35252,Brisbane
35253,Brisbane
35254,Brisbane
35255,Brisbane
35256,Brisbane
35257,Brisbane
35258,Brisbane
35259,Brisbane
35260,Sydney
35261,Brisbane
35262,Melbourne
35263,Perth
35264,Brisbane
35265,Brisbane
35266,Brisbane
35267,Brisbane
35268,Brisbane
35269,Brisbane
35270,Brisbane
35271,Brisbane
35272,Perth
35273,Brisbane
35274,Brisbane
35275,Brisbane
35276,Brisbane
35277,Brisbane
35278,Brisbane
35279,Brisbane
35280,Brisbane
35281,Brisbane
35282,Brisbane
35283,Brisbane
35284,Brisbane
35285,Brisbane
35286,Brisbane
35287,Brisbane
35288,Brisbane
35289,Brisbane
35290,Brisbane
35291,Brisbane
35292,Brisbane
35293,Brisbane
35294,Brisbane
35295,Perth
35296,Brisbane
35297,Brisbane
35298,Perth
35299,Brisbane
35300,Brisbane
35301,Sydney
35302,Brisbane
35303,Sydney
35304,Brisbane
35305,Brisbane
35306,Brisbane
35307,Brisbane
35308,Brisbane
35309,Brisbane
35310,Perth
35311,Brisbane
35312,Melbourne
35313,Brisbane
35314,Brisbane
35315,Brisbane
35316,Sydney
35317,Brisbane
35318,Brisbane
35319,Brisbane
35320,Brisbane
35321,Brisbane
35322,Brisbane
35323,Brisbane
35324,Brisbane
35325,Brisbane
35326,Brisbane
35327,Brisbane
35328,Brisbane
35329,Brisbane
35330,Brisbane
35331,Brisbane
35332,Brisbane
35333,Brisbane
35334,Brisbane
35335,Brisbane
35336,Brisbane
35337,Sydney
35338,Brisbane
35339,Brisbane
35340,Sydney
35341,Brisbane
35342,Brisbane
35343,Brisbane
35344,Brisbane
35345,Brisbane
35346,Brisbane
35347,Brisbane
35348,Brisbane
35349,Brisbane
35350,Brisbane
35351,Brisbane
35352,Brisbane
35353,Brisbane
35354,Brisbane
35355,Brisbane
35356,Sydney
35357,Brisbane
35358,Perth
35359,Brisbane
35360,Brisbane
35361,Brisbane
35362,Brisbane
35363,Brisbane
35364,Brisbane
35365,Brisbane
35366,Brisbane
35367,Brisbane
35368,Brisbane
35369,Brisbane
35370,Brisbane
35371,Brisbane
35372,Brisbane
35373,Brisbane
35374,Brisbane
35375,Brisbane
35376,Brisbane
35377,Sydney
35378,Brisbane
35379,Brisbane
35380,Melbourne
35381,Brisbane
35382,Brisbane
35383,Brisbane
35384,Brisbane
35385,Brisbane
35386,Brisbane
35387,Brisbane
35388,Brisbane
35389,Melbourne
35390,Brisbane
35391,Brisbane
35392,Brisbane
35393,Brisbane
35394,Brisbane
35395,Brisbane
35396,Brisbane
35397,Brisbane
35398,Brisbane
35399,Perth
35400,Brisbane
35401,Brisbane
35402,Brisbane
35403,Brisbane
35404,Brisbane
35405,Brisbane
35406,Brisbane
35407,Brisbane
35408,Brisbane
35409,Brisbane
35410,Brisbane
35411,Brisbane
35412,Brisbane
35413,Brisbane
35414,Melbourne
35415,Brisbane
35416,Brisbane
35417,Brisbane
35418,Brisbane
35419,Melbourne
35420,Brisbane
35421,Brisbane
35422,Brisbane
35423,Melbourne
35424,Brisbane
35425,Brisbane
35426,Brisbane
35427,Sydney
35428,Brisbane
35429,Brisbane
35430,Brisbane
35431,Brisbane
35432,Brisbane
35433,Brisbane
35434,Brisbane
35435,Brisbane
35436,Brisbane
35437,Melbourne
35438,Brisbane
35439,Melbourne
35440,Brisbane
35441,Brisbane
35442,Sydney
35443,Brisbane
35444,Brisbane
35445,Brisbane
35446,Brisbane
35447,Brisbane
35448,Brisbane
35449,Brisbane
35450,Brisbane
35451,Brisbane
35452,Brisbane
35453,Melbourne
35454,Brisbane
35455,Brisbane
35456,Brisbane
35457,Brisbane
35458,Brisbane
35459,Brisbane
35460,Brisbane
35461,Melbourne
35462,Brisbane
35463,Brisbane
35464,Brisbane
35465,Brisbane
35466,Brisbane
35467,Brisbane
35468,Brisbane
35469,Brisbane
35470,Brisbane
35471,Brisbane
35472,Brisbane
35473,Brisbane
35474,Brisbane
35475,Brisbane
35476,Sydney
35477,Brisbane
35478,Brisbane
35479,Brisbane
35480,Brisbane
35481,Brisbane
35482,Brisbane
35483,Perth
35484,Brisbane
35485,Brisbane
35486,Brisbane
35487,Brisbane
35488,Brisbane
35489,Brisbane
35490,Perth
35491,Brisbane
35492,Brisbane
35493,Brisbane
35494,Brisbane
35495,Brisbane
35496,Brisbane
35497,Brisbane
35498,Brisbane
35499,Brisbane
35500,Sydney
35501,Brisbane
35502,Brisbane
35503,Brisbane
35504,Brisbane
35505,Brisbane
35506,Brisbane
35507,Brisbane
35508,Perth
35509,Brisbane
35510,Brisbane
35511,Brisbane
35512,Brisbane
35513,Brisbane
35514,Brisbane
35515,Brisbane
35516,Brisbane
35517,Brisbane
35518,Brisbane
35519,Brisbane
35520,Brisbane
35521,Brisbane
35522,Brisbane
35523,Brisbane
35524,Melbourne
35525,Brisbane
35526,Brisbane
35527,Perth
35528,Brisbane
35529,Brisbane
35530,Brisbane
35531,Brisbane
35532,Brisbane
35533,Brisbane
35534,Brisbane
35535,Brisbane
35536,Brisbane
35537,Perth
35538,Brisbane
35539,Sydney
35540,Melbourne
35541,Brisbane
35542,Brisbane
35543,Brisbane
35544,Brisbane
35545,Brisbane
35546,Brisbane
35547,Brisbane
35548,Brisbane
35549,Brisbane
35550,Brisbane
35551,Brisbane
35552,Brisbane
35553,Brisbane
35554,Melbourne
35555,Brisbane
35556,Brisbane
35557,Sydney
35558,Brisbane
35559,Brisbane
35560,Brisbane
35561,Brisbane
35562,Brisbane
35563,Brisbane
35564,Brisbane
35565,Brisbane
35566,Melbourne
35567,Perth
35568,Melbourne
35569,Sydney
35570,Brisbane
35571,Brisbane
35572,Brisbane
35573,Brisbane
35574,Brisbane
35575,Brisbane
35576,Perth
35577,Perth
35578,Perth
35579,Brisbane
35580,Brisbane
35581,Brisbane
35582,Brisbane
35583,Perth
35584,Brisbane
35585,Brisbane
35586,Brisbane
35587,Brisbane
35588,Brisbane
35589,Brisbane
35590,Brisbane
35591,Brisbane
35592,Brisbane
35593,Brisbane
35594,Brisbane
35595,Brisbane
35596,Melbourne
35597,Brisbane
35598,Brisbane
35599,Brisbane
35600,Perth
35601,Brisbane
35602,Brisbane
35603,Sydney
35604,Brisbane
35605,Brisbane
35606,Brisbane
35607,Brisbane
35608,Sydney
35609,Brisbane
35610,Melbourne
35611,Brisbane
35612,Brisbane
35613,Brisbane
35614,Brisbane
35615,Brisbane
35616,Brisbane
35617,Brisbane
35618,Brisbane
35619,Brisbane
35620,Brisbane
35621,Brisbane
35622,Brisbane
35623,Perth
35624,Brisbane
35625,Melbourne
35626,Brisbane
35627,Brisbane
35628,Brisbane
35629,Brisbane
35630,Brisbane
35631,Brisbane
35632,Brisbane
35633,Brisbane
35634,Brisbane
35635,Melbourne
35636,Brisbane
35637,Brisbane
35638,Sydney
35639,Brisbane
35640,Brisbane
35641,Brisbane
35642,Brisbane
35643,Melbourne
35644,Brisbane
35645,Brisbane
35646,Brisbane
35647,Perth
35648,Brisbane
35649,Brisbane
35650,Melbourne
35651,Brisbane
35652,Brisbane
35653,Sydney
35654,Brisbane
35655,Brisbane
35656,Brisbane
35657,Brisbane
35658,Brisbane
35659,Brisbane
35660,Brisbane
35661,Brisbane
35662,Brisbane
35663,Brisbane
35664,Brisbane
35665,Brisbane
35666,Brisbane
35667,Brisbane
35668,Perth
35669,Brisbane
35670,Brisbane
35671,Brisbane
35672,Brisbane
35673,Brisbane
35674,Brisbane
35675,Brisbane
35676,Brisbane
35677,Perth
35678,Brisbane
35679,Brisbane
35680,Brisbane
35681,Sydney
35682,Brisbane
35683,Brisbane
35684,Brisbane
35685,Brisbane
35686,Brisbane
35687,Brisbane
35688,Brisbane
35689,Brisbane
35690,Brisbane
35691,Brisbane
35692,Perth
35693,Brisbane
35694,Brisbane
35695,Brisbane
35696,Brisbane
35697,Brisbane
35698,Brisbane
35699,Perth
35700,Brisbane
35701,Brisbane
35702,Brisbane
35703,Brisbane
35704,Brisbane
35705,Brisbane
35706,Brisbane
35707,Brisbane
35708,Brisbane
35709,Brisbane
35710,Brisbane
35711,Brisbane
35712,Brisbane
35713,Brisbane
35714,Brisbane
35715,Brisbane
35716,Brisbane
35717,Brisbane
35718,Brisbane
35719,Brisbane
35720,Brisbane
35721,Brisbane
35722,Brisbane
35723,Brisbane
35724,Brisbane
35725,Brisbane
35726,Brisbane
35727,Brisbane
35728,Brisbane
35729,Melbourne
35730,Brisbane
35731,Brisbane
35732,Brisbane
35733,Brisbane
35734,Brisbane
35735,Brisbane
35736,Perth
35737,Brisbane
35738,Brisbane
35739,Brisbane
35740,Brisbane
35741,Brisbane
35742,Brisbane
35743,Brisbane
35744,Brisbane
35745,Brisbane
35746,Brisbane
35747,Brisbane
35748,Brisbane
35749,Brisbane
35750,Brisbane
35751,Sydney
35752,Brisbane
35753,Brisbane
35754,Brisbane
35755,Brisbane
35756,Brisbane
35757,Brisbane
35758,Perth
35759,Brisbane
35760,Sydney
35761,Brisbane
35762,Brisbane
35763,Brisbane
35764,Brisbane
35765,Brisbane
35766,Brisbane
35767,Brisbane
35768,Brisbane
35769,Perth
35770,Brisbane
35771,Brisbane
35772,Brisbane
35773,Brisbane
35774,Brisbane
35775,Brisbane
35776,Brisbane
35777,Brisbane
35778,Melbourne
35779,Melbourne
35780,Brisbane
35781,Brisbane
35782,Brisbane
35783,Brisbane
35784,Sydney
35785,Brisbane
35786,Brisbane
35787,Brisbane
35788,Brisbane
35789,Brisbane
35790,Brisbane
35791,Brisbane
35792,Brisbane
35793,Brisbane
35794,Brisbane
35795,Brisbane
35796,Brisbane
35797,Brisbane
35798,Brisbane
35799,Brisbane
35800,Brisbane
35801,Brisbane
35802,Brisbane
35803,Brisbane
35804,Brisbane
35805,Brisbane
35806,Brisbane
35807,Brisbane
35808,Brisbane
35809,Brisbane
35810,Brisbane
35811,Brisbane
35812,Brisbane
35813,Brisbane
35814,Brisbane
35815,Brisbane
35816,Brisbane
35817,Brisbane
35818,Brisbane
35819,Brisbane
35820,Brisbane
35821,Brisbane
35822,Brisbane
35823,Brisbane
35824,Brisbane
35825,Brisbane
35826,Brisbane
35827,Brisbane
35828,Brisbane
35829,Sydney
35830,Brisbane
35831,Melbourne
35832,Sydney
35833,Brisbane
35834,Brisbane
35835,Brisbane
35836,Perth
35837,Brisbane
35838,Brisbane
35839,Brisbane
35840,Brisbane
35841,Brisbane
35842,Brisbane
35843,Brisbane
35844,Brisbane
35845,Brisbane
35846,Brisbane
35847,Brisbane
35848,Brisbane
35849,Brisbane
35850,Brisbane
35851,Perth
35852,Brisbane
35853,Brisbane
35854,Brisbane
35855,Brisbane
35856,Brisbane
35857,Brisbane
35858,Brisbane
35859,Brisbane
35860,Brisbane
35861,Brisbane
35862,Brisbane
35863,Sydney
35864,Perth
35865,Brisbane
35866,Brisbane
35867,Perth
35868,Brisbane
35869,Brisbane
35870,Sydney
35871,Brisbane
35872,Brisbane
35873,Brisbane
35874,Brisbane
35875,Perth
35876,Brisbane
35877,Brisbane
35878,Brisbane
35879,Brisbane
35880,Sydney
35881,Brisbane
35882,Brisbane
35883,Melbourne
35884,Brisbane
35885,Brisbane
35886,Brisbane
35887,Brisbane
35888,Brisbane
35889,Brisbane
35890,Brisbane
35891,Brisbane
35892,Brisbane
35893,Brisbane
35894,Brisbane
35895,Brisbane
35896,Brisbane
35897,Brisbane
35898,Brisbane
35899,Brisbane
35900,Brisbane
35901,Brisbane
35902,Brisbane
35903,Sydney
35904,Brisbane
35905,Brisbane
35906,Brisbane
35907,Sydney
35908,Perth
35909,Sydney
35910,Brisbane
35911,Brisbane
35912,Brisbane
35913,Brisbane
35914,Brisbane
35915,Brisbane
35916,Brisbane
35917,Brisbane
35918,Brisbane
35919,Brisbane
35920,Brisbane
35921,Brisbane
35922,Melbourne
35923,Brisbane
35924,Brisbane
35925,Brisbane
35926,Perth
35927,Brisbane
35928,Brisbane
35929,Brisbane
35930,Brisbane
35931,Perth
35932,Melbourne
35933,Brisbane
35934,Brisbane
35935,Brisbane
35936,Brisbane
35937,Brisbane
35938,Brisbane
35939,Brisbane
35940,Brisbane
35941,Brisbane
35942,Melbourne
35943,Brisbane
35944,Brisbane
35945,Brisbane
35946,Brisbane
35947,Perth
35948,Brisbane
35949,Melbourne
35950,Brisbane
35951,Brisbane
35952,Brisbane
35953,Brisbane
35954,Brisbane
35955,Brisbane
35956,Brisbane
35957,Brisbane
35958,Brisbane
35959,Brisbane
35960,Brisbane
35961,Perth
35962,Sydney
35963,Brisbane
35964,Brisbane
35965,Brisbane
35966,Brisbane
35967,Brisbane
35968,Brisbane
35969,Brisbane
35970,Brisbane
35971,Brisbane
35972,Brisbane
35973,Brisbane
35974,Brisbane
35975,Brisbane
35976,Brisbane
35977,Brisbane
35978,Brisbane
35979,Perth
35980,Brisbane
35981,Brisbane
35982,Brisbane
35983,Brisbane
35984,Brisbane
35985,Brisbane
35986,Brisbane
35987,Brisbane
35988,Brisbane
35989,Brisbane
35990,Brisbane
35991,Brisbane
35992,Brisbane
35993,Brisbane
35994,Brisbane
35995,Brisbane
35996,Perth
35997,Brisbane
35998,Brisbane
35999,Brisbane
36000,Brisbane
36001,Brisbane
36002,Brisbane
36003,Sydney
36004,Melbourne
36005,Brisbane
36006,Brisbane
36007,Brisbane
36008,Brisbane
36009,Brisbane
36010,Brisbane
36011,Brisbane
36012,Brisbane
36013,Brisbane
36014,Brisbane
36015,Brisbane
36016,Brisbane
36017,Brisbane
36018,Brisbane
36019,Brisbane
36020,Brisbane
36021,Brisbane
36022,Brisbane
36023,Brisbane
36024,Brisbane
36025,Brisbane
36026,Brisbane
36027,Brisbane
36028,Brisbane
36029,Brisbane
36030,Brisbane
36031,Brisbane
36032,Brisbane
36033,Brisbane
36034,Brisbane
36035,Brisbane
36036,Brisbane
36037,Brisbane
36038,Melbourne
36039,Melbourne
36040,Brisbane
36041,Brisbane
36042,Perth
36043,Sydney
36044,Brisbane
36045,Perth
36046,Brisbane
36047,Melbourne
36048,Brisbane
36049,Brisbane
36050,Brisbane
36051,Brisbane
36052,Brisbane
36053,Brisbane
36054,Brisbane
36055,Brisbane
36056,Brisbane
36057,Brisbane
36058,Perth
36059,Brisbane
36060,Sydney
36061,Brisbane
36062,Brisbane
36063,Brisbane
36064,Brisbane
36065,Brisbane
36066,Brisbane
36067,Brisbane
36068,Brisbane
36069,Perth
36070,Brisbane
36071,Melbourne
36072,Sydney
36073,Brisbane
36074,Brisbane
36075,Brisbane
36076,Brisbane
36077,Brisbane
36078,Brisbane
36079,Brisbane
36080,Brisbane
36081,Brisbane
36082,Brisbane
36083,Brisbane
36084,Brisbane
36085,Perth
36086,Brisbane
36087,Brisbane
36088,Brisbane
36089,Brisbane
36090,Brisbane
36091,Brisbane
36092,Brisbane
36093,Brisbane
36094,Brisbane
36095,Brisbane
36096,Brisbane
36097,Brisbane
36098,Brisbane
36099,Brisbane
36100,Brisbane
36101,Brisbane
36102,Brisbane
36103,Brisbane
36104,Brisbane
36105,Brisbane
36106,Brisbane
36107,Brisbane
36108,Melbourne
36109,Brisbane
36110,Brisbane
36111,Brisbane
36112,Brisbane
36113,Brisbane
36114,Brisbane
36115,Brisbane
36116,Brisbane
36117,Brisbane
36118,Brisbane
36119,Brisbane
36120,Brisbane
36121,Brisbane
36122,Brisbane
36123,Perth
36124,Perth
36125,Brisbane
36126,Brisbane
36127,Brisbane
36128,Brisbane
36129,Brisbane
36130,Brisbane
36131,Brisbane
36132,Brisbane
36133,Brisbane
36134,Brisbane
36135,Melbourne
36136,Brisbane
36137,Brisbane
36138,Brisbane
36139,Brisbane
36140,Brisbane
36141,Brisbane
36142,Brisbane
36143,Melbourne
36144,Brisbane
36145,Brisbane
36146,Brisbane
36147,Brisbane
36148,Sydney
36149,Brisbane
36150,Brisbane
36151,Brisbane
36152,Brisbane
36153,Brisbane
36154,Brisbane
36155,Brisbane
36156,Brisbane
36157,Brisbane
36158,Brisbane
36159,Brisbane
36160,Brisbane
36161,Brisbane
36162,Brisbane
36163,Brisbane
36164,Brisbane
36165,Brisbane
36166,Brisbane
36167,Brisbane
36168,Brisbane
36169,Brisbane
36170,Brisbane
36171,Brisbane
36172,Brisbane
36173,Sydney
36174,Brisbane
36175,Brisbane
36176,Brisbane
36177,Brisbane
36178,Brisbane
36179,Brisbane
36180,Melbourne
36181,Brisbane
36182,Perth
36183,Brisbane
36184,Brisbane
36185,Brisbane
36186,Brisbane
36187,Brisbane
36188,Perth
36189,Brisbane
36190,Brisbane
36191,Brisbane
36192,Brisbane
36193,Brisbane
36194,Brisbane
36195,Brisbane
36196,Brisbane
36197,Brisbane
36198,Brisbane
36199,Brisbane
36200,Sydney
36201,Brisbane
36202,Brisbane
36203,Brisbane
36204,Brisbane
36205,Brisbane
36206,Brisbane
36207,Brisbane
36208,Brisbane
36209,Brisbane
36210,Brisbane
36211,Brisbane
36212,Brisbane
36213,Brisbane
36214,Brisbane
36215,Brisbane
36216,Brisbane
36217,Brisbane
36218,Brisbane
36219,Brisbane
36220,Brisbane
36221,Melbourne
36222,Brisbane
36223,Brisbane
36224,Brisbane
36225,Brisbane
36226,Melbourne
36227,Brisbane
36228,Brisbane
36229,Brisbane
36230,Melbourne
36231,Brisbane
36232,Brisbane
36233,Brisbane
36234,Brisbane
36235,Sydney
36236,Brisbane
36237,Brisbane
36238,Brisbane
36239,Brisbane
36240,Brisbane
36241,Brisbane
36242,Brisbane
36243,Brisbane
36244,Brisbane
36245,Brisbane
36246,Brisbane
36247,Brisbane
36248,Brisbane
36249,Brisbane
36250,Brisbane
36251,Brisbane
36252,Brisbane
36253,Brisbane
36254,Brisbane
36255,Perth
36256,Brisbane
36257,Brisbane
36258,Brisbane
36259,Brisbane
36260,Brisbane
36261,Brisbane
36262,Brisbane
36263,Brisbane
36264,Brisbane
36265,Brisbane
36266,Brisbane
36267,Brisbane
36268,Sydney
36269,Brisbane
36270,Brisbane
36271,Brisbane
36272,Brisbane
36273,Brisbane
36274,Brisbane
36275,Brisbane
36276,Brisbane
36277,Brisbane
36278,Brisbane
36279,Brisbane
36280,Brisbane
36281,Brisbane
36282,Brisbane
36283,Brisbane
36284,Brisbane
36285,Brisbane
36286,Brisbane
36287,Brisbane
36288,Brisbane
36289,Brisbane
36290,Brisbane
36291,Brisbane
36292,Brisbane
36293,Brisbane
36294,Brisbane
36295,Brisbane
36296,Perth
36297,Brisbane
36298,Brisbane
36299,Brisbane
36300,Brisbane
36301,Brisbane
36302,Brisbane
36303,Perth
36304,Brisbane
36305,Brisbane
36306,Brisbane
36307,Brisbane
36308,Sydney
36309,Brisbane
36310,Brisbane
36311,Perth
36312,Brisbane
36313,Brisbane
36314,Brisbane
36315,Brisbane
36316,Brisbane
36317,Brisbane
36318,Brisbane
36319,Brisbane
36320,Brisbane
36321,Brisbane
36322,Brisbane
36323,Brisbane
36324,Sydney
36325,Brisbane
36326,Brisbane
36327,Brisbane
36328,Brisbane
36329,Brisbane
36330,Brisbane
36331,Brisbane
36332,Perth
36333,Brisbane
36334,Brisbane
36335,Brisbane
36336,Brisbane
36337,Brisbane
36338,Brisbane
36339,Brisbane
36340,Melbourne
36341,Brisbane
36342,Brisbane
36343,Melbourne
36344,Brisbane
36345,Brisbane
36346,Brisbane
36347,Brisbane
36348,Brisbane
36349,Brisbane
36350,Brisbane
36351,Brisbane
36352,Brisbane
36353,Perth
36354,Brisbane
36355,Brisbane
36356,Sydney
36357,Brisbane
36358,Brisbane
36359,Brisbane
36360,Brisbane
36361,Brisbane
36362,Perth
36363,Brisbane
36364,Brisbane
36365,Brisbane
36366,Brisbane
36367,Brisbane
36368,Brisbane
36369,Brisbane
36370,Brisbane
36371,Brisbane
36372,Brisbane
36373,Brisbane
36374,Brisbane
36375,Brisbane
36376,Brisbane
36377,Brisbane
36378,Brisbane
36379,Brisbane
36380,Sydney
36381,Brisbane
36382,Melbourne
36383,Brisbane
36384,Brisbane
36385,Brisbane
36386,Brisbane
36387,Brisbane
36388,Brisbane
36389,Brisbane
36390,Brisbane
36391,Brisbane
36392,Brisbane
36393,Brisbane
36394,Brisbane
36395,Brisbane
36396,Brisbane
36397,Brisbane
36398,Brisbane
36399,Brisbane
36400,Brisbane
36401,Brisbane
36402,Brisbane
36403,Brisbane
36404,Brisbane
36405,Brisbane
36406,Brisbane
36407,Brisbane
36408,Brisbane
36409,Brisbane
36410,Brisbane
36411,Perth
36412,Sydney
36413,Brisbane
36414,Brisbane
36415,Brisbane
36416,Brisbane
36417,Perth
36418,Perth
36419,Brisbane
36420,Brisbane
36421,Brisbane
36422,Brisbane
36423,Brisbane
36424,Brisbane
36425,Brisbane
36426,Brisbane
36427,Brisbane
36428,Brisbane
36429,Brisbane
36430,Brisbane
36431,Brisbane
36432,Brisbane
36433,Brisbane
36434,Brisbane
36435,Brisbane
36436,Brisbane
36437,Brisbane
36438,Sydney
36439,Perth
36440,Brisbane
36441,Brisbane
36442,Brisbane
36443,Brisbane
36444,Brisbane
36445,Brisbane
36446,Brisbane
36447,Brisbane
36448,Brisbane
36449,Brisbane
36450,Brisbane
36451,Brisbane
36452,Brisbane
36453,Brisbane
36454,Brisbane
36455,Brisbane
36456,Brisbane
36457,Brisbane
36458,Brisbane
36459,Perth
36460,Brisbane
36461,Sydney
36462,Brisbane
36463,Melbourne
36464,Brisbane
36465,Brisbane
36466,Sydney
36467,Brisbane
36468,Brisbane
36469,Brisbane
36470,Brisbane
36471,Brisbane
36472,Perth
36473,Brisbane
36474,Brisbane
36475,Brisbane
36476,Brisbane
36477,Brisbane
36478,Brisbane
36479,Brisbane
36480,Brisbane
36481,Brisbane
36482,Brisbane
36483,Brisbane
36484,Brisbane
36485,Brisbane
36486,Brisbane
36487,Brisbane
36488,Brisbane
36489,Brisbane
36490,Brisbane
36491,Brisbane
36492,Brisbane
36493,Brisbane
36494,Brisbane
36495,Brisbane
36496,Brisbane
36497,Brisbane
36498,Brisbane
36499,Brisbane
36500,Brisbane
36501,Melbourne
36502,Brisbane
36503,Perth
36504,Brisbane
36505,Brisbane
36506,Brisbane
36507,Brisbane
36508,Brisbane
36509,Sydney
36510,Brisbane
36511,Perth
36512,Brisbane
36513,Brisbane
36514,Brisbane
36515,Brisbane
36516,Brisbane
36517,Brisbane
36518,Brisbane
36519,Perth
36520,Brisbane
36521,Brisbane
36522,Brisbane
36523,Brisbane
36524,Brisbane
36525,Brisbane
36526,Brisbane
36527,Brisbane
36528,Brisbane
36529,Brisbane
36530,Brisbane
36531,Brisbane
36532,Brisbane
36533,Brisbane
36534,Brisbane
36535,Brisbane
36536,Brisbane
36537,Brisbane
36538,Brisbane
36539,Brisbane
36540,Brisbane
36541,Brisbane
36542,Brisbane
36543,Brisbane
36544,Melbourne
36545,Brisbane
36546,Brisbane
36547,Brisbane
36548,Brisbane
36549,Brisbane
36550,Brisbane
36551,Brisbane
36552,Brisbane
36553,Brisbane
36554,Brisbane
36555,Brisbane
36556,Brisbane
36557,Brisbane
36558,Brisbane
36559,Brisbane
36560,Perth
36561,Brisbane
36562,Brisbane
36563,Brisbane
36564,Brisbane
36565,Brisbane
36566,Brisbane
36567,Brisbane
36568,Sydney
36569,Brisbane
36570,Brisbane
36571,Brisbane
36572,Brisbane
36573,Brisbane
36574,Brisbane
36575,Brisbane
36576,Melbourne
36577,Brisbane
36578,Brisbane
36579,Brisbane
36580,Brisbane
36581,Brisbane
36582,Brisbane
36583,Melbourne
36584,Brisbane
36585,Brisbane
36586,Brisbane
36587,Sydney
36588,Brisbane
36589,Brisbane
36590,Brisbane
36591,Brisbane
36592,Brisbane
36593,Brisbane
36594,Sydney
36595,Brisbane
36596,Brisbane
36597,Brisbane
36598,Brisbane
36599,Brisbane
36600,Brisbane
36601,Brisbane
36602,Brisbane
36603,Brisbane
36604,Brisbane
36605,Sydney
36606,Brisbane
36607,Brisbane
36608,Brisbane
36609,Brisbane
36610,Brisbane
36611,Brisbane
36612,Brisbane
36613,Brisbane
36614,Sydney
36615,Brisbane
36616,Brisbane
36617,Brisbane
36618,Brisbane
36619,Brisbane
36620,Brisbane
36621,Brisbane
36622,Brisbane
36623,Brisbane
36624,Brisbane
36625,Perth
36626,Brisbane
36627,Brisbane
36628,Melbourne
36629,Brisbane
36630,Melbourne
36631,Brisbane
36632,Brisbane
36633,Melbourne
36634,Brisbane
36635,Perth
36636,Brisbane
36637,Brisbane
36638,Melbourne
36639,Brisbane
36640,Brisbane
36641,Brisbane
36642,Melbourne
36643,Brisbane
36644,Brisbane
36645,Brisbane
36646,Brisbane
36647,Sydney
36648,Brisbane
36649,Brisbane
36650,Brisbane
36651,Melbourne
36652,Brisbane
36653,Brisbane
36654,Brisbane
36655,Brisbane
36656,Brisbane
36657,Brisbane
36658,Brisbane
36659,Brisbane
36660,Brisbane
36661,Brisbane
36662,Brisbane
36663,Brisbane
36664,Melbourne
36665,Brisbane
36666,Brisbane
36667,Brisbane
36668,Brisbane
36669,Brisbane
36670,Brisbane
36671,Brisbane
36672,Brisbane
36673,Brisbane
36674,Brisbane
36675,Sydney
36676,Brisbane
36677,Brisbane
36678,Brisbane
36679,Brisbane
36680,Brisbane
36681,Perth
36682,Brisbane
36683,Perth
36684,Brisbane
36685,Brisbane
36686,Brisbane
36687,Brisbane
36688,Brisbane
36689,Brisbane
36690,Brisbane
36691,Brisbane
36692,Brisbane
36693,Brisbane
36694,Brisbane
36695,Brisbane
36696,Brisbane
36697,Sydney
36698,Brisbane
36699,Brisbane
36700,Brisbane
36701,Brisbane
36702,Perth
36703,Brisbane
36704,Brisbane
36705,Brisbane
36706,Brisbane
36707,Brisbane
36708,Brisbane
36709,Brisbane
36710,Brisbane
36711,Sydney
36712,Brisbane
36713,Perth
36714,Brisbane
36715,Brisbane
36716,Brisbane
36717,Brisbane
36718,Perth
36719,Brisbane
36720,Brisbane
36721,Brisbane
36722,Brisbane
36723,Brisbane
36724,Brisbane
36725,Brisbane
36726,Sydney
36727,Brisbane
36728,Brisbane
36729,Melbourne
36730,Melbourne
36731,Brisbane
36732,Brisbane
36733,Brisbane
36734,Melbourne
36735,Brisbane
36736,Brisbane
36737,Brisbane
36738,Brisbane
36739,Brisbane
36740,Brisbane
36741,Brisbane
36742,Brisbane
36743,Brisbane
36744,Brisbane
36745,Brisbane
36746,Brisbane
36747,Brisbane
36748,Brisbane
36749,Melbourne
36750,Brisbane
36751,Brisbane
36752,Brisbane
36753,Brisbane
36754,Perth
36755,Brisbane
36756,Brisbane
36757,Brisbane
36758,Brisbane
36759,Brisbane
36760,Brisbane
36761,Brisbane
36762,Brisbane
36763,Brisbane
36764,Brisbane
36765,Brisbane
36766,Brisbane
36767,Brisbane
36768,Brisbane
36769,Melbourne
36770,Brisbane
36771,Brisbane
36772,Brisbane
36773,Brisbane
36774,Brisbane
36775,Brisbane
36776,Melbourne
36777,Brisbane
36778,Brisbane
36779,Brisbane
36780,Brisbane
36781,Perth
36782,Brisbane
36783,Brisbane
36784,Brisbane
36785,Brisbane
36786,Brisbane
36787,Melbourne
36788,Perth
36789,Melbourne
36790,Brisbane
36791,Brisbane
36792,Brisbane
36793,Brisbane
36794,Sydney
36795,Melbourne
36796,Brisbane
36797,Brisbane
36798,Brisbane
36799,Perth
36800,Brisbane
36801,Brisbane
36802,Brisbane
36803,Brisbane
36804,Brisbane
36805,Brisbane
36806,Brisbane
36807,Brisbane
36808,Brisbane
36809,Brisbane
36810,Brisbane
36811,Brisbane
36812,Brisbane
36813,Brisbane
36814,Brisbane
36815,Brisbane
36816,Brisbane
36817,Brisbane
36818,Brisbane
36819,Brisbane
36820,Brisbane
36821,Brisbane
36822,Brisbane
36823,Brisbane
36824,Melbourne
36825,Brisbane
36826,Brisbane
36827,Brisbane
36828,Brisbane
36829,Brisbane
36830,Brisbane
36831,Brisbane
36832,Perth
36833,Brisbane
36834,Brisbane
36835,Brisbane
36836,Sydney
36837,Brisbane
36838,Brisbane
36839,Brisbane
36840,Brisbane
36841,Brisbane
36842,Brisbane
36843,Brisbane
36844,Brisbane
36845,Melbourne
36846,Brisbane
36847,Melbourne
36848,Brisbane
36849,Brisbane
36850,Brisbane
36851,Brisbane
36852,Brisbane
36853,Brisbane
36854,Brisbane
36855,Brisbane
36856,Brisbane
36857,Brisbane
36858,Brisbane
36859,Brisbane
36860,Brisbane
36861,Sydney
36862,Brisbane
36863,Brisbane
36864,Brisbane
36865,Brisbane
36866,Brisbane
36867,Brisbane
36868,Brisbane
36869,Brisbane
36870,Melbourne
36871,Brisbane
36872,Melbourne
36873,Brisbane
36874,Brisbane
36875,Brisbane
36876,Perth
36877,Brisbane
36878,Brisbane
36879,Brisbane
36880,Perth
36881,Brisbane
36882,Brisbane
36883,Brisbane
36884,Brisbane
36885,Brisbane
36886,Perth
36887,Brisbane
36888,Brisbane
36889,Brisbane
36890,Brisbane
36891,Brisbane
36892,Brisbane
36893,Perth
36894,Brisbane
36895,Brisbane
36896,Brisbane
36897,Brisbane
36898,Perth
36899,Brisbane
36900,Brisbane
36901,Brisbane
36902,Brisbane
36903,Perth
36904,Brisbane
36905,Brisbane
36906,Brisbane
36907,Brisbane
36908,Brisbane
36909,Melbourne
36910,Brisbane
36911,Brisbane
36912,Brisbane
36913,Brisbane
36914,Perth
36915,Brisbane
36916,Brisbane
36917,Perth
36918,Brisbane
36919,Brisbane
36920,Brisbane
36921,Brisbane
36922,Brisbane
36923,Perth
36924,Brisbane
36925,Brisbane
36926,Brisbane
36927,Brisbane
36928,Brisbane
36929,Perth
36930,Brisbane
36931,Brisbane
36932,Brisbane
36933,Brisbane
36934,Perth
36935,Brisbane
36936,Brisbane
36937,Brisbane
36938,Brisbane
36939,Brisbane
36940,Brisbane
36941,Brisbane
36942,Brisbane
36943,Brisbane
36944,Brisbane
36945,Brisbane
36946,Perth
36947,Brisbane
36948,Brisbane
36949,Brisbane
36950,Sydney
36951,Brisbane
36952,Brisbane
36953,Brisbane
36954,Brisbane
36955,Brisbane
36956,Brisbane
36957,Brisbane
36958,Brisbane
36959,Sydney
36960,Perth
36961,Sydney
36962,Melbourne
36963,Brisbane
36964,Brisbane
36965,Brisbane
36966,Brisbane
36967,Brisbane
36968,Brisbane
36969,Brisbane
36970,Brisbane
36971,Perth
36972,Perth
36973,Brisbane
36974,Brisbane
36975,Brisbane
36976,Sydney
36977,Brisbane
36978,Brisbane
36979,Melbourne
36980,Brisbane
36981,Brisbane
36982,Brisbane
36983,Brisbane
36984,Brisbane
36985,Brisbane
36986,Brisbane
36987,Perth
36988,Melbourne
36989,Brisbane
36990,Brisbane
36991,Brisbane
36992,Brisbane
36993,Melbourne
36994,Brisbane
36995,Brisbane
36996,Brisbane
36997,Brisbane
36998,Brisbane
36999,Brisbane
37000,Brisbane
37001,Melbourne
37002,Perth
37003,Brisbane
37004,Brisbane
37005,Brisbane
37006,Brisbane
37007,Brisbane
37008,Brisbane
37009,Brisbane
37010,Melbourne
37011,Brisbane
37012,Brisbane
37013,Brisbane
37014,Brisbane
37015,Brisbane
37016,Brisbane
37017,Brisbane
37018,Brisbane
37019,Brisbane
37020,Brisbane
37021,Brisbane
37022,Brisbane
37023,Brisbane
37024,Brisbane
37025,Brisbane
37026,Brisbane
37027,Brisbane
37028,Brisbane
37029,Brisbane
37030,Brisbane
37031,Brisbane
37032,Brisbane
37033,Brisbane
37034,Brisbane
37035,Brisbane
37036,Brisbane
37037,Brisbane
37038,Brisbane
37039,Brisbane
37040,Brisbane
37041,Brisbane
37042,Brisbane
37043,Brisbane
37044,Brisbane
37045,Brisbane
37046,Brisbane
37047,Sydney
37048,Brisbane
37049,Brisbane
37050,Brisbane
37051,Brisbane
37052,Brisbane
37053,Brisbane
37054,Melbourne
37055,Brisbane
37056,Brisbane
37057,Brisbane
37058,Brisbane
37059,Brisbane
37060,Brisbane
37061,Brisbane
37062,Brisbane
37063,Brisbane
37064,Brisbane
37065,Brisbane
37066,Brisbane
37067,Brisbane
37068,Brisbane
37069,Brisbane
37070,Brisbane
37071,Brisbane
37072,Brisbane
37073,Brisbane
37074,Brisbane
37075,Brisbane
37076,Melbourne
37077,Brisbane
37078,Brisbane
37079,Brisbane
37080,Perth
37081,Perth
37082,Brisbane
37083,Brisbane
37084,Brisbane
37085,Brisbane
37086,Brisbane
37087,Brisbane
37088,Brisbane
37089,Brisbane
37090,Brisbane
37091,Brisbane
37092,Brisbane
37093,Brisbane
37094,Brisbane
37095,Brisbane
37096,Brisbane
37097,Brisbane
37098,Brisbane
37099,Brisbane
37100,Perth
37101,Melbourne
37102,Brisbane
37103,Brisbane
37104,Brisbane
37105,Brisbane
37106,Brisbane
37107,Brisbane
37108,Melbourne
37109,Brisbane
37110,Brisbane
37111,Brisbane
37112,Brisbane
37113,Perth
37114,Brisbane
37115,Brisbane
37116,Brisbane
37117,Brisbane
37118,Brisbane
37119,Sydney
37120,Brisbane
37121,Brisbane
37122,Brisbane
37123,Sydney
37124,Brisbane
37125,Brisbane
37126,Brisbane
37127,Brisbane
37128,Brisbane
37129,Brisbane
37130,Brisbane
37131,Brisbane
37132,Brisbane
37133,Brisbane
37134,Perth
37135,Brisbane
37136,Brisbane
37137,Brisbane
37138,Brisbane
37139,Brisbane
37140,Brisbane
37141,Brisbane
37142,Brisbane
37143,Brisbane
37144,Brisbane
37145,Brisbane
37146,Brisbane
37147,Brisbane
37148,Brisbane
37149,Melbourne
37150,Brisbane
37151,Brisbane
37152,Brisbane
37153,Brisbane
37154,Brisbane
37155,Brisbane
37156,Brisbane
37157,Brisbane
37158,Brisbane
37159,Brisbane
37160,Brisbane
37161,Brisbane
37162,Perth
37163,Brisbane
37164,Melbourne
37165,Brisbane
37166,Brisbane
37167,Brisbane
37168,Brisbane
37169,Brisbane
37170,Brisbane
37171,Brisbane
37172,Brisbane
37173,Brisbane
37174,Perth
37175,Brisbane
37176,Brisbane
37177,Brisbane
37178,Brisbane
37179,Melbourne
37180,Brisbane
37181,Brisbane
37182,Brisbane
37183,Melbourne
37184,Brisbane
37185,Brisbane
37186,Brisbane
37187,Brisbane
37188,Brisbane
37189,Brisbane
37190,Brisbane
37191,Brisbane
37192,Brisbane
37193,Brisbane
37194,Brisbane
37195,Perth
37196,Sydney
37197,Brisbane
37198,Brisbane
37199,Brisbane
37200,Brisbane
37201,Brisbane
37202,Brisbane
37203,Brisbane
37204,Brisbane
37205,Brisbane
37206,Brisbane
37207,Brisbane
37208,Melbourne
37209,Brisbane
37210,Brisbane
37211,Brisbane
37212,Brisbane
37213,Brisbane
37214,Brisbane
37215,Brisbane
37216,Brisbane
37217,Brisbane
37218,Brisbane
37219,Brisbane
37220,Brisbane
37221,Brisbane
37222,Brisbane
37223,Brisbane
37224,Melbourne
37225,Brisbane
37226,Brisbane
37227,Brisbane
37228,Brisbane
37229,Brisbane
37230,Brisbane
37231,Brisbane
37232,Brisbane
37233,Perth
37234,Brisbane
37235,Melbourne
37236,Brisbane
37237,Melbourne
37238,Brisbane
37239,Brisbane
37240,Brisbane
37241,Perth
37242,Brisbane
37243,Brisbane
37244,Brisbane
37245,Brisbane
37246,Brisbane
37247,Brisbane
37248,Brisbane
37249,Brisbane
37250,Melbourne
37251,Melbourne
37252,Melbourne
37253,Brisbane
37254,Brisbane
37255,Brisbane
37256,Brisbane
37257,Brisbane
37258,Brisbane
37259,Brisbane
37260,Brisbane
37261,Brisbane
37262,Brisbane
37263,Perth
37264,Perth
37265,Brisbane
37266,Brisbane
37267,Melbourne
37268,Brisbane
37269,Brisbane
37270,Brisbane
37271,Brisbane
37272,Brisbane
37273,Brisbane
37274,Brisbane
37275,Brisbane
37276,Brisbane
37277,Brisbane
37278,Brisbane
37279,Sydney
37280,Brisbane
37281,Brisbane
37282,Brisbane
37283,Perth
37284,Brisbane
37285,Brisbane
37286,Brisbane
37287,Melbourne
37288,Brisbane
37289,Brisbane
37290,Brisbane
37291,Brisbane
37292,Brisbane
37293,Brisbane
37294,Brisbane
37295,Brisbane
37296,Brisbane
37297,Brisbane
37298,Brisbane
37299,Brisbane
37300,Brisbane
37301,Brisbane
37302,Brisbane
37303,Brisbane
37304,Brisbane
37305,Brisbane
37306,Brisbane
37307,Brisbane
37308,Brisbane
37309,Perth
37310,Brisbane
37311,Brisbane
37312,Brisbane
37313,Brisbane
37314,Brisbane
37315,Brisbane
37316,Brisbane
37317,Brisbane
37318,Brisbane
37319,Brisbane
37320,Brisbane
37321,Brisbane
37322,Brisbane
37323,Brisbane
37324,Brisbane
37325,Brisbane
37326,Perth
37327,Brisbane
37328,Sydney
37329,Brisbane
37330,Brisbane
37331,Brisbane
37332,Brisbane
37333,Brisbane
37334,Brisbane
37335,Brisbane
37336,Brisbane
37337,Brisbane
37338,Melbourne
37339,Brisbane
37340,Brisbane
37341,Brisbane
37342,Brisbane
37343,Brisbane
37344,Melbourne
37345,Brisbane
37346,Melbourne
37347,Brisbane
37348,Melbourne
37349,Melbourne
37350,Brisbane
37351,Brisbane
37352,Brisbane
37353,Brisbane
37354,Brisbane
37355,Brisbane
37356,Brisbane
37357,Brisbane
37358,Brisbane
37359,Perth
37360,Brisbane
37361,Brisbane
37362,Brisbane
37363,Perth
37364,Brisbane
37365,Brisbane
37366,Brisbane
37367,Brisbane
37368,Brisbane
37369,Brisbane
37370,Brisbane
37371,Brisbane
37372,Brisbane
37373,Brisbane
37374,Brisbane
37375,Brisbane
37376,Brisbane
37377,Brisbane
37378,Perth
37379,Brisbane
37380,Brisbane
37381,Brisbane
37382,Brisbane
37383,Brisbane
37384,Brisbane
37385,Brisbane
37386,Brisbane
37387,Brisbane
37388,Brisbane
37389,Brisbane
37390,Perth
37391,Brisbane
37392,Brisbane
37393,Brisbane
37394,Brisbane
37395,Brisbane
37396,Brisbane
37397,Brisbane
37398,Brisbane
37399,Brisbane
37400,Brisbane
37401,Brisbane
37402,Melbourne
37403,Brisbane
37404,Brisbane
37405,Sydney
37406,Brisbane
37407,Brisbane
37408,Perth
37409,Brisbane
37410,Brisbane
37411,Brisbane
37412,Brisbane
37413,Brisbane
37414,Brisbane
37415,Brisbane
37416,Brisbane
37417,Brisbane
37418,Brisbane
37419,Brisbane
37420,Brisbane
37421,Perth
37422,Sydney
37423,Melbourne
37424,Brisbane
37425,Brisbane
37426,Melbourne
37427,Brisbane
37428,Brisbane
37429,Brisbane
37430,Brisbane
37431,Brisbane
37432,Brisbane
37433,Brisbane
37434,Sydney
37435,Brisbane
37436,Brisbane
37437,Brisbane
37438,Brisbane
37439,Brisbane
37440,Sydney
37441,Brisbane
37442,Perth
37443,Brisbane
37444,Brisbane
37445,Brisbane
37446,Brisbane
37447,Brisbane
37448,Brisbane
37449,Melbourne
37450,Melbourne
37451,Melbourne
37452,Brisbane
37453,Brisbane
37454,Brisbane
37455,Brisbane
37456,Melbourne
37457,Brisbane
37458,Brisbane
37459,Melbourne
37460,Brisbane
37461,Brisbane
37462,Perth
37463,Perth
37464,Brisbane
37465,Brisbane
37466,Melbourne
37467,Brisbane
37468,Brisbane
37469,Brisbane
37470,Brisbane
37471,Melbourne
37472,Sydney
37473,Brisbane
37474,Brisbane
37475,Brisbane
37476,Brisbane
37477,Brisbane
37478,Brisbane
37479,Brisbane
37480,Brisbane
37481,Brisbane
37482,Sydney
37483,Brisbane
37484,Perth
37485,Brisbane
37486,Brisbane
37487,Brisbane
37488,Brisbane
37489,Brisbane
37490,Brisbane
37491,Brisbane
37492,Brisbane
37493,Brisbane
37494,Brisbane
37495,Brisbane
37496,Brisbane
37497,Brisbane
37498,Melbourne
37499,Melbourne
37500,Melbourne
37501,Brisbane
37502,Brisbane
37503,Brisbane
37504,Brisbane
37505,Brisbane
37506,Brisbane
37507,Brisbane
37508,Brisbane
37509,Brisbane
37510,Brisbane
37511,Perth
37512,Brisbane
37513,Brisbane
37514,Brisbane
37515,Brisbane
37516,Melbourne
37517,Brisbane
37518,Brisbane
37519,Brisbane
37520,Melbourne
37521,Brisbane
37522,Sydney
37523,Brisbane
37524,Brisbane
37525,Brisbane
37526,Brisbane
37527,Brisbane
37528,Brisbane
37529,Brisbane
37530,Brisbane
37531,Brisbane
37532,Brisbane
37533,Brisbane
37534,Brisbane
37535,Brisbane
37536,Brisbane
37537,Brisbane
37538,Brisbane
37539,Perth
37540,Brisbane
37541,Brisbane
37542,Brisbane
37543,Brisbane
37544,Brisbane
37545,Perth
37546,Brisbane
37547,Brisbane
37548,Brisbane
37549,Brisbane
37550,Brisbane
37551,Brisbane
37552,Brisbane
37553,Brisbane
37554,Brisbane
37555,Brisbane
37556,Sydney
37557,Brisbane
37558,Brisbane
37559,Brisbane
37560,Melbourne
37561,Brisbane
37562,Brisbane
37563,Brisbane
37564,Brisbane
37565,Brisbane
37566,Brisbane
37567,Brisbane
37568,Brisbane
37569,Brisbane
37570,Brisbane
37571,Brisbane
37572,Brisbane
37573,Brisbane
37574,Brisbane
37575,Brisbane
37576,Brisbane
37577,Brisbane
37578,Brisbane
37579,Brisbane
37580,Sydney
37581,Brisbane
37582,Brisbane
37583,Brisbane
37584,Brisbane
37585,Brisbane
37586,Brisbane
37587,Brisbane
37588,Brisbane
37589,Brisbane
37590,Brisbane
37591,Brisbane
37592,Brisbane
37593,Brisbane
37594,Sydney
37595,Brisbane
37596,Brisbane
37597,Brisbane
37598,Brisbane
37599,Brisbane
37600,Brisbane
37601,Brisbane
37602,Brisbane
37603,Brisbane
37604,Brisbane
37605,Brisbane
37606,Brisbane
37607,Brisbane
37608,Brisbane
37609,Brisbane
37610,Brisbane
37611,Brisbane
37612,Brisbane
37613,Brisbane
37614,Brisbane
37615,Brisbane
37616,Brisbane
37617,Brisbane
37618,Brisbane
37619,Brisbane
37620,Brisbane
37621,Brisbane
37622,Brisbane
37623,Brisbane
37624,Perth
37625,Perth
37626,Melbourne
37627,Brisbane
37628,Brisbane
37629,Brisbane
37630,Melbourne
37631,Brisbane
37632,Brisbane
37633,Brisbane
37634,Brisbane
37635,Brisbane
37636,Perth
37637,Sydney
37638,Brisbane
37639,Brisbane
37640,Brisbane
37641,Brisbane
37642,Brisbane
37643,Brisbane
37644,Brisbane
37645,Brisbane
37646,Brisbane
37647,Brisbane
37648,Brisbane
37649,Brisbane
37650,Brisbane
37651,Melbourne
37652,Brisbane
37653,Brisbane
37654,Brisbane
37655,Brisbane
37656,Brisbane
37657,Brisbane
37658,Perth
37659,Brisbane
37660,Brisbane
37661,Brisbane
37662,Brisbane
37663,Brisbane
37664,Brisbane
37665,Perth
37666,Brisbane
37667,Brisbane
37668,Brisbane
37669,Perth
37670,Brisbane
37671,Brisbane
37672,Brisbane
37673,Brisbane
37674,Brisbane
37675,Brisbane
37676,Brisbane
37677,Brisbane
37678,Brisbane
37679,Brisbane
37680,Perth
37681,Brisbane
37682,Brisbane
37683,Brisbane
37684,Brisbane
37685,Brisbane
37686,Brisbane
37687,Brisbane
37688,Brisbane
37689,Brisbane
37690,Brisbane
37691,Brisbane
37692,Brisbane
37693,Brisbane
37694,Brisbane
37695,Brisbane
37696,Melbourne
37697,Brisbane
37698,Brisbane
37699,Brisbane
37700,Brisbane
37701,Brisbane
37702,Brisbane
37703,Brisbane
37704,Brisbane
37705,Melbourne
37706,Brisbane
37707,Brisbane
37708,Brisbane
37709,Brisbane
37710,Brisbane
37711,Brisbane
37712,Brisbane
37713,Brisbane
37714,Brisbane
37715,Perth
37716,Brisbane
37717,Brisbane
37718,Brisbane
37719,Brisbane
37720,Sydney
37721,Brisbane
37722,Brisbane
37723,Brisbane
37724,Brisbane
37725,Brisbane
37726,Melbourne
37727,Brisbane
37728,Brisbane
37729,Brisbane
37730,Brisbane
37731,Perth
37732,Brisbane
37733,Brisbane
37734,Melbourne
37735,Brisbane
37736,Melbourne
37737,Brisbane
37738,Brisbane
37739,Brisbane
37740,Brisbane
37741,Brisbane
37742,Brisbane
37743,Brisbane
37744,Sydney
37745,Brisbane
37746,Brisbane
37747,Perth
37748,Brisbane
37749,Brisbane
37750,Brisbane
37751,Brisbane
37752,Brisbane
37753,Melbourne
37754,Melbourne
37755,Brisbane
37756,Brisbane
37757,Brisbane
37758,Brisbane
37759,Brisbane
37760,Brisbane
37761,Brisbane
37762,Brisbane
37763,Brisbane
37764,Brisbane
37765,Brisbane
37766,Brisbane
37767,Brisbane
37768,Brisbane
37769,Brisbane
37770,Brisbane
37771,Brisbane
37772,Brisbane
37773,Brisbane
37774,Brisbane
37775,Brisbane
37776,Brisbane
37777,Brisbane
37778,Melbourne
37779,Brisbane
37780,Brisbane
37781,Brisbane
37782,Brisbane
37783,Brisbane
37784,Brisbane
37785,Brisbane
37786,Brisbane
37787,Brisbane
37788,Brisbane
37789,Brisbane
37790,Brisbane
37791,Brisbane
37792,Brisbane
37793,Melbourne
37794,Brisbane
37795,Brisbane
37796,Brisbane
37797,Brisbane
37798,Brisbane
37799,Brisbane
37800,Brisbane
37801,Brisbane
37802,Brisbane
37803,Brisbane
37804,Brisbane
37805,Brisbane
37806,Sydney
37807,Brisbane
37808,Brisbane
37809,Brisbane
37810,Brisbane
37811,Brisbane
37812,Brisbane
37813,Brisbane
37814,Brisbane
37815,Perth
37816,Sydney
37817,Brisbane
37818,Perth
37819,Brisbane
37820,Brisbane
37821,Brisbane
37822,Brisbane
37823,Brisbane
37824,Brisbane
37825,Brisbane
37826,Brisbane
37827,Brisbane
37828,Brisbane
37829,Melbourne
37830,Brisbane
37831,Brisbane
37832,Brisbane
37833,Brisbane
37834,Brisbane
37835,Brisbane
37836,Brisbane
37837,Melbourne
37838,Brisbane
37839,Brisbane
37840,Brisbane
37841,Brisbane
37842,Brisbane
37843,Brisbane
37844,Melbourne
37845,Brisbane
37846,Brisbane
37847,Brisbane
37848,Sydney
37849,Brisbane
37850,Brisbane
37851,Brisbane
37852,Brisbane
37853,Brisbane
37854,Melbourne
37855,Brisbane
37856,Brisbane
37857,Brisbane
37858,Brisbane
37859,Brisbane
37860,Brisbane
37861,Brisbane
37862,Brisbane
37863,Brisbane
37864,Melbourne
37865,Brisbane
37866,Melbourne
37867,Brisbane
37868,Brisbane
37869,Brisbane
37870,Brisbane
37871,Brisbane
37872,Brisbane
37873,Perth
37874,Brisbane
37875,Brisbane
37876,Brisbane
37877,Brisbane
37878,Brisbane
37879,Brisbane
37880,Brisbane
37881,Brisbane
37882,Brisbane
37883,Sydney
37884,Brisbane
37885,Brisbane
37886,Brisbane
37887,Brisbane
37888,Brisbane
37889,Brisbane
37890,Brisbane
37891,Melbourne
37892,Brisbane
37893,Brisbane
37894,Brisbane
37895,Brisbane
37896,Perth
37897,Brisbane
37898,Brisbane
37899,Brisbane
37900,Brisbane
37901,Brisbane
37902,Brisbane
37903,Brisbane
37904,Melbourne
37905,Brisbane
37906,Brisbane
37907,Brisbane
37908,Brisbane
37909,Brisbane
37910,Brisbane
37911,Brisbane
37912,Brisbane
37913,Brisbane
37914,Brisbane
37915,Melbourne
37916,Brisbane
37917,Brisbane
37918,Brisbane
37919,Brisbane
37920,Brisbane
37921,Brisbane
37922,Brisbane
37923,Brisbane
37924,Brisbane
37925,Brisbane
37926,Brisbane
37927,Brisbane
37928,Brisbane
37929,Brisbane
37930,Brisbane
37931,Brisbane
37932,Brisbane
37933,Brisbane
37934,Brisbane
37935,Perth
37936,Brisbane
37937,Brisbane
37938,Perth
37939,Brisbane
37940,Brisbane
37941,Brisbane
37942,Brisbane
37943,Brisbane
37944,Brisbane
37945,Brisbane
37946,Brisbane
37947,Brisbane
37948,Brisbane
37949,Brisbane
37950,Brisbane
37951,Brisbane
37952,Perth
37953,Sydney
37954,Brisbane
37955,Brisbane
37956,Brisbane
37957,Brisbane
37958,Brisbane
37959,Brisbane
37960,Brisbane
37961,Brisbane
37962,Brisbane
37963,Brisbane
37964,Brisbane
37965,Brisbane
37966,Brisbane
37967,Perth
37968,Brisbane
37969,Brisbane
37970,Brisbane
37971,Brisbane
37972,Brisbane
37973,Brisbane
37974,Brisbane
37975,Brisbane
37976,Brisbane
37977,Brisbane
37978,Brisbane
37979,Brisbane
37980,Brisbane
37981,Brisbane
37982,Brisbane
37983,Brisbane
37984,Brisbane
37985,Brisbane
37986,Brisbane
37987,Brisbane
37988,Brisbane
37989,Brisbane
37990,Brisbane
37991,Brisbane
37992,Brisbane
37993,Brisbane
37994,Brisbane
37995,Brisbane
37996,Brisbane
37997,Brisbane
37998,Brisbane
37999,Brisbane
38000,Brisbane
38001,Brisbane
38002,Brisbane
38003,Perth
38004,Brisbane
38005,Brisbane
38006,Brisbane
38007,Brisbane
38008,Brisbane
38009,Brisbane
38010,Brisbane
38011,Brisbane
38012,Sydney
38013,Brisbane
38014,Brisbane
38015,Brisbane
38016,Brisbane
38017,Brisbane
38018,Brisbane
38019,Brisbane
38020,Brisbane
38021,Brisbane
38022,Brisbane
38023,Perth
38024,Brisbane
38025,Brisbane
38026,Brisbane
38027,Brisbane
38028,Brisbane
38029,Brisbane
38030,Brisbane
38031,Brisbane
38032,Brisbane
38033,Brisbane
38034,Brisbane
38035,Brisbane
38036,Brisbane
38037,Brisbane
38038,Brisbane
38039,Brisbane
38040,Brisbane
38041,Brisbane
38042,Brisbane
38043,Brisbane
38044,Brisbane
38045,Brisbane
38046,Brisbane
38047,Brisbane
38048,Brisbane
38049,Brisbane
38050,Brisbane
38051,Melbourne
38052,Melbourne
38053,Brisbane
38054,Brisbane
38055,Brisbane
38056,Brisbane
38057,Brisbane
38058,Brisbane
38059,Brisbane
38060,Brisbane
38061,Perth
38062,Brisbane
38063,Brisbane
38064,Brisbane
38065,Brisbane
38066,Brisbane
38067,Brisbane
38068,Melbourne
38069,Brisbane
38070,Brisbane
38071,Melbourne
38072,Brisbane
38073,Brisbane
38074,Brisbane
38075,Brisbane
38076,Brisbane
38077,Brisbane
38078,Brisbane
38079,Brisbane
38080,Brisbane
38081,Brisbane
38082,Melbourne
38083,Brisbane
38084,Brisbane
38085,Brisbane
38086,Brisbane
38087,Brisbane
38088,Brisbane
38089,Brisbane
38090,Brisbane
38091,Brisbane
38092,Brisbane
38093,Brisbane
38094,Brisbane
38095,Melbourne
38096,Brisbane
38097,Brisbane
38098,Brisbane
38099,Brisbane
38100,Brisbane
38101,Brisbane
38102,Brisbane
38103,Brisbane
38104,Brisbane
38105,Brisbane
38106,Brisbane
38107,Melbourne
38108,Perth
38109,Brisbane
38110,Brisbane
38111,Brisbane
38112,Brisbane
38113,Melbourne
38114,Brisbane
38115,Brisbane
38116,Brisbane
38117,Brisbane
38118,Brisbane
38119,Brisbane
38120,Brisbane
38121,Brisbane
38122,Brisbane
38123,Brisbane
38124,Brisbane
38125,Melbourne
38126,Brisbane
38127,Brisbane
38128,Brisbane
38129,Brisbane
38130,Brisbane
38131,Brisbane
38132,Perth
38133,Melbourne
38134,Brisbane
38135,Brisbane
38136,Brisbane
38137,Brisbane
38138,Brisbane
38139,Brisbane
38140,Brisbane
38141,Brisbane
38142,Brisbane
38143,Sydney
38144,Brisbane
38145,Brisbane
38146,Brisbane
38147,Brisbane
38148,Brisbane
38149,Perth
38150,Brisbane
38151,Brisbane
38152,Brisbane
38153,Brisbane
38154,Brisbane
38155,Brisbane
38156,Brisbane
38157,Brisbane
38158,Brisbane
38159,Perth
38160,Melbourne
38161,Brisbane
38162,Brisbane
38163,Brisbane
38164,Brisbane
38165,Brisbane
38166,Brisbane
38167,Brisbane
38168,Brisbane
38169,Brisbane
38170,Brisbane
38171,Brisbane
38172,Brisbane
38173,Perth
38174,Brisbane
38175,Brisbane
38176,Brisbane
38177,Brisbane
38178,Brisbane
38179,Brisbane
38180,Brisbane
38181,Brisbane
38182,Brisbane
38183,Brisbane
38184,Brisbane
38185,Brisbane
38186,Brisbane
38187,Brisbane
38188,Brisbane
38189,Brisbane
38190,Brisbane
38191,Brisbane
38192,Brisbane
38193,Brisbane
38194,Brisbane
38195,Brisbane
38196,Brisbane
38197,Brisbane
38198,Brisbane
38199,Brisbane
38200,Brisbane
38201,Brisbane
38202,Brisbane
38203,Brisbane
38204,Brisbane
38205,Brisbane
38206,Brisbane
38207,Brisbane
38208,Brisbane
38209,Brisbane
38210,Brisbane
38211,Brisbane
38212,Brisbane
38213,Brisbane
38214,Perth
38215,Brisbane
38216,Brisbane
38217,Melbourne
38218,Brisbane
38219,Brisbane
38220,Brisbane
38221,Brisbane
38222,Brisbane
38223,Brisbane
38224,Brisbane
38225,Brisbane
38226,Brisbane
38227,Brisbane
38228,Brisbane
38229,Brisbane
38230,Brisbane
38231,Brisbane
38232,Brisbane
38233,Brisbane
38234,Brisbane
38235,Brisbane
38236,Melbourne
38237,Brisbane
38238,Brisbane
38239,Brisbane
38240,Melbourne
38241,Brisbane
38242,Brisbane
38243,Brisbane
38244,Brisbane
38245,Brisbane
38246,Perth
38247,Brisbane
38248,Brisbane
38249,Brisbane
38250,Brisbane
38251,Brisbane
38252,Brisbane
38253,Brisbane
38254,Brisbane
38255,Brisbane
38256,Brisbane
38257,Brisbane
38258,Brisbane
38259,Brisbane
38260,Brisbane
38261,Brisbane
38262,Brisbane
38263,Brisbane
38264,Brisbane
38265,Brisbane
38266,Brisbane
38267,Perth
38268,Perth
38269,Melbourne
38270,Brisbane
38271,Brisbane
38272,Brisbane
38273,Brisbane
38274,Brisbane
38275,Brisbane
38276,Melbourne
38277,Brisbane
38278,Brisbane
38279,Brisbane
38280,Brisbane
38281,Brisbane
38282,Brisbane
38283,Brisbane
38284,Brisbane
38285,Brisbane
38286,Perth
38287,Brisbane
38288,Brisbane
38289,Brisbane
38290,Brisbane
38291,Brisbane
38292,Perth
38293,Brisbane
38294,Brisbane
38295,Brisbane
38296,Brisbane
38297,Brisbane
38298,Brisbane
38299,Brisbane
38300,Melbourne
38301,Sydney
38302,Brisbane
38303,Brisbane
38304,Brisbane
38305,Melbourne
38306,Brisbane
38307,Sydney
38308,Brisbane
38309,Brisbane
38310,Brisbane
38311,Brisbane
38312,Brisbane
38313,Brisbane
38314,Brisbane
38315,Perth
38316,Melbourne
38317,Brisbane
38318,Brisbane
38319,Brisbane
38320,Brisbane
38321,Brisbane
38322,Brisbane
38323,Brisbane
38324,Perth
38325,Brisbane
38326,Brisbane
38327,Brisbane
38328,Brisbane
38329,Brisbane
38330,Brisbane
38331,Brisbane
38332,Brisbane
38333,Brisbane
38334,Brisbane
38335,Brisbane
38336,Brisbane
38337,Brisbane
38338,Brisbane
38339,Brisbane
38340,Perth
38341,Brisbane
38342,Brisbane
38343,Brisbane
38344,Brisbane
38345,Brisbane
38346,Brisbane
38347,Brisbane
38348,Brisbane
38349,Brisbane
38350,Brisbane
38351,Brisbane
38352,Brisbane
38353,Brisbane
38354,Brisbane
38355,Brisbane
38356,Brisbane
38357,Brisbane
38358,Brisbane
38359,Perth
38360,Melbourne
38361,Brisbane
38362,Brisbane
38363,Brisbane
38364,Brisbane
38365,Brisbane
38366,Melbourne
38367,Sydney
38368,Brisbane
38369,Sydney
38370,Brisbane
38371,Brisbane
38372,Brisbane
38373,Brisbane
38374,Brisbane
38375,Brisbane
38376,Melbourne
38377,Brisbane
38378,Brisbane
38379,Brisbane
38380,Brisbane
38381,Brisbane
38382,Brisbane
38383,Brisbane
38384,Melbourne
38385,Brisbane
38386,Brisbane
38387,Brisbane
38388,Brisbane
38389,Brisbane
38390,Brisbane
38391,Melbourne
38392,Brisbane
38393,Brisbane
38394,Brisbane
38395,Brisbane
38396,Brisbane
38397,Brisbane
38398,Brisbane
38399,Perth
38400,Brisbane
38401,Brisbane
38402,Melbourne
38403,Brisbane
38404,Brisbane
38405,Brisbane
38406,Brisbane
38407,Melbourne
38408,Brisbane
38409,Brisbane
38410,Melbourne
38411,Brisbane
38412,Brisbane
38413,Brisbane
38414,Brisbane
38415,Melbourne
38416,Brisbane
38417,Brisbane
38418,Brisbane
38419,Sydney
38420,Brisbane
38421,Brisbane
38422,Brisbane
38423,Brisbane
38424,Brisbane
38425,Brisbane
38426,Brisbane
38427,Brisbane
38428,Melbourne
38429,Brisbane
38430,Brisbane
38431,Brisbane
38432,Melbourne
38433,Perth
38434,Brisbane
38435,Brisbane
38436,Brisbane
38437,Brisbane
38438,Sydney
38439,Brisbane
38440,Brisbane
38441,Brisbane
38442,Brisbane
38443,Brisbane
38444,Brisbane
38445,Brisbane
38446,Brisbane
38447,Brisbane
38448,Melbourne
38449,Brisbane
38450,Brisbane
38451,Brisbane
38452,Brisbane
38453,Brisbane
38454,Brisbane
38455,Sydney
38456,Melbourne
38457,Brisbane
38458,Melbourne
38459,Brisbane
38460,Melbourne
38461,Brisbane
38462,Brisbane
38463,Brisbane
38464,Perth
38465,Brisbane
38466,Melbourne
38467,Brisbane
38468,Brisbane
38469,Brisbane
38470,Brisbane
38471,Perth
38472,Brisbane
38473,Brisbane
38474,Brisbane
38475,Brisbane
38476,Brisbane
38477,Melbourne
38478,Brisbane
38479,Brisbane
38480,Brisbane
38481,Brisbane
38482,Sydney
38483,Brisbane
38484,Brisbane
38485,Perth
38486,Brisbane
38487,Brisbane
38488,Brisbane
38489,Brisbane
38490,Brisbane
38491,Brisbane
38492,Brisbane
38493,Brisbane
38494,Brisbane
38495,Brisbane
38496,Brisbane
38497,Brisbane
38498,Brisbane
38499,Perth
38500,Brisbane
38501,Melbourne
38502,Brisbane
38503,Brisbane
38504,Brisbane
38505,Brisbane
38506,Brisbane
38507,Brisbane
38508,Brisbane
38509,Perth
38510,Brisbane
38511,Brisbane
38512,Brisbane
38513,Brisbane
38514,Brisbane
38515,Brisbane
38516,Brisbane
38517,Melbourne
38518,Brisbane
38519,Brisbane
38520,Perth
38521,Brisbane
38522,Brisbane
38523,Brisbane
38524,Brisbane
38525,Brisbane
38526,Brisbane
38527,Brisbane
38528,Brisbane
38529,Brisbane
38530,Brisbane
38531,Melbourne
38532,Brisbane
38533,Brisbane
38534,Brisbane
38535,Melbourne
38536,Brisbane
38537,Brisbane
38538,Brisbane
38539,Brisbane
38540,Brisbane
38541,Melbourne
38542,Brisbane
38543,Brisbane
38544,Brisbane
38545,Sydney
38546,Brisbane
38547,Brisbane
38548,Melbourne
38549,Brisbane
38550,Brisbane
38551,Brisbane
38552,Melbourne
38553,Brisbane
38554,Melbourne
38555,Brisbane
38556,Brisbane
38557,Sydney
38558,Brisbane
38559,Brisbane
38560,Brisbane
38561,Brisbane
38562,Brisbane
38563,Brisbane
38564,Brisbane
38565,Brisbane
38566,Brisbane
38567,Brisbane
38568,Brisbane
38569,Brisbane
38570,Perth
38571,Brisbane
38572,Melbourne
38573,Brisbane
38574,Sydney
38575,Brisbane
38576,Brisbane
38577,Brisbane
38578,Perth
38579,Brisbane
38580,Brisbane
38581,Brisbane
38582,Brisbane
38583,Sydney
38584,Brisbane
38585,Brisbane
38586,Brisbane
38587,Brisbane
38588,Perth
38589,Melbourne
38590,Perth
38591,Brisbane
38592,Brisbane
38593,Brisbane
38594,Brisbane
38595,Brisbane
38596,Brisbane
38597,Brisbane
38598,Perth
38599,Brisbane
38600,Brisbane
38601,Brisbane
38602,Perth
38603,Brisbane
38604,Brisbane
38605,Brisbane
38606,Brisbane
38607,Brisbane
38608,Brisbane
38609,Brisbane
38610,Brisbane
38611,Brisbane
38612,Brisbane
38613,Brisbane
38614,Brisbane
38615,Brisbane
38616,Brisbane
38617,Brisbane
38618,Brisbane
38619,Brisbane
38620,Brisbane
38621,Brisbane
38622,Brisbane
38623,Brisbane
38624,Brisbane
38625,Brisbane
38626,Brisbane
38627,Brisbane
38628,Brisbane
38629,Brisbane
38630,Melbourne
38631,Melbourne
38632,Brisbane
38633,Brisbane
38634,Brisbane
38635,Brisbane
38636,Brisbane
38637,Perth
38638,Brisbane
38639,Brisbane
38640,Sydney
38641,Brisbane
38642,Brisbane
38643,Brisbane
38644,Brisbane
38645,Brisbane
38646,Melbourne
38647,Brisbane
38648,Brisbane
38649,Brisbane
38650,Brisbane
38651,Brisbane
38652,Brisbane
38653,Brisbane
38654,Brisbane
38655,Brisbane
38656,Brisbane
38657,Brisbane
38658,Melbourne
38659,Brisbane
38660,Melbourne
38661,Brisbane
38662,Perth
38663,Brisbane
38664,Brisbane
38665,Brisbane
38666,Brisbane
38667,Brisbane
38668,Brisbane
38669,Brisbane
38670,Brisbane
38671,Perth
38672,Brisbane
38673,Brisbane
38674,Brisbane
38675,Brisbane
38676,Brisbane
38677,Brisbane
38678,Brisbane
38679,Brisbane
38680,Perth
38681,Brisbane
38682,Brisbane
38683,Brisbane
38684,Brisbane
38685,Brisbane
38686,Brisbane
38687,Brisbane
38688,Brisbane
38689,Brisbane
38690,Perth
38691,Brisbane
38692,Brisbane
38693,Brisbane
38694,Melbourne
38695,Brisbane
38696,Brisbane
38697,Brisbane
38698,Brisbane
38699,Brisbane
38700,Brisbane
38701,Brisbane
38702,Brisbane
38703,Brisbane
38704,Brisbane
38705,Brisbane
38706,Brisbane
38707,Brisbane
38708,Brisbane
38709,Melbourne
38710,Brisbane
38711,Brisbane
38712,Perth
38713,Brisbane
38714,Brisbane
38715,Brisbane
38716,Brisbane
38717,Brisbane
38718,Brisbane
38719,Brisbane
38720,Brisbane
38721,Brisbane
38722,Sydney
38723,Brisbane
38724,Sydney
38725,Brisbane
38726,Brisbane
38727,Brisbane
38728,Brisbane
38729,Brisbane
38730,Melbourne
38731,Brisbane
38732,Brisbane
38733,Brisbane
38734,Brisbane
38735,Brisbane
38736,Brisbane
38737,Brisbane
38738,Brisbane
38739,Brisbane
38740,Perth
38741,Brisbane
38742,Brisbane
38743,Brisbane
38744,Brisbane
38745,Brisbane
38746,Brisbane
38747,Brisbane
38748,Brisbane
38749,Brisbane
38750,Brisbane
38751,Brisbane
38752,Brisbane
38753,Brisbane
38754,Brisbane
38755,Brisbane
38756,Brisbane
38757,Brisbane
38758,Brisbane
38759,Brisbane
38760,Brisbane
38761,Brisbane
38762,Brisbane
38763,Brisbane
38764,Perth
38765,Melbourne
38766,Brisbane
38767,Brisbane
38768,Brisbane
38769,Brisbane
38770,Brisbane
38771,Sydney
38772,Brisbane
38773,Brisbane
38774,Brisbane
38775,Brisbane
38776,Brisbane
38777,Brisbane
38778,Brisbane
38779,Brisbane
38780,Brisbane
38781,Brisbane
38782,Brisbane
38783,Melbourne
38784,Brisbane
38785,Sydney
38786,Brisbane
38787,Brisbane
38788,Brisbane
38789,Brisbane
38790,Brisbane
38791,Brisbane
38792,Brisbane
38793,Brisbane
38794,Brisbane
38795,Brisbane
38796,Brisbane
38797,Perth
38798,Brisbane
38799,Brisbane
38800,Brisbane
38801,Brisbane
38802,Brisbane
38803,Perth
38804,Melbourne
38805,Brisbane
38806,Brisbane
38807,Brisbane
38808,Brisbane
38809,Brisbane
38810,Brisbane
38811,Brisbane
38812,Brisbane
38813,Brisbane
38814,Brisbane
38815,Brisbane
38816,Brisbane
38817,Brisbane
38818,Brisbane
38819,Brisbane
38820,Brisbane
38821,Brisbane
38822,Brisbane
38823,Brisbane
38824,Brisbane
38825,Brisbane
38826,Brisbane
38827,Brisbane
38828,Brisbane
38829,Brisbane
38830,Brisbane
38831,Brisbane
38832,Brisbane
38833,Brisbane
38834,Brisbane
38835,Perth
38836,Perth
38837,Brisbane
38838,Perth
38839,Brisbane
38840,Brisbane
38841,Brisbane
38842,Brisbane
38843,Perth
38844,Brisbane
38845,Brisbane
38846,Brisbane
38847,Brisbane
38848,Brisbane
38849,Brisbane
38850,Brisbane
38851,Brisbane
38852,Brisbane
38853,Brisbane
38854,Perth
38855,Brisbane
38856,Brisbane
38857,Brisbane
38858,Perth
38859,Brisbane
38860,Perth
38861,Brisbane
38862,Brisbane
38863,Brisbane
38864,Brisbane
38865,Brisbane
38866,Brisbane
38867,Brisbane
38868,Brisbane
38869,Brisbane
38870,Brisbane
38871,Brisbane
38872,Sydney
38873,Brisbane
38874,Melbourne
38875,Brisbane
38876,Brisbane
38877,Brisbane
38878,Brisbane
38879,Brisbane
38880,Brisbane
38881,Brisbane
38882,Brisbane
38883,Brisbane
38884,Brisbane
38885,Brisbane
38886,Brisbane
38887,Brisbane
38888,Brisbane
38889,Brisbane
38890,Brisbane
38891,Brisbane
38892,Brisbane
38893,Brisbane
38894,Brisbane
38895,Brisbane
38896,Brisbane
38897,Brisbane
38898,Brisbane
38899,Brisbane
38900,Brisbane
38901,Melbourne
38902,Brisbane
38903,Brisbane
38904,Brisbane
38905,Brisbane
38906,Brisbane
38907,Brisbane
38908,Brisbane
38909,Brisbane
38910,Brisbane
38911,Brisbane
38912,Melbourne
38913,Melbourne
38914,Brisbane
38915,Sydney
38916,Brisbane
38917,Brisbane
38918,Brisbane
38919,Brisbane
38920,Brisbane
38921,Brisbane
38922,Brisbane
38923,Brisbane
38924,Brisbane
38925,Perth
38926,Brisbane
38927,Brisbane
38928,Brisbane
38929,Brisbane
38930,Brisbane
38931,Brisbane
38932,Brisbane
38933,Brisbane
38934,Brisbane
38935,Brisbane
38936,Brisbane
38937,Brisbane
38938,Brisbane
38939,Brisbane
38940,Perth
38941,Brisbane
38942,Brisbane
38943,Melbourne
38944,Brisbane
38945,Brisbane
38946,Brisbane
38947,Brisbane
38948,Brisbane
38949,Brisbane
38950,Brisbane
38951,Brisbane
38952,Brisbane
38953,Brisbane
38954,Brisbane
38955,Brisbane
38956,Brisbane
38957,Melbourne
38958,Brisbane
38959,Brisbane
38960,Sydney
38961,Brisbane
38962,Brisbane
38963,Brisbane
38964,Brisbane
38965,Perth
38966,Brisbane
38967,Brisbane
38968,Sydney
38969,Brisbane
38970,Brisbane
38971,Melbourne
38972,Sydney
38973,Brisbane
38974,Brisbane
38975,Brisbane
38976,Brisbane
38977,Brisbane
38978,Brisbane
38979,Brisbane
38980,Melbourne
38981,Melbourne
38982,Brisbane
38983,Brisbane
38984,Brisbane
38985,Brisbane
38986,Brisbane
38987,Brisbane
38988,Brisbane
38989,Brisbane
38990,Brisbane
38991,Melbourne
38992,Brisbane
38993,Brisbane
38994,Brisbane
38995,Brisbane
38996,Brisbane
38997,Brisbane
38998,Brisbane
38999,Brisbane
39000,Brisbane
39001,Brisbane
39002,Brisbane
39003,Brisbane
39004,Brisbane
39005,Brisbane
39006,Perth
39007,Brisbane
39008,Brisbane
39009,Brisbane
39010,Brisbane
39011,Brisbane
39012,Brisbane
39013,Brisbane
39014,Brisbane
39015,Brisbane
39016,Brisbane
39017,Brisbane
39018,Brisbane
39019,Brisbane
39020,Perth
39021,Sydney
39022,Perth
39023,Brisbane
39024,Brisbane
39025,Brisbane
39026,Brisbane
39027,Brisbane
39028,Brisbane
39029,Brisbane
39030,Brisbane
39031,Brisbane
39032,Brisbane
39033,Brisbane
39034,Sydney
39035,Brisbane
39036,Brisbane
39037,Brisbane
39038,Brisbane
39039,Brisbane
39040,Brisbane
39041,Brisbane
39042,Brisbane
39043,Brisbane
39044,Brisbane
39045,Brisbane
39046,Brisbane
39047,Brisbane
39048,Brisbane
39049,Brisbane
39050,Brisbane
39051,Melbourne
39052,Brisbane
39053,Brisbane
39054,Brisbane
39055,Brisbane
39056,Brisbane
39057,Brisbane
39058,Sydney
39059,Brisbane
39060,Brisbane
39061,Brisbane
39062,Brisbane
39063,Brisbane
39064,Melbourne
39065,Brisbane
39066,Brisbane
39067,Brisbane
39068,Brisbane
39069,Brisbane
39070,Brisbane
39071,Perth
39072,Brisbane
39073,Sydney
39074,Brisbane
39075,Brisbane
39076,Brisbane
39077,Brisbane
39078,Brisbane
39079,Brisbane
39080,Brisbane
39081,Brisbane
39082,Brisbane
39083,Brisbane
39084,Perth
39085,Brisbane
39086,Brisbane
39087,Brisbane
39088,Brisbane
39089,Brisbane
39090,Brisbane
39091,Brisbane
39092,Brisbane
39093,Brisbane
39094,Brisbane
39095,Brisbane
39096,Brisbane
39097,Brisbane
39098,Brisbane
39099,Brisbane
39100,Melbourne
39101,Brisbane
39102,Brisbane
39103,Brisbane
39104,Brisbane
39105,Brisbane
39106,Brisbane
39107,Brisbane
39108,Brisbane
39109,Brisbane
39110,Brisbane
39111,Brisbane
39112,Brisbane
39113,Brisbane
39114,Perth
39115,Brisbane
39116,Brisbane
39117,Brisbane
39118,Brisbane
39119,Brisbane
39120,Brisbane
39121,Brisbane
39122,Brisbane
39123,Brisbane
39124,Brisbane
39125,Brisbane
39126,Brisbane
39127,Brisbane
39128,Perth
39129,Brisbane
39130,Brisbane
39131,Brisbane
39132,Brisbane
39133,Brisbane
39134,Perth
39135,Brisbane
39136,Brisbane
39137,Brisbane
39138,Brisbane
39139,Brisbane
39140,Brisbane
39141,Perth
39142,Brisbane
39143,Brisbane
39144,Brisbane
39145,Brisbane
39146,Brisbane
39147,Brisbane
39148,Brisbane
39149,Brisbane
39150,Brisbane
39151,Brisbane
39152,Brisbane
39153,Brisbane
39154,Brisbane
39155,Brisbane
39156,Brisbane
39157,Melbourne
39158,Brisbane
39159,Brisbane
39160,Brisbane
39161,Brisbane
39162,Brisbane
39163,Brisbane
39164,Brisbane
39165,Brisbane
39166,Brisbane
39167,Brisbane
39168,Brisbane
39169,Brisbane
39170,Brisbane
39171,Brisbane
39172,Brisbane
39173,Brisbane
39174,Brisbane
39175,Brisbane
39176,Brisbane
39177,Brisbane
39178,Brisbane
39179,Brisbane
39180,Brisbane
39181,Brisbane
39182,Brisbane
39183,Brisbane
39184,Brisbane
39185,Brisbane
39186,Brisbane
39187,Brisbane
39188,Brisbane
39189,Brisbane
39190,Brisbane
39191,Brisbane
39192,Brisbane
39193,Brisbane
39194,Brisbane
39195,Brisbane
39196,Brisbane
39197,Brisbane
39198,Brisbane
39199,Sydney
39200,Brisbane
39201,Brisbane
39202,Brisbane
39203,Brisbane
39204,Brisbane
39205,Brisbane
39206,Brisbane
39207,Brisbane
39208,Brisbane
39209,Brisbane
39210,Brisbane
39211,Brisbane
39212,Brisbane
39213,Brisbane
39214,Melbourne
39215,Brisbane
39216,Brisbane
39217,Melbourne
39218,Brisbane
39219,Brisbane
39220,Brisbane
39221,Brisbane
39222,Brisbane
39223,Brisbane
39224,Brisbane
39225,Brisbane
39226,Brisbane
39227,Brisbane
39228,Brisbane
39229,Brisbane
39230,Brisbane
39231,Brisbane
39232,Brisbane
39233,Brisbane
39234,Brisbane
39235,Brisbane
39236,Brisbane
39237,Brisbane
39238,Brisbane
39239,Melbourne
39240,Brisbane
39241,Brisbane
39242,Brisbane
39243,Brisbane
39244,Brisbane
39245,Brisbane
39246,Brisbane
39247,Brisbane
39248,Brisbane
39249,Brisbane
39250,Sydney
39251,Brisbane
39252,Brisbane
39253,Brisbane
39254,Brisbane
39255,Brisbane
39256,Melbourne
39257,Brisbane
39258,Brisbane
39259,Brisbane
39260,Brisbane
39261,Brisbane
39262,Brisbane
39263,Brisbane
39264,Brisbane
39265,Brisbane
39266,Brisbane
39267,Brisbane
39268,Perth
39269,Brisbane
39270,Brisbane
39271,Brisbane
39272,Brisbane
39273,Brisbane
39274,Brisbane
39275,Brisbane
39276,Brisbane
39277,Perth
39278,Sydney
39279,Brisbane
39280,Brisbane
39281,Brisbane
39282,Melbourne
39283,Brisbane
39284,Brisbane
39285,Brisbane
39286,Brisbane
39287,Brisbane
39288,Brisbane
39289,Brisbane
39290,Melbourne
39291,Brisbane
39292,Brisbane
39293,Brisbane
39294,Brisbane
39295,Brisbane
39296,Brisbane
39297,Brisbane
39298,Brisbane
39299,Brisbane
39300,Brisbane
39301,Brisbane
39302,Brisbane
39303,Brisbane
39304,Brisbane
39305,Brisbane
39306,Brisbane
39307,Brisbane
39308,Brisbane
39309,Brisbane
39310,Brisbane
39311,Brisbane
39312,Brisbane
39313,Brisbane
39314,Melbourne
39315,Brisbane
39316,Brisbane
39317,Brisbane
39318,Brisbane
39319,Perth
39320,Brisbane
39321,Melbourne
39322,Brisbane
39323,Brisbane
39324,Brisbane
39325,Brisbane
39326,Brisbane
39327,Brisbane
39328,Sydney
39329,Brisbane
39330,Brisbane
39331,Brisbane
39332,Brisbane
39333,Brisbane
39334,Brisbane
39335,Brisbane
39336,Brisbane
39337,Brisbane
39338,Brisbane
39339,Brisbane
39340,Brisbane
39341,Brisbane
39342,Brisbane
39343,Brisbane
39344,Brisbane
39345,Brisbane
39346,Brisbane
39347,Brisbane
39348,Brisbane
39349,Brisbane
39350,Brisbane
39351,Sydney
39352,Brisbane
39353,Brisbane
39354,Brisbane
39355,Brisbane
39356,Brisbane
39357,Brisbane
39358,Brisbane
39359,Brisbane
39360,Brisbane
39361,Brisbane
39362,Brisbane
39363,Brisbane
39364,Brisbane
39365,Brisbane
39366,Brisbane
39367,Brisbane
39368,Brisbane
39369,Brisbane
39370,Melbourne
39371,Brisbane
39372,Brisbane
39373,Brisbane
39374,Brisbane
39375,Brisbane
39376,Brisbane
39377,Brisbane
39378,Brisbane
39379,Perth
39380,Brisbane
39381,Brisbane
39382,Brisbane
39383,Brisbane
39384,Brisbane
39385,Brisbane
39386,Brisbane
39387,Brisbane
39388,Brisbane
39389,Brisbane
39390,Brisbane
39391,Brisbane
39392,Sydney
39393,Brisbane
39394,Brisbane
39395,Brisbane
39396,Brisbane
39397,Brisbane
39398,Brisbane
39399,Brisbane
39400,Brisbane
39401,Brisbane
39402,Brisbane
39403,Sydney
39404,Brisbane
39405,Brisbane
39406,Brisbane
39407,Brisbane
39408,Brisbane
39409,Melbourne
39410,Perth
39411,Brisbane
39412,Brisbane
39413,Brisbane
39414,Brisbane
39415,Brisbane
39416,Perth
39417,Brisbane
39418,Brisbane
39419,Brisbane
39420,Brisbane
39421,Brisbane
39422,Brisbane
39423,Brisbane
39424,Brisbane
39425,Brisbane
39426,Brisbane
39427,Brisbane
39428,Perth
39429,Brisbane
39430,Brisbane
39431,Brisbane
39432,Brisbane
39433,Brisbane
39434,Brisbane
39435,Melbourne
39436,Brisbane
39437,Brisbane
39438,Brisbane
39439,Brisbane
39440,Brisbane
39441,Brisbane
39442,Melbourne
39443,Perth
39444,Brisbane
39445,Brisbane
39446,Brisbane
39447,Brisbane
39448,Brisbane
39449,Brisbane
39450,Brisbane
39451,Brisbane
39452,Brisbane
39453,Sydney
39454,Brisbane
39455,Brisbane
39456,Brisbane
39457,Sydney
39458,Brisbane
39459,Brisbane
39460,Melbourne
39461,Brisbane
39462,Melbourne
39463,Brisbane
39464,Perth
39465,Brisbane
39466,Brisbane
39467,Melbourne
39468,Melbourne
39469,Brisbane
39470,Brisbane
39471,Brisbane
39472,Brisbane
39473,Brisbane
39474,Brisbane
39475,Brisbane
39476,Brisbane
39477,Brisbane
39478,Brisbane
39479,Brisbane
39480,Brisbane
39481,Brisbane
39482,Brisbane
39483,Brisbane
39484,Perth
39485,Brisbane
39486,Brisbane
39487,Brisbane
39488,Brisbane
39489,Brisbane
39490,Brisbane
39491,Brisbane
39492,Brisbane
39493,Melbourne
39494,Brisbane
39495,Brisbane
39496,Brisbane
39497,Brisbane
39498,Brisbane
39499,Brisbane
39500,Brisbane
39501,Melbourne
39502,Melbourne
39503,Brisbane
39504,Brisbane
39505,Brisbane
39506,Brisbane
39507,Brisbane
39508,Brisbane
39509,Sydney
39510,Brisbane
39511,Brisbane
39512,Brisbane
39513,Brisbane
39514,Sydney
39515,Brisbane
39516,Brisbane
39517,Brisbane
39518,Brisbane
39519,Brisbane
39520,Brisbane
39521,Brisbane
39522,Brisbane
39523,Brisbane
39524,Melbourne
39525,Brisbane
39526,Brisbane
39527,Brisbane
39528,Brisbane
39529,Melbourne
39530,Brisbane
39531,Melbourne
39532,Brisbane
39533,Brisbane
39534,Sydney
39535,Brisbane
39536,Brisbane
39537,Brisbane
39538,Brisbane
39539,Brisbane
39540,Brisbane
39541,Brisbane
39542,Brisbane
39543,Brisbane
39544,Brisbane
39545,Brisbane
39546,Brisbane
39547,Brisbane
39548,Brisbane
39549,Melbourne
39550,Brisbane
39551,Brisbane
39552,Brisbane
39553,Brisbane
39554,Melbourne
39555,Brisbane
39556,Brisbane
39557,Brisbane
39558,Brisbane
39559,Melbourne
39560,Brisbane
39561,Brisbane
39562,Brisbane
39563,Brisbane
39564,Brisbane
39565,Melbourne
39566,Brisbane
39567,Brisbane
39568,Brisbane
39569,Brisbane
39570,Brisbane
39571,Brisbane
39572,Brisbane
39573,Brisbane
39574,Brisbane
39575,Brisbane
39576,Brisbane
39577,Brisbane
39578,Brisbane
39579,Perth
39580,Brisbane
39581,Brisbane
39582,Brisbane
39583,Brisbane
39584,Brisbane
39585,Brisbane
39586,Brisbane
39587,Sydney
39588,Brisbane
39589,Brisbane
39590,Brisbane
39591,Brisbane
39592,Brisbane
39593,Perth
39594,Brisbane
39595,Brisbane
39596,Brisbane
39597,Brisbane
39598,Brisbane
39599,Brisbane
39600,Brisbane
39601,Brisbane
39602,Brisbane
39603,Melbourne
39604,Melbourne
39605,Brisbane
39606,Brisbane
39607,Brisbane
39608,Brisbane
39609,Brisbane
39610,Perth
39611,Brisbane
39612,Brisbane
39613,Melbourne
39614,Brisbane
39615,Brisbane
39616,Brisbane
39617,Perth
39618,Brisbane
39619,Brisbane
39620,Brisbane
39621,Perth
39622,Brisbane
39623,Brisbane
39624,Brisbane
39625,Brisbane
39626,Brisbane
39627,Perth
39628,Brisbane
39629,Brisbane
39630,Brisbane
39631,Brisbane
39632,Perth
39633,Sydney
39634,Brisbane
39635,Brisbane
39636,Brisbane
39637,Brisbane
39638,Brisbane
39639,Brisbane
39640,Brisbane
39641,Brisbane
39642,Brisbane
39643,Brisbane
39644,Brisbane
39645,Brisbane
39646,Brisbane
39647,Brisbane
39648,Brisbane
39649,Brisbane
39650,Brisbane
39651,Brisbane
39652,Sydney
39653,Brisbane
39654,Brisbane
39655,Brisbane
39656,Brisbane
39657,Brisbane
39658,Brisbane
39659,Brisbane
39660,Brisbane
39661,Brisbane
39662,Brisbane
39663,Brisbane
39664,Brisbane
39665,Perth
39666,Brisbane
39667,Brisbane
39668,Brisbane
39669,Brisbane
39670,Brisbane
39671,Brisbane
39672,Brisbane
39673,Brisbane
39674,Brisbane
39675,Melbourne
39676,Brisbane
39677,Sydney
39678,Brisbane
39679,Brisbane
39680,Brisbane
39681,Brisbane
39682,Brisbane
39683,Brisbane
39684,Brisbane
39685,Brisbane
39686,Brisbane
39687,Brisbane
39688,Brisbane
39689,Brisbane
39690,Brisbane
39691,Brisbane
39692,Brisbane
39693,Melbourne
39694,Brisbane
39695,Melbourne
39696,Brisbane
39697,Brisbane
39698,Brisbane
39699,Brisbane
39700,Brisbane
39701,Brisbane
39702,Brisbane
39703,Brisbane
39704,Brisbane
39705,Brisbane
39706,Brisbane
39707,Brisbane
39708,Brisbane
39709,Brisbane
39710,Brisbane
39711,Brisbane
39712,Brisbane
39713,Brisbane
39714,Brisbane
39715,Brisbane
39716,Brisbane
39717,Brisbane
39718,Brisbane
39719,Sydney
39720,Brisbane
39721,Brisbane
39722,Brisbane
39723,Brisbane
39724,Brisbane
39725,Brisbane
39726,Brisbane
39727,Melbourne
39728,Melbourne
39729,Brisbane
39730,Brisbane
39731,Brisbane
39732,Brisbane
39733,Brisbane
39734,Brisbane
39735,Brisbane
39736,Sydney
39737,Brisbane
39738,Brisbane
39739,Brisbane
39740,Brisbane
39741,Brisbane
39742,Brisbane
39743,Perth
39744,Brisbane
39745,Brisbane
39746,Brisbane
39747,Brisbane
39748,Brisbane
39749,Melbourne
39750,Brisbane
39751,Brisbane
39752,Brisbane
39753,Brisbane
39754,Melbourne
39755,Brisbane
39756,Brisbane
39757,Brisbane
39758,Brisbane
39759,Brisbane
39760,Melbourne
39761,Brisbane
39762,Brisbane
39763,Brisbane
39764,Brisbane
39765,Brisbane
39766,Brisbane
39767,Brisbane
39768,Brisbane
39769,Brisbane
39770,Melbourne
39771,Brisbane
39772,Brisbane
39773,Brisbane
39774,Brisbane
39775,Brisbane
39776,Brisbane
39777,Brisbane
39778,Brisbane
39779,Brisbane
39780,Brisbane
39781,Brisbane
39782,Brisbane
39783,Brisbane
39784,Brisbane
39785,Brisbane
39786,Brisbane
39787,Brisbane
39788,Brisbane
39789,Brisbane
39790,Brisbane
39791,Brisbane
39792,Brisbane
39793,Brisbane
39794,Brisbane
39795,Brisbane
39796,Brisbane
39797,Brisbane
39798,Brisbane
39799,Brisbane
39800,Brisbane
39801,Brisbane
39802,Brisbane
39803,Brisbane
39804,Brisbane
39805,Brisbane
39806,Brisbane
39807,Brisbane
39808,Perth
39809,Brisbane
39810,Brisbane
39811,Melbourne
39812,Brisbane
39813,Brisbane
39814,Brisbane
39815,Perth
39816,Brisbane
39817,Sydney
39818,Brisbane
39819,Brisbane
39820,Brisbane
39821,Brisbane
39822,Brisbane
39823,Brisbane
39824,Brisbane
39825,Brisbane
39826,Brisbane
39827,Brisbane
39828,Brisbane
39829,Brisbane
39830,Brisbane
39831,Melbourne
39832,Brisbane
39833,Brisbane
39834,Brisbane
39835,Brisbane
39836,Brisbane
39837,Brisbane
39838,Brisbane
39839,Brisbane
39840,Perth
39841,Brisbane
39842,Brisbane
39843,Brisbane
39844,Melbourne
39845,Perth
39846,Brisbane
39847,Brisbane
39848,Brisbane
39849,Brisbane
39850,Brisbane
39851,Brisbane
39852,Brisbane
39853,Brisbane
39854,Brisbane
39855,Brisbane
39856,Brisbane
39857,Brisbane
39858,Brisbane
39859,Brisbane
39860,Brisbane
39861,Brisbane
39862,Brisbane
39863,Brisbane
39864,Brisbane
39865,Brisbane
39866,Brisbane
39867,Brisbane
39868,Brisbane
39869,Melbourne
39870,Brisbane
39871,Brisbane
39872,Brisbane
39873,Brisbane
39874,Brisbane
39875,Brisbane
39876,Brisbane
39877,Brisbane
39878,Brisbane
39879,Brisbane
39880,Brisbane
39881,Brisbane
39882,Brisbane
39883,Brisbane
39884,Brisbane
39885,Perth
39886,Brisbane
39887,Brisbane
39888,Brisbane
39889,Brisbane
39890,Brisbane
39891,Brisbane
39892,Brisbane
39893,Brisbane
39894,Brisbane
39895,Brisbane
39896,Brisbane
39897,Brisbane
39898,Melbourne
39899,Brisbane
39900,Melbourne
39901,Brisbane
39902,Brisbane
39903,Brisbane
39904,Brisbane
39905,Brisbane
39906,Brisbane
39907,Brisbane
39908,Brisbane
39909,Brisbane
39910,Brisbane
39911,Melbourne
39912,Sydney
39913,Brisbane
39914,Melbourne
39915,Brisbane
39916,Brisbane
39917,Brisbane
39918,Brisbane
39919,Perth
39920,Brisbane
39921,Brisbane
39922,Brisbane
39923,Brisbane
39924,Brisbane
39925,Brisbane
39926,Brisbane
39927,Sydney
39928,Brisbane
39929,Brisbane
39930,Brisbane
39931,Brisbane
39932,Perth
39933,Brisbane
39934,Brisbane
39935,Brisbane
39936,Brisbane
39937,Brisbane
39938,Brisbane
39939,Brisbane
39940,Sydney
39941,Brisbane
39942,Brisbane
39943,Brisbane
39944,Brisbane
39945,Brisbane
39946,Melbourne
39947,Brisbane
39948,Brisbane
39949,Brisbane
39950,Brisbane
39951,Brisbane
39952,Brisbane
39953,Brisbane
39954,Brisbane
39955,Brisbane
39956,Sydney
39957,Brisbane
39958,Brisbane
39959,Brisbane
39960,Brisbane
39961,Brisbane
39962,Brisbane
39963,Brisbane
39964,Brisbane
39965,Brisbane
39966,Brisbane
39967,Brisbane
39968,Brisbane
39969,Sydney
39970,Brisbane
39971,Brisbane
39972,Brisbane
39973,Brisbane
39974,Brisbane
39975,Perth
39976,Brisbane
39977,Brisbane
39978,Perth
39979,Perth
39980,Brisbane
39981,Brisbane
39982,Brisbane
39983,Brisbane
39984,Brisbane
39985,Brisbane
39986,Brisbane
39987,Brisbane
39988,Brisbane
39989,Brisbane
39990,Brisbane
39991,Brisbane
39992,Perth
39993,Brisbane
39994,Sydney
39995,Brisbane
39996,Brisbane
39997,Brisbane
39998,Brisbane
39999,Brisbane
310000,Brisbane
310001,Brisbane
310002,Brisbane
310003,Brisbane
310004,Brisbane
310005,Brisbane
310006,Brisbane
310007,Melbourne
310008,Brisbane
310009,Brisbane
310010,Brisbane
310011,Brisbane
310012,Brisbane
310013,Melbourne
310014,Brisbane
310015,Brisbane
310016,Brisbane
310017,Brisbane
310018,Brisbane
310019,Brisbane
310020,Sydney
310021,Brisbane
310022,Brisbane
310023,Brisbane
310024,Brisbane
310025,Brisbane
310026,Brisbane
310027,Brisbane
310028,Brisbane
310029,Brisbane
310030,Brisbane
310031,Brisbane
310032,Perth
310033,Brisbane
310034,Brisbane
310035,Brisbane
310036,Brisbane
310037,Brisbane
310038,Brisbane
310039,Brisbane
310040,Brisbane
310041,Brisbane
310042,Brisbane
310043,Brisbane
310044,Brisbane
310045,Brisbane
310046,Brisbane
310047,Sydney
310048,Brisbane
310049,Brisbane
310050,Brisbane
310051,Brisbane
310052,Brisbane
310053,Brisbane
310054,Brisbane
310055,Melbourne
310056,Sydney
310057,Brisbane
310058,Brisbane
310059,Brisbane
310060,Brisbane
310061,Perth
310062,Brisbane
310063,Brisbane
310064,Brisbane
310065,Brisbane
310066,Brisbane
310067,Brisbane
310068,Brisbane
310069,Brisbane
310070,Brisbane
310071,Brisbane
310072,Brisbane
310073,Brisbane
310074,Brisbane
310075,Brisbane
310076,Brisbane
310077,Brisbane
310078,Brisbane
310079,Brisbane
310080,Brisbane
310081,Brisbane
310082,Perth
310083,Sydney
310084,Brisbane
310085,Perth
310086,Brisbane
310087,Perth
310088,Brisbane
310089,Brisbane
310090,Brisbane
310091,Brisbane
310092,Brisbane
310093,Brisbane
310094,Brisbane
310095,Brisbane
310096,Brisbane
310097,Brisbane
310098,Brisbane
310099,Perth
310100,Brisbane
310101,Brisbane
310102,Brisbane
310103,Brisbane
310104,Melbourne
310105,Brisbane
310106,Brisbane
310107,Perth
310108,Brisbane
310109,Brisbane
310110,Brisbane
310111,Brisbane
310112,Brisbane
310113,Brisbane
310114,Brisbane
310115,Brisbane
310116,Brisbane
310117,Brisbane
310118,Brisbane
310119,Brisbane
310120,Brisbane
310121,Brisbane
310122,Brisbane
310123,Brisbane
310124,Brisbane
310125,Brisbane
310126,Brisbane
310127,Brisbane
310128,Sydney
310129,Brisbane
310130,Brisbane
310131,Brisbane
310132,Brisbane
310133,Brisbane
310134,Brisbane
310135,Brisbane
310136,Brisbane
310137,Brisbane
310138,Brisbane
310139,Brisbane
310140,Brisbane
310141,Brisbane
310142,Brisbane
310143,Sydney
310144,Brisbane
310145,Brisbane
310146,Sydney
310147,Brisbane
310148,Brisbane
310149,Brisbane
310150,Brisbane
310151,Brisbane
310152,Brisbane
310153,Brisbane
310154,Melbourne
310155,Brisbane
310156,Brisbane
310157,Perth
310158,Melbourne
310159,Brisbane
310160,Brisbane
310161,Brisbane
310162,Brisbane
310163,Perth
310164,Sydney
310165,Brisbane
310166,Brisbane
310167,Sydney
310168,Brisbane
310169,Brisbane
310170,Brisbane
310171,Brisbane
310172,Brisbane
310173,Brisbane
310174,Brisbane
310175,Brisbane
310176,Melbourne
310177,Brisbane
310178,Brisbane
310179,Brisbane
310180,Brisbane
310181,Sydney
310182,Brisbane
310183,Brisbane
310184,Brisbane
310185,Brisbane
310186,Brisbane
310187,Melbourne
310188,Brisbane
310189,Brisbane
310190,Brisbane
310191,Brisbane
310192,Brisbane
310193,Brisbane
310194,Brisbane
310195,Brisbane
310196,Brisbane
310197,Brisbane
310198,Brisbane
310199,Brisbane
310200,Brisbane
310201,Brisbane
310202,Brisbane
310203,Brisbane
310204,Melbourne
310205,Brisbane
310206,Brisbane
310207,Brisbane
310208,Brisbane
310209,Brisbane
310210,Brisbane
310211,Brisbane
310212,Brisbane
310213,Brisbane
310214,Sydney
310215,Brisbane
310216,Brisbane
310217,Perth
310218,Brisbane
310219,Perth
310220,Brisbane
310221,Brisbane
310222,Brisbane
310223,Brisbane
310224,Brisbane
310225,Brisbane
310226,Brisbane
310227,Sydney
310228,Sydney
310229,Brisbane
310230,Brisbane
310231,Brisbane
310232,Perth
310233,Brisbane
310234,Brisbane
310235,Brisbane
310236,Brisbane
310237,Brisbane
310238,Brisbane
310239,Brisbane
310240,Brisbane
310241,Perth
310242,Brisbane
310243,Brisbane
310244,Brisbane
310245,Brisbane
310246,Brisbane
310247,Brisbane
310248,Perth
310249,Brisbane
310250,Brisbane
310251,Sydney
310252,Brisbane
310253,Brisbane
310254,Brisbane
310255,Brisbane
310256,Brisbane
310257,Brisbane
310258,Brisbane
310259,Brisbane
310260,Brisbane
310261,Sydney
310262,Brisbane
310263,Brisbane
310264,Brisbane
310265,Brisbane
310266,Brisbane
310267,Brisbane
310268,Brisbane
310269,Brisbane
310270,Perth
310271,Brisbane
310272,Brisbane
310273,Brisbane
310274,Brisbane
310275,Brisbane
310276,Brisbane
310277,Sydney
310278,Brisbane
310279,Brisbane
310280,Brisbane
310281,Brisbane
310282,Brisbane
310283,Brisbane
310284,Brisbane
310285,Brisbane
310286,Sydney
310287,Brisbane
310288,Brisbane
310289,Brisbane
310290,Brisbane
310291,Perth
310292,Brisbane
310293,Brisbane
310294,Sydney
310295,Brisbane
310296,Brisbane
310297,Sydney
310298,Brisbane
310299,Brisbane
310300,Brisbane
310301,Brisbane
310302,Brisbane
310303,Brisbane
310304,Brisbane
310305,Brisbane
310306,Brisbane
310307,Brisbane
310308,Brisbane
310309,Brisbane
310310,Brisbane
310311,Sydney
310312,Brisbane
310313,Brisbane
310314,Brisbane
310315,Brisbane
310316,Brisbane
310317,Brisbane
310318,Brisbane
310319,Brisbane
310320,Brisbane
310321,Brisbane
310322,Brisbane
310323,Brisbane
310324,Brisbane
310325,Brisbane
310326,Brisbane
310327,Brisbane
310328,Brisbane
310329,Brisbane
310330,Brisbane
310331,Brisbane
310332,Brisbane
310333,Brisbane
310334,Brisbane
310335,Melbourne
310336,Sydney
310337,Brisbane
310338,Brisbane
310339,Brisbane
310340,Brisbane
310341,Brisbane
310342,Brisbane
310343,Brisbane
310344,Brisbane
310345,Brisbane
310346,Brisbane
310347,Brisbane
310348,Brisbane
310349,Brisbane
310350,Brisbane
310351,Brisbane
310352,Brisbane
310353,Brisbane
310354,Brisbane
310355,Brisbane
310356,Brisbane
310357,Sydney
310358,Brisbane
310359,Brisbane
310360,Brisbane
310361,Brisbane
310362,Brisbane
310363,Brisbane
310364,Brisbane
310365,Brisbane
310366,Brisbane
310367,Brisbane
310368,Brisbane
310369,Sydney
310370,Brisbane
310371,Brisbane
310372,Brisbane
310373,Brisbane
310374,Brisbane
310375,Brisbane
310376,Brisbane
310377,Brisbane
310378,Brisbane
310379,Brisbane
310380,Brisbane
310381,Brisbane
310382,Melbourne
310383,Brisbane
310384,Brisbane
310385,Brisbane
310386,Brisbane
310387,Brisbane
310388,Brisbane
310389,Brisbane
310390,Brisbane
310391,Brisbane
310392,Brisbane
310393,Brisbane
310394,Brisbane
310395,Brisbane
310396,Brisbane
310397,Brisbane
310398,Brisbane
310399,Brisbane
310400,Brisbane
310401,Brisbane
310402,Brisbane
310403,Brisbane
310404,Brisbane
310405,Brisbane
310406,Melbourne
310407,Brisbane
310408,Brisbane
310409,Brisbane
310410,Brisbane
310411,Brisbane
310412,Brisbane
310413,Brisbane
310414,Brisbane
310415,Brisbane
310416,Brisbane
310417,Brisbane
310418,Brisbane
310419,Brisbane
310420,Brisbane
310421,Brisbane
310422,Brisbane
310423,Brisbane
310424,Brisbane
310425,Perth
310426,Sydney
310427,Brisbane
310428,Brisbane
310429,Brisbane
310430,Brisbane
310431,Melbourne
310432,Brisbane
310433,Brisbane
310434,Melbourne
310435,Brisbane
310436,Brisbane
310437,Brisbane
310438,Brisbane
310439,Brisbane
310440,Brisbane
310441,Brisbane
310442,Brisbane
310443,Brisbane
310444,Brisbane
310445,Brisbane
310446,Brisbane
310447,Brisbane
310448,Brisbane
310449,Brisbane
310450,Brisbane
310451,Brisbane
310452,Brisbane
310453,Brisbane
310454,Brisbane
310455,Brisbane
310456,Brisbane
310457,Brisbane
310458,Brisbane
310459,Brisbane
310460,Brisbane
310461,Brisbane
310462,Sydney
310463,Brisbane
310464,Brisbane
310465,Brisbane
310466,Brisbane
310467,Brisbane
310468,Sydney
310469,Brisbane
310470,Brisbane
310471,Brisbane
310472,Brisbane
310473,Brisbane
310474,Brisbane
310475,Brisbane
310476,Brisbane
310477,Brisbane
310478,Sydney
310479,Brisbane
310480,Brisbane
310481,Brisbane
310482,Brisbane
310483,Brisbane
310484,Perth
310485,Brisbane
310486,Brisbane
310487,Brisbane
310488,Brisbane
310489,Melbourne
310490,Brisbane
310491,Brisbane
310492,Brisbane
310493,Brisbane
310494,Brisbane
310495,Brisbane
310496,Brisbane
310497,Brisbane
310498,Brisbane
310499,Brisbane
310500,Brisbane
310501,Brisbane
310502,Brisbane
310503,Brisbane
310504,Brisbane
310505,Brisbane
310506,Melbourne
310507,Brisbane
310508,Brisbane
310509,Brisbane
310510,Sydney
310511,Brisbane
310512,Brisbane
310513,Brisbane
310514,Sydney
310515,Perth
310516,Sydney
310517,Brisbane
310518,Brisbane
310519,Brisbane
310520,Brisbane
310521,Perth
310522,Brisbane
310523,Brisbane
310524,Brisbane
310525,Brisbane
310526,Brisbane
310527,Brisbane
310528,Brisbane
310529,Brisbane
310530,Perth
310531,Brisbane
310532,Brisbane
310533,Brisbane
310534,Brisbane
310535,Brisbane
310536,Brisbane
310537,Brisbane
310538,Brisbane
310539,Brisbane
310540,Perth
310541,Brisbane
310542,Brisbane
310543,Brisbane
310544,Brisbane
310545,Brisbane
310546,Brisbane
310547,Brisbane
310548,Brisbane
310549,Brisbane
310550,Brisbane
310551,Brisbane
310552,Brisbane
310553,Brisbane
310554,Brisbane
310555,Brisbane
310556,Brisbane
310557,Brisbane
310558,Brisbane
310559,Brisbane
310560,Brisbane
310561,Brisbane
310562,Brisbane
310563,Brisbane
310564,Brisbane
310565,Brisbane
310566,Brisbane
310567,Brisbane
310568,Brisbane
310569,Brisbane
310570,Brisbane
310571,Brisbane
310572,Brisbane
310573,Brisbane
310574,Brisbane
310575,Brisbane
310576,Brisbane
310577,Brisbane
310578,Brisbane
310579,Brisbane
310580,Brisbane
310581,Melbourne
310582,Brisbane
310583,Brisbane
310584,Brisbane
310585,Brisbane
310586,Brisbane
310587,Brisbane
310588,Brisbane
310589,Brisbane
310590,Perth
310591,Brisbane
310592,Brisbane
310593,Brisbane
310594,Brisbane
310595,Sydney
310596,Brisbane
310597,Brisbane
310598,Brisbane
310599,Brisbane
310600,Brisbane
310601,Brisbane
310602,Brisbane
310603,Brisbane
310604,Brisbane
310605,Brisbane
310606,Brisbane
310607,Brisbane
310608,Brisbane
310609,Brisbane
310610,Brisbane
310611,Brisbane
310612,Sydney
310613,Brisbane
310614,Brisbane
310615,Brisbane
310616,Brisbane
310617,Brisbane
310618,Brisbane
310619,Brisbane
310620,Brisbane
310621,Melbourne
310622,Brisbane
310623,Brisbane
310624,Brisbane
310625,Brisbane
310626,Brisbane
310627,Brisbane
310628,Brisbane
310629,Melbourne
310630,Brisbane
310631,Brisbane
310632,Brisbane
310633,Sydney
310634,Brisbane
310635,Brisbane
310636,Brisbane
310637,Brisbane
310638,Sydney
310639,Brisbane
310640,Sydney
310641,Brisbane
310642,Brisbane
310643,Brisbane
310644,Brisbane
310645,Brisbane
310646,Brisbane
310647,Brisbane
310648,Brisbane
310649,Melbourne
310650,Brisbane
310651,Brisbane
310652,Brisbane
310653,Brisbane
310654,Brisbane
310655,Sydney
310656,Brisbane
310657,Brisbane
310658,Brisbane
310659,Sydney
310660,Brisbane
310661,Brisbane
310662,Brisbane
310663,Brisbane
310664,Perth
310665,Brisbane
310666,Brisbane
310667,Brisbane
310668,Brisbane
310669,Brisbane
310670,Sydney
310671,Brisbane
310672,Brisbane
310673,Brisbane
310674,Brisbane
310675,Brisbane
310676,Brisbane
310677,Brisbane
310678,Brisbane
310679,Brisbane
310680,Brisbane
310681,Brisbane
310682,Sydney
310683,Perth
310684,Brisbane
310685,Brisbane
310686,Brisbane
310687,Brisbane
310688,Sydney
310689,Brisbane
310690,Brisbane
310691,Brisbane
310692,Brisbane
310693,Brisbane
310694,Brisbane
310695,Brisbane
310696,Brisbane
310697,Brisbane
310698,Brisbane
310699,Brisbane
310700,Brisbane
310701,Brisbane
310702,Melbourne
310703,Brisbane
310704,Brisbane
310705,Brisbane
310706,Brisbane
310707,Brisbane
310708,Brisbane
310709,Brisbane
310710,Perth
310711,Brisbane
310712,Perth
310713,Brisbane
310714,Melbourne
310715,Brisbane
310716,Brisbane
310717,Brisbane
310718,Brisbane
310719,Brisbane
310720,Brisbane
310721,Brisbane
310722,Brisbane
310723,Brisbane
310724,Melbourne
310725,Brisbane
310726,Brisbane
310727,Brisbane
310728,Brisbane
310729,Brisbane
310730,Brisbane
310731,Brisbane
310732,Brisbane
310733,Brisbane
310734,Brisbane
310735,Brisbane
310736,Brisbane
310737,Perth
310738,Brisbane
310739,Brisbane
310740,Brisbane
310741,Melbourne
310742,Brisbane
310743,Brisbane
310744,Brisbane
310745,Sydney
310746,Brisbane
310747,Sydney
310748,Melbourne
310749,Brisbane
310750,Brisbane
310751,Brisbane
310752,Melbourne
310753,Brisbane
310754,Brisbane
310755,Brisbane
310756,Brisbane
310757,Brisbane
310758,Brisbane
310759,Sydney
310760,Brisbane
310761,Brisbane
310762,Brisbane
310763,Brisbane
310764,Brisbane
310765,Brisbane
310766,Brisbane
310767,Brisbane
310768,Brisbane
310769,Brisbane
310770,Brisbane
310771,Brisbane
310772,Brisbane
310773,Brisbane
310774,Brisbane
310775,Brisbane
310776,Brisbane
310777,Brisbane
310778,Brisbane
310779,Brisbane
310780,Brisbane
310781,Brisbane
310782,Brisbane
310783,Brisbane
310784,Brisbane
310785,Brisbane
310786,Brisbane
310787,Brisbane
310788,Brisbane
310789,Brisbane
310790,Brisbane
310791,Brisbane
310792,Brisbane
310793,Sydney
310794,Brisbane
310795,Brisbane
310796,Sydney
310797,Brisbane
310798,Brisbane
310799,Brisbane
310800,Brisbane
310801,Brisbane
310802,Brisbane
310803,Perth
310804,Brisbane
310805,Brisbane
310806,Brisbane
310807,Brisbane
310808,Brisbane
310809,Brisbane
310810,Brisbane
310811,Brisbane
310812,Sydney
310813,Brisbane
310814,Sydney
310815,Brisbane
310816,Brisbane
310817,Brisbane
310818,Brisbane
310819,Brisbane
310820,Brisbane
310821,Brisbane
310822,Brisbane
310823,Brisbane
310824,Brisbane
310825,Brisbane
310826,Brisbane
310827,Brisbane
310828,Brisbane
310829,Brisbane
310830,Brisbane
310831,Brisbane
310832,Brisbane
310833,Brisbane
310834,Brisbane
310835,Brisbane
310836,Brisbane
310837,Brisbane
310838,Brisbane
310839,Melbourne
310840,Brisbane
310841,Brisbane
310842,Brisbane
310843,Brisbane
310844,Brisbane
310845,Brisbane
310846,Brisbane
310847,Perth
310848,Brisbane
310849,Brisbane
310850,Perth
310851,Brisbane
310852,Brisbane
310853,Sydney
310854,Brisbane
310855,Melbourne
310856,Brisbane
310857,Brisbane
310858,Brisbane
310859,Brisbane
310860,Brisbane
310861,Brisbane
310862,Brisbane
310863,Brisbane
310864,Brisbane
310865,Brisbane
310866,Brisbane
310867,Brisbane
310868,Brisbane
310869,Sydney
310870,Brisbane
310871,Brisbane
310872,Brisbane
310873,Brisbane
310874,Brisbane
310875,Brisbane
310876,Brisbane
310877,Brisbane
310878,Brisbane
310879,Brisbane
310880,Sydney
310881,Brisbane
310882,Brisbane
310883,Brisbane
310884,Brisbane
310885,Brisbane
310886,Brisbane
310887,Brisbane
310888,Brisbane
310889,Sydney
310890,Brisbane
310891,Brisbane
310892,Melbourne
310893,Brisbane
310894,Brisbane
310895,Brisbane
310896,Brisbane
310897,Perth
310898,Brisbane
310899,Brisbane
310900,Brisbane
310901,Brisbane
310902,Brisbane
310903,Melbourne
310904,Brisbane
310905,Brisbane
310906,Brisbane
310907,Brisbane
310908,Brisbane
310909,Brisbane
310910,Perth
310911,Melbourne
310912,Brisbane
310913,Perth
310914,Sydney
310915,Brisbane
310916,Brisbane
310917,Brisbane
310918,Brisbane
310919,Brisbane
310920,Brisbane
310921,Brisbane
310922,Brisbane
310923,Brisbane
310924,Brisbane
310925,Brisbane
310926,Brisbane
310927,Melbourne
310928,Brisbane
310929,Brisbane
310930,Brisbane
310931,Brisbane
310932,Brisbane
310933,Brisbane
310934,Brisbane
310935,Brisbane
310936,Brisbane
310937,Brisbane
310938,Brisbane
310939,Brisbane
310940,Brisbane
310941,Brisbane
310942,Brisbane
310943,Brisbane
310944,Brisbane
310945,Brisbane
310946,Brisbane
310947,Brisbane
310948,Brisbane
310949,Brisbane
310950,Brisbane
310951,Brisbane
310952,Brisbane
310953,Brisbane
310954,Brisbane
310955,Brisbane
310956,Brisbane
310957,Brisbane
310958,Brisbane
310959,Brisbane
310960,Brisbane
310961,Brisbane
310962,Brisbane
310963,Brisbane
310964,Brisbane
310965,Brisbane
310966,Brisbane
310967,Brisbane
310968,Brisbane
310969,Brisbane
310970,Brisbane
310971,Brisbane
310972,Brisbane
310973,Brisbane
310974,Brisbane
310975,Brisbane
310976,Sydney
310977,Brisbane
310978,Brisbane
310979,Brisbane
310980,Brisbane
310981,Brisbane
310982,Brisbane
310983,Brisbane
310984,Brisbane
310985,Brisbane
310986,Brisbane
310987,Brisbane
310988,Brisbane
310989,Brisbane
310990,Brisbane
310991,Brisbane
310992,Brisbane
310993,Sydney
310994,Brisbane
310995,Brisbane
310996,Brisbane
310997,Brisbane
310998,Brisbane
310999,Perth
311000,Brisbane
311001,Brisbane
311002,Brisbane
311003,Perth
311004,Melbourne
311005,Brisbane
311006,Melbourne
311007,Brisbane
311008,Brisbane
311009,Brisbane
311010,Brisbane
311011,Brisbane
311012,Brisbane
311013,Brisbane
311014,Brisbane
311015,Brisbane
311016,Brisbane
311017,Melbourne
311018,Brisbane
311019,Brisbane
311020,Brisbane
311021,Brisbane
311022,Brisbane
311023,Brisbane
311024,Brisbane
311025,Brisbane
311026,Brisbane
311027,Brisbane
311028,Brisbane
311029,Brisbane
311030,Brisbane
311031,Perth
311032,Brisbane
311033,Brisbane
311034,Brisbane
311035,Brisbane
311036,Brisbane
311037,Brisbane
311038,Brisbane
311039,Brisbane
311040,Sydney
311041,Brisbane
311042,Brisbane
311043,Brisbane
311044,Brisbane
311045,Brisbane
311046,Brisbane
311047,Brisbane
311048,Brisbane
311049,Brisbane
311050,Brisbane
311051,Brisbane
311052,Brisbane
311053,Brisbane
311054,Brisbane
311055,Brisbane
311056,Brisbane
311057,Brisbane
311058,Brisbane
311059,Brisbane
311060,Brisbane
311061,Brisbane
311062,Brisbane
311063,Brisbane
311064,Brisbane
311065,Brisbane
311066,Brisbane
311067,Brisbane
311068,Brisbane
311069,Brisbane
311070,Brisbane
311071,Brisbane
311072,Brisbane
311073,Brisbane
311074,Sydney
311075,Brisbane
311076,Brisbane
311077,Brisbane
311078,Brisbane
311079,Brisbane
311080,Brisbane
311081,Brisbane
311082,Brisbane
311083,Brisbane
311084,Brisbane
311085,Brisbane
311086,Brisbane
311087,Brisbane
311088,Brisbane
311089,Brisbane
311090,Brisbane
311091,Brisbane
311092,Brisbane
311093,Brisbane
311094,Brisbane
311095,Brisbane
311096,Brisbane
311097,Brisbane
311098,Perth
311099,Brisbane
311100,Brisbane
311101,Brisbane
311102,Brisbane
311103,Brisbane
311104,Brisbane
311105,Brisbane
311106,Brisbane
311107,Perth
311108,Brisbane
311109,Brisbane
311110,Brisbane
311111,Brisbane
311112,Brisbane
311113,Brisbane
311114,Brisbane
311115,Brisbane
311116,Brisbane
311117,Brisbane
311118,Brisbane
311119,Brisbane
311120,Perth
311121,Brisbane
311122,Brisbane
311123,Brisbane
311124,Brisbane
311125,Brisbane
311126,Brisbane
311127,Brisbane
311128,Brisbane
311129,Sydney
311130,Brisbane
311131,Brisbane
311132,Brisbane
311133,Brisbane
311134,Brisbane
311135,Brisbane
311136,Brisbane
311137,Brisbane
311138,Brisbane
311139,Brisbane
311140,Brisbane
311141,Brisbane
311142,Brisbane
311143,Brisbane
311144,Brisbane
311145,Brisbane
311146,Brisbane
311147,Brisbane
311148,Melbourne
311149,Brisbane
311150,Sydney
311151,Brisbane
311152,Brisbane
311153,Brisbane
311154,Brisbane
311155,Brisbane
311156,Brisbane
311157,Brisbane
311158,Brisbane
311159,Brisbane
311160,Brisbane
311161,Brisbane
311162,Brisbane
311163,Brisbane
311164,Brisbane
311165,Brisbane
311166,Brisbane
311167,Brisbane
311168,Brisbane
311169,Brisbane
311170,Brisbane
311171,Brisbane
311172,Brisbane
311173,Brisbane
311174,Brisbane
311175,Brisbane
311176,Brisbane
311177,Brisbane
311178,Brisbane
311179,Brisbane
311180,Brisbane
311181,Brisbane
311182,Brisbane
311183,Brisbane
311184,Perth
311185,Brisbane
311186,Brisbane
311187,Brisbane
311188,Brisbane
311189,Sydney
311190,Brisbane
311191,Melbourne
311192,Brisbane
311193,Brisbane
311194,Brisbane
311195,Brisbane
311196,Brisbane
311197,Brisbane
311198,Brisbane
311199,Brisbane
311200,Brisbane
311201,Brisbane
311202,Brisbane
311203,Brisbane
311204,Perth
311205,Brisbane
311206,Brisbane
311207,Sydney
311208,Brisbane
311209,Brisbane
311210,Melbourne
311211,Brisbane
311212,Brisbane
311213,Brisbane
311214,Brisbane
311215,Brisbane
311216,Brisbane
311217,Brisbane
311218,Brisbane
311219,Brisbane
311220,Brisbane
311221,Brisbane
311222,Brisbane
311223,Perth
311224,Perth
311225,Brisbane
311226,Brisbane
311227,Brisbane
311228,Brisbane
311229,Brisbane
311230,Brisbane
311231,Brisbane
311232,Brisbane
311233,Brisbane
311234,Brisbane
311235,Brisbane
311236,Brisbane
311237,Brisbane
311238,Brisbane
311239,Brisbane
311240,Brisbane
311241,Brisbane
311242,Brisbane
311243,Brisbane
311244,Perth
311245,Brisbane
311246,Brisbane
311247,Brisbane
311248,Brisbane
311249,Brisbane
311250,Brisbane
311251,Brisbane
311252,Brisbane
311253,Brisbane
311254,Brisbane
311255,Brisbane
311256,Brisbane
311257,Sydney
311258,Brisbane
311259,Brisbane
311260,Brisbane
311261,Brisbane
311262,Brisbane
311263,Brisbane
311264,Perth
311265,Brisbane
311266,Brisbane
311267,Brisbane
311268,Brisbane
311269,Brisbane
311270,Perth
311271,Brisbane
311272,Brisbane
311273,Brisbane
311274,Brisbane
311275,Melbourne
311276,Brisbane
311277,Brisbane
311278,Brisbane
311279,Brisbane
311280,Brisbane
311281,Brisbane
311282,Brisbane
311283,Brisbane
311284,Brisbane
311285,Brisbane
311286,Brisbane
311287,Sydney
311288,Brisbane
311289,Brisbane
311290,Sydney
311291,Brisbane
311292,Brisbane
311293,Brisbane
311294,Brisbane
311295,Brisbane
311296,Brisbane
311297,Brisbane
311298,Brisbane
311299,Brisbane
311300,Brisbane
311301,Brisbane
311302,Brisbane
311303,Brisbane
311304,Brisbane
311305,Brisbane
311306,Brisbane
311307,Brisbane
311308,Perth
311309,Brisbane
311310,Brisbane
311311,Brisbane
311312,Brisbane
311313,Brisbane
311314,Brisbane
311315,Brisbane
311316,Brisbane
311317,Brisbane
311318,Sydney
311319,Brisbane
311320,Brisbane
311321,Brisbane
311322,Brisbane
311323,Brisbane
311324,Brisbane
311325,Brisbane
311326,Brisbane
311327,Brisbane
311328,Brisbane
311329,Brisbane
311330,Brisbane
311331,Brisbane
311332,Brisbane
311333,Melbourne
311334,Brisbane
311335,Brisbane
311336,Sydney
311337,Brisbane
311338,Brisbane
311339,Brisbane
311340,Brisbane
311341,Brisbane
311342,Brisbane
311343,Brisbane
311344,Brisbane
311345,Brisbane
311346,Brisbane
311347,Brisbane
311348,Brisbane
311349,Brisbane
311350,Brisbane
311351,Brisbane
311352,Brisbane
311353,Brisbane
311354,Brisbane
311355,Brisbane
311356,Brisbane
311357,Brisbane
311358,Brisbane
311359,Brisbane
311360,Brisbane
311361,Brisbane
311362,Brisbane
311363,Brisbane
311364,Brisbane
311365,Brisbane
311366,Brisbane
311367,Brisbane
311368,Brisbane
311369,Brisbane
311370,Brisbane
311371,Brisbane
311372,Brisbane
311373,Brisbane
311374,Brisbane
311375,Perth
311376,Brisbane
311377,Brisbane
311378,Brisbane
311379,Brisbane
311380,Brisbane
311381,Brisbane
311382,Perth
311383,Brisbane
311384,Brisbane
311385,Brisbane
311386,Brisbane
311387,Melbourne
311388,Brisbane
311389,Brisbane
311390,Brisbane
311391,Brisbane
311392,Brisbane
311393,Brisbane
311394,Brisbane
311395,Brisbane
311396,Brisbane
311397,Sydney
311398,Brisbane
311399,Brisbane
311400,Brisbane
311401,Brisbane
311402,Brisbane
311403,Brisbane
311404,Brisbane
311405,Brisbane
311406,Brisbane
311407,Brisbane
311408,Brisbane
311409,Brisbane
311410,Brisbane
311411,Brisbane
311412,Brisbane
311413,Brisbane
311414,Brisbane
311415,Brisbane
311416,Brisbane
311417,Brisbane
311418,Brisbane
311419,Brisbane
311420,Brisbane
311421,Brisbane
311422,Brisbane
311423,Brisbane
311424,Sydney
311425,Perth
311426,Brisbane
311427,Brisbane
311428,Melbourne
311429,Brisbane
311430,Brisbane
311431,Brisbane
311432,Brisbane
311433,Brisbane
311434,Brisbane
311435,Brisbane
311436,Brisbane
311437,Brisbane
311438,Brisbane
311439,Brisbane
311440,Sydney
311441,Brisbane
311442,Brisbane
311443,Sydney
311444,Brisbane
311445,Brisbane
311446,Brisbane
311447,Sydney
311448,Brisbane
311449,Brisbane
311450,Brisbane
311451,Brisbane
311452,Brisbane
311453,Brisbane
311454,Brisbane
311455,Brisbane
311456,Brisbane
311457,Brisbane
311458,Brisbane
311459,Brisbane
311460,Brisbane
311461,Perth
311462,Brisbane
311463,Brisbane
311464,Brisbane
311465,Brisbane
311466,Brisbane
311467,Brisbane
311468,Perth
311469,Brisbane
311470,Melbourne
311471,Brisbane
311472,Brisbane
311473,Brisbane
311474,Sydney
311475,Brisbane
311476,Melbourne
311477,Brisbane
311478,Brisbane
311479,Brisbane
311480,Brisbane
311481,Brisbane
311482,Brisbane
311483,Brisbane
311484,Brisbane
311485,Brisbane
311486,Brisbane
311487,Brisbane
311488,Brisbane
311489,Brisbane
311490,Brisbane
311491,Brisbane
311492,Brisbane
311493,Brisbane
311494,Sydney
311495,Brisbane
311496,Brisbane
311497,Brisbane
311498,Brisbane
311499,Brisbane
311500,Brisbane
311501,Brisbane
311502,Brisbane
311503,Brisbane
311504,Brisbane
311505,Brisbane
311506,Brisbane
311507,Melbourne
311508,Brisbane
311509,Perth
311510,Brisbane
311511,Brisbane
311512,Brisbane
311513,Brisbane
311514,Brisbane
311515,Brisbane
311516,Brisbane
311517,Brisbane
311518,Brisbane
311519,Brisbane
311520,Brisbane
311521,Brisbane
311522,Brisbane
311523,Brisbane
311524,Brisbane
311525,Brisbane
311526,Brisbane
311527,Sydney
311528,Brisbane
311529,Brisbane
311530,Melbourne
311531,Sydney
311532,Brisbane
311533,Brisbane
311534,Brisbane
311535,Sydney
311536,Brisbane
311537,Brisbane
311538,Brisbane
311539,Brisbane
311540,Brisbane
311541,Brisbane
311542,Brisbane
311543,Brisbane
311544,Brisbane
311545,Brisbane
311546,Brisbane
311547,Brisbane
311548,Perth
311549,Brisbane
311550,Brisbane
311551,Brisbane
311552,Brisbane
311553,Brisbane
311554,Brisbane
311555,Brisbane
311556,Brisbane
311557,Perth
311558,Brisbane
311559,Brisbane
311560,Brisbane
311561,Sydney
311562,Brisbane
311563,Brisbane
311564,Brisbane
311565,Brisbane
311566,Perth
311567,Brisbane
311568,Brisbane
311569,Brisbane
311570,Brisbane
311571,Brisbane
311572,Brisbane
311573,Sydney
311574,Brisbane
311575,Brisbane
311576,Sydney
311577,Brisbane
311578,Brisbane
311579,Brisbane
311580,Brisbane
311581,Brisbane
311582,Sydney
311583,Brisbane
311584,Brisbane
311585,Brisbane
311586,Brisbane
311587,Brisbane
311588,Brisbane
311589,Brisbane
311590,Brisbane
311591,Brisbane
311592,Brisbane
311593,Brisbane
311594,Brisbane
311595,Brisbane
311596,Brisbane
311597,Brisbane
311598,Brisbane
311599,Brisbane
311600,Brisbane
311601,Brisbane
311602,Brisbane
311603,Brisbane
311604,Brisbane
311605,Brisbane
311606,Brisbane
311607,Brisbane
311608,Brisbane
311609,Brisbane
311610,Brisbane
311611,Brisbane
311612,Brisbane
311613,Brisbane
311614,Brisbane
311615,Brisbane
311616,Brisbane
311617,Brisbane
311618,Brisbane
311619,Brisbane
311620,Brisbane
311621,Brisbane
311622,Brisbane
311623,Brisbane
311624,Brisbane
311625,Brisbane
311626,Brisbane
311627,Brisbane
311628,Brisbane
311629,Brisbane
311630,Brisbane
311631,Brisbane
311632,Brisbane
311633,Melbourne
311634,Sydney
311635,Brisbane
311636,Brisbane
311637,Brisbane
311638,Brisbane
311639,Brisbane
311640,Brisbane
311641,Sydney
311642,Brisbane
311643,Brisbane
311644,Brisbane
311645,Brisbane
311646,Brisbane
311647,Brisbane
311648,Brisbane
311649,Brisbane
311650,Brisbane
311651,Brisbane
311652,Brisbane
311653,Brisbane
311654,Brisbane
311655,Brisbane
311656,Brisbane
311657,Brisbane
311658,Brisbane
311659,Perth
311660,Brisbane
311661,Perth
311662,Brisbane
311663,Brisbane
311664,Brisbane
311665,Brisbane
311666,Brisbane
311667,Brisbane
311668,Brisbane
311669,Brisbane
311670,Brisbane
311671,Sydney
311672,Brisbane
311673,Brisbane
311674,Sydney
311675,Brisbane
311676,Brisbane
311677,Brisbane
311678,Brisbane
311679,Melbourne
311680,Brisbane
311681,Brisbane
311682,Brisbane
311683,Brisbane
311684,Brisbane
311685,Brisbane
311686,Brisbane
311687,Brisbane
311688,Brisbane
311689,Brisbane
311690,Brisbane
311691,Brisbane
311692,Brisbane
311693,Brisbane
311694,Sydney
311695,Brisbane
311696,Brisbane
311697,Brisbane
311698,Brisbane
311699,Brisbane
311700,Brisbane
311701,Brisbane
311702,Brisbane
311703,Brisbane
311704,Brisbane
311705,Perth
311706,Brisbane
311707,Brisbane
311708,Brisbane
311709,Brisbane
311710,Brisbane
311711,Brisbane
311712,Brisbane
311713,Brisbane
311714,Brisbane
311715,Brisbane
311716,Brisbane
311717,Brisbane
311718,Melbourne
311719,Sydney
311720,Brisbane
311721,Brisbane
311722,Brisbane
311723,Brisbane
311724,Melbourne
311725,Brisbane
311726,Brisbane
311727,Brisbane
311728,Brisbane
311729,Brisbane
311730,Melbourne
311731,Brisbane
311732,Brisbane
311733,Brisbane
311734,Brisbane
311735,Brisbane
311736,Brisbane
311737,Brisbane
311738,Brisbane
311739,Brisbane
311740,Brisbane
311741,Brisbane
311742,Brisbane
311743,Brisbane
311744,Brisbane
311745,Brisbane
311746,Brisbane
311747,Brisbane
311748,Brisbane
311749,Brisbane
311750,Brisbane
311751,Brisbane
311752,Melbourne
311753,Brisbane
311754,Brisbane
311755,Brisbane
311756,Brisbane
311757,Brisbane
311758,Brisbane
311759,Brisbane
311760,Perth
311761,Brisbane
311762,Brisbane
311763,Brisbane
311764,Brisbane
311765,Brisbane
311766,Brisbane
311767,Brisbane
311768,Brisbane
311769,Brisbane
311770,Brisbane
311771,Brisbane
311772,Brisbane
311773,Brisbane
311774,Brisbane
311775,Brisbane
311776,Brisbane
311777,Brisbane
311778,Brisbane
311779,Brisbane
311780,Brisbane
311781,Melbourne
311782,Brisbane
311783,Brisbane
311784,Brisbane
311785,Brisbane
311786,Brisbane
311787,Brisbane
311788,Brisbane
311789,Brisbane
311790,Brisbane
311791,Brisbane
311792,Brisbane
311793,Brisbane
311794,Brisbane
311795,Perth
311796,Brisbane
311797,Brisbane
311798,Brisbane
311799,Brisbane
311800,Brisbane
311801,Brisbane
311802,Brisbane
311803,Melbourne
311804,Melbourne
311805,Brisbane
311806,Brisbane
311807,Brisbane
311808,Brisbane
311809,Brisbane
311810,Brisbane
311811,Brisbane
311812,Brisbane
311813,Brisbane
311814,Brisbane
311815,Brisbane
311816,Brisbane
311817,Brisbane
311818,Brisbane
311819,Brisbane
311820,Brisbane
311821,Brisbane
311822,Brisbane
311823,Brisbane
311824,Brisbane
311825,Brisbane
311826,Melbourne
311827,Brisbane
311828,Brisbane
311829,Brisbane
311830,Brisbane
311831,Brisbane
311832,Brisbane
311833,Brisbane
311834,Brisbane
311835,Brisbane
311836,Sydney
311837,Sydney
311838,Sydney
311839,Brisbane
311840,Brisbane
311841,Brisbane
311842,Brisbane
311843,Brisbane
311844,Brisbane
311845,Brisbane
311846,Brisbane
311847,Sydney
311848,Melbourne
311849,Brisbane
311850,Brisbane
311851,Brisbane
311852,Melbourne
311853,Brisbane
311854,Brisbane
311855,Brisbane
311856,Brisbane
311857,Melbourne
311858,Brisbane
311859,Brisbane
311860,Brisbane
311861,Brisbane
311862,Brisbane
311863,Brisbane
311864,Brisbane
311865,Brisbane
311866,Perth
311867,Brisbane
311868,Brisbane
311869,Brisbane
311870,Brisbane
311871,Brisbane
311872,Brisbane
311873,Brisbane
311874,Brisbane
311875,Brisbane
311876,Brisbane
311877,Brisbane
311878,Brisbane
311879,Brisbane
311880,Brisbane
311881,Perth
311882,Brisbane
311883,Melbourne
311884,Brisbane
311885,Brisbane
311886,Sydney
311887,Brisbane
311888,Brisbane
311889,Brisbane
311890,Brisbane
311891,Brisbane
311892,Brisbane
311893,Brisbane
311894,Brisbane
311895,Brisbane
311896,Brisbane
311897,Brisbane
311898,Brisbane
311899,Brisbane
311900,Brisbane
311901,Perth
311902,Brisbane
311903,Brisbane
311904,Sydney
311905,Brisbane
311906,Brisbane
311907,Perth
311908,Perth
311909,Brisbane
311910,Brisbane
311911,Brisbane
311912,Brisbane
311913,Brisbane
311914,Brisbane
311915,Brisbane
311916,Brisbane
311917,Brisbane
311918,Brisbane
311919,Brisbane
311920,Brisbane
311921,Melbourne
311922,Sydney
311923,Brisbane
311924,Brisbane
311925,Brisbane
311926,Perth
311927,Brisbane
311928,Brisbane
311929,Brisbane
311930,Sydney
311931,Brisbane
311932,Brisbane
311933,Brisbane
311934,Brisbane
311935,Brisbane
311936,Brisbane
311937,Brisbane
311938,Brisbane
311939,Brisbane
311940,Brisbane
311941,Brisbane
311942,Brisbane
311943,Brisbane
311944,Sydney
311945,Brisbane
311946,Perth
311947,Brisbane
311948,Sydney
311949,Brisbane
311950,Brisbane
311951,Brisbane
311952,Brisbane
311953,Sydney
311954,Perth
311955,Brisbane
311956,Brisbane
311957,Brisbane
311958,Brisbane
311959,Brisbane
311960,Brisbane
311961,Brisbane
311962,Brisbane
311963,Brisbane
311964,Brisbane
311965,Brisbane
311966,Brisbane
311967,Brisbane
311968,Brisbane
311969,Brisbane
311970,Brisbane
311971,Brisbane
311972,Brisbane
311973,Perth
311974,Brisbane
311975,Brisbane
311976,Brisbane
311977,Brisbane
311978,Brisbane
311979,Brisbane
311980,Brisbane
311981,Brisbane
311982,Brisbane
311983,Brisbane
311984,Perth
311985,Brisbane
311986,Brisbane
311987,Brisbane
311988,Brisbane
311989,Brisbane
311990,Brisbane
311991,Perth
311992,Brisbane
311993,Brisbane
311994,Brisbane
311995,Brisbane
311996,Brisbane
311997,Sydney
311998,Brisbane
311999,Brisbane
312000,Brisbane
312001,Brisbane
312002,Brisbane
312003,Brisbane
312004,Brisbane
312005,Brisbane
312006,Brisbane
312007,Brisbane
312008,Brisbane
312009,Brisbane
312010,Brisbane
312011,Brisbane
312012,Brisbane
312013,Brisbane
312014,Brisbane
312015,Brisbane
312016,Brisbane
312017,Brisbane
312018,Brisbane
312019,Brisbane
312020,Brisbane
312021,Brisbane
312022,Brisbane
312023,Brisbane
312024,Brisbane
312025,Brisbane
312026,Brisbane
312027,Sydney
312028,Brisbane
312029,Brisbane
312030,Brisbane
312031,Brisbane
312032,Brisbane
312033,Sydney
312034,Brisbane
312035,Brisbane
312036,Brisbane
312037,Brisbane
312038,Brisbane
312039,Brisbane
312040,Brisbane
312041,Brisbane
312042,Brisbane
312043,Brisbane
312044,Brisbane
312045,Brisbane
312046,Brisbane
312047,Brisbane
312048,Brisbane
312049,Brisbane
312050,Brisbane
312051,Brisbane
312052,Brisbane
312053,Melbourne
312054,Brisbane
312055,Melbourne
312056,Brisbane
312057,Brisbane
312058,Brisbane
312059,Brisbane
312060,Brisbane
312061,Brisbane
312062,Brisbane
312063,Brisbane
312064,Brisbane
312065,Brisbane
312066,Brisbane
312067,Brisbane
312068,Melbourne
312069,Brisbane
312070,Brisbane
312071,Brisbane
312072,Brisbane
312073,Brisbane
312074,Sydney
312075,Brisbane
312076,Perth
312077,Brisbane
312078,Melbourne
312079,Brisbane
312080,Brisbane
312081,Melbourne
312082,Perth
312083,Sydney
312084,Brisbane
312085,Brisbane
312086,Brisbane
312087,Brisbane
312088,Brisbane
312089,Sydney
312090,Perth
312091,Melbourne
312092,Brisbane
312093,Sydney
312094,Brisbane
312095,Brisbane
312096,Brisbane
312097,Brisbane
312098,Brisbane
312099,Brisbane
312100,Brisbane
312101,Brisbane
312102,Brisbane
312103,Brisbane
312104,Brisbane
312105,Brisbane
312106,Brisbane
312107,Brisbane
312108,Sydney
312109,Brisbane
312110,Brisbane
312111,Brisbane
312112,Brisbane
312113,Brisbane
312114,Brisbane
312115,Brisbane
312116,Melbourne
312117,Brisbane
312118,Brisbane
312119,Brisbane
312120,Brisbane
312121,Brisbane
312122,Brisbane
312123,Brisbane
312124,Sydney
312125,Perth
312126,Brisbane
312127,Brisbane
312128,Brisbane
312129,Brisbane
312130,Brisbane
312131,Brisbane
312132,Brisbane
312133,Brisbane
312134,Brisbane
312135,Brisbane
312136,Sydney
312137,Brisbane
312138,Brisbane
312139,Brisbane
312140,Brisbane
312141,Brisbane
312142,Brisbane
312143,Brisbane
312144,Brisbane
312145,Brisbane
312146,Brisbane
312147,Brisbane
312148,Brisbane
312149,Brisbane
312150,Brisbane
312151,Brisbane
312152,Brisbane
312153,Sydney
312154,Brisbane
312155,Brisbane
312156,Brisbane
312157,Brisbane
312158,Melbourne
312159,Brisbane
312160,Brisbane
312161,Melbourne
312162,Brisbane
312163,Brisbane
312164,Brisbane
312165,Perth
312166,Brisbane
312167,Brisbane
312168,Brisbane
312169,Sydney
312170,Brisbane
312171,Brisbane
312172,Brisbane
312173,Brisbane
312174,Brisbane
312175,Brisbane
312176,Brisbane
312177,Brisbane
312178,Brisbane
312179,Melbourne
312180,Brisbane
312181,Brisbane
312182,Brisbane
312183,Brisbane
312184,Brisbane
312185,Brisbane
312186,Sydney
312187,Brisbane
312188,Melbourne
312189,Brisbane
312190,Brisbane
312191,Brisbane
312192,Brisbane
312193,Brisbane
312194,Brisbane
312195,Brisbane
312196,Brisbane
312197,Brisbane
312198,Brisbane
312199,Brisbane
312200,Brisbane
312201,Brisbane
312202,Brisbane
312203,Brisbane
312204,Brisbane
312205,Brisbane
312206,Brisbane
312207,Brisbane
312208,Brisbane
312209,Brisbane
312210,Brisbane
312211,Brisbane
312212,Brisbane
312213,Brisbane
312214,Perth
312215,Brisbane
312216,Brisbane
312217,Brisbane
312218,Brisbane
312219,Brisbane
312220,Brisbane
312221,Brisbane
312222,Brisbane
312223,Brisbane
312224,Brisbane
312225,Brisbane
312226,Brisbane
312227,Brisbane
312228,Sydney
312229,Brisbane
312230,Brisbane
312231,Brisbane
312232,Brisbane
312233,Brisbane
312234,Brisbane
312235,Brisbane
312236,Brisbane
312237,Brisbane
312238,Brisbane
312239,Brisbane
312240,Brisbane
312241,Brisbane
312242,Brisbane
312243,Brisbane
312244,Brisbane
312245,Brisbane
312246,Brisbane
312247,Brisbane
312248,Brisbane
312249,Brisbane
312250,Brisbane
312251,Brisbane
312252,Brisbane
312253,Brisbane
312254,Melbourne
312255,Brisbane
312256,Brisbane
312257,Brisbane
312258,Brisbane
312259,Brisbane
312260,Brisbane
312261,Brisbane
312262,Brisbane
312263,Brisbane
312264,Sydney
312265,Melbourne
312266,Brisbane
312267,Melbourne
312268,Brisbane
312269,Brisbane
312270,Brisbane
312271,Brisbane
312272,Brisbane
312273,Brisbane
312274,Brisbane
312275,Brisbane
312276,Melbourne
312277,Brisbane
312278,Brisbane
312279,Brisbane
312280,Brisbane
312281,Brisbane
312282,Brisbane
312283,Brisbane
312284,Brisbane
312285,Brisbane
312286,Brisbane
312287,Brisbane
312288,Brisbane
312289,Brisbane
312290,Brisbane
312291,Brisbane
312292,Brisbane
312293,Brisbane
312294,Brisbane
312295,Brisbane
312296,Brisbane
312297,Brisbane
312298,Brisbane
312299,Brisbane
312300,Brisbane
312301,Brisbane
312302,Brisbane
312303,Brisbane
312304,Brisbane
312305,Brisbane
312306,Brisbane
312307,Brisbane
312308,Brisbane
312309,Brisbane
312310,Brisbane
312311,Brisbane
312312,Sydney
312313,Brisbane
312314,Perth
312315,Brisbane
312316,Brisbane
312317,Sydney
312318,Brisbane
312319,Brisbane
312320,Brisbane
312321,Brisbane
312322,Brisbane
312323,Brisbane
312324,Sydney
312325,Brisbane
312326,Brisbane
312327,Brisbane
312328,Brisbane
312329,Brisbane
312330,Brisbane
312331,Brisbane
312332,Brisbane
312333,Brisbane
312334,Brisbane
312335,Brisbane
312336,Brisbane
312337,Brisbane
312338,Brisbane
312339,Melbourne
312340,Brisbane
312341,Brisbane
312342,Brisbane
312343,Brisbane
312344,Brisbane
312345,Brisbane
312346,Brisbane
312347,Brisbane
312348,Brisbane
312349,Brisbane
312350,Brisbane
312351,Brisbane
312352,Brisbane
312353,Brisbane
312354,Brisbane
312355,Brisbane
312356,Brisbane
312357,Sydney
312358,Sydney
312359,Sydney
312360,Brisbane
312361,Brisbane
312362,Brisbane
312363,Melbourne
312364,Brisbane
312365,Brisbane
312366,Brisbane
312367,Brisbane
312368,Brisbane
312369,Brisbane
312370,Brisbane
312371,Brisbane
312372,Brisbane
312373,Brisbane
312374,Brisbane
312375,Brisbane
312376,Brisbane
312377,Brisbane
312378,Melbourne
312379,Brisbane
312380,Brisbane
312381,Brisbane
312382,Brisbane
312383,Perth
312384,Sydney
312385,Perth
312386,Brisbane
312387,Brisbane
312388,Sydney
312389,Brisbane
312390,Brisbane
312391,Brisbane
312392,Brisbane
312393,Brisbane
312394,Brisbane
312395,Melbourne
312396,Brisbane
312397,Brisbane
312398,Brisbane
312399,Melbourne
312400,Brisbane
312401,Sydney
312402,Brisbane
312403,Brisbane
312404,Brisbane
312405,Brisbane
312406,Brisbane
312407,Brisbane
312408,Melbourne
312409,Perth
312410,Brisbane
312411,Brisbane
312412,Brisbane
312413,Brisbane
312414,Brisbane
312415,Brisbane
312416,Brisbane
312417,Brisbane
312418,Brisbane
312419,Brisbane
312420,Brisbane
312421,Brisbane
312422,Brisbane
312423,Brisbane
312424,Brisbane
312425,Melbourne
312426,Brisbane
312427,Brisbane
312428,Brisbane
312429,Sydney
312430,Brisbane
312431,Brisbane
312432,Brisbane
312433,Brisbane
312434,Brisbane
312435,Perth
312436,Brisbane
312437,Brisbane
312438,Brisbane
312439,Brisbane
312440,Brisbane
312441,Brisbane
312442,Brisbane
312443,Brisbane
312444,Brisbane
312445,Brisbane
312446,Brisbane
312447,Brisbane
312448,Brisbane
312449,Brisbane
312450,Brisbane
312451,Brisbane
312452,Perth
312453,Brisbane
312454,Brisbane
312455,Brisbane
312456,Brisbane
312457,Brisbane
312458,Melbourne
312459,Sydney
312460,Brisbane
312461,Brisbane
312462,Brisbane
312463,Brisbane
312464,Brisbane
312465,Brisbane
312466,Brisbane
312467,Brisbane
312468,Brisbane
312469,Brisbane
312470,Brisbane
312471,Brisbane
312472,Brisbane
312473,Brisbane
312474,Sydney
312475,Brisbane
312476,Brisbane
312477,Sydney
312478,Brisbane
312479,Brisbane
312480,Brisbane
312481,Brisbane
312482,Brisbane
312483,Brisbane
312484,Brisbane
312485,Brisbane
312486,Brisbane
312487,Brisbane
312488,Brisbane
312489,Brisbane
312490,Brisbane
312491,Brisbane
312492,Brisbane
312493,Brisbane
312494,Brisbane
312495,Brisbane
312496,Sydney
312497,Brisbane
312498,Brisbane
312499,Sydney
312500,Brisbane
312501,Brisbane
312502,Brisbane
312503,Brisbane
312504,Brisbane
312505,Brisbane
312506,Brisbane
312507,Brisbane
312508,Brisbane
312509,Sydney
312510,Brisbane
312511,Brisbane
312512,Brisbane
312513,Brisbane
312514,Perth
312515,Brisbane
312516,Brisbane
312517,Brisbane
312518,Brisbane
312519,Brisbane
312520,Brisbane
312521,Brisbane
312522,Brisbane
312523,Melbourne
312524,Sydney
312525,Brisbane
312526,Perth
312527,Brisbane
312528,Brisbane
312529,Brisbane
312530,Brisbane
312531,Brisbane
312532,Brisbane
312533,Melbourne
312534,Brisbane
312535,Brisbane
312536,Brisbane
312537,Brisbane
312538,Sydney
312539,Brisbane
312540,Brisbane
312541,Brisbane
312542,Melbourne
312543,Sydney
312544,Brisbane
312545,Brisbane
312546,Brisbane
312547,Sydney
312548,Brisbane
312549,Brisbane
312550,Brisbane
312551,Brisbane
312552,Brisbane
312553,Brisbane
312554,Brisbane
312555,Brisbane
312556,Brisbane
312557,Brisbane
312558,Brisbane
312559,Brisbane
312560,Brisbane
312561,Brisbane
312562,Sydney
312563,Brisbane
312564,Brisbane
312565,Brisbane
312566,Brisbane
312567,Sydney
312568,Brisbane
312569,Brisbane
312570,Brisbane
312571,Sydney
312572,Brisbane
312573,Sydney
312574,Brisbane
312575,Brisbane
312576,Brisbane
312577,Brisbane
312578,Brisbane
312579,Brisbane
312580,Melbourne
312581,Brisbane
312582,Brisbane
312583,Brisbane
312584,Brisbane
312585,Brisbane
312586,Brisbane
312587,Brisbane
312588,Brisbane
312589,Sydney
312590,Brisbane
312591,Brisbane
312592,Brisbane
312593,Brisbane
312594,Brisbane
312595,Brisbane
312596,Brisbane
312597,Sydney
312598,Brisbane
312599,Brisbane
312600,Brisbane
312601,Sydney
312602,Brisbane
312603,Brisbane
312604,Brisbane
312605,Brisbane
312606,Brisbane
312607,Perth
312608,Brisbane
312609,Brisbane
312610,Melbourne
312611,Brisbane
312612,Brisbane
312613,Brisbane
312614,Melbourne
312615,Brisbane
312616,Brisbane
312617,Brisbane
312618,Brisbane
312619,Brisbane
312620,Brisbane
312621,Brisbane
312622,Brisbane
312623,Brisbane
312624,Brisbane
312625,Brisbane
312626,Brisbane
312627,Brisbane
312628,Brisbane
312629,Brisbane
312630,Brisbane
312631,Brisbane
312632,Brisbane
312633,Brisbane
312634,Brisbane
312635,Brisbane
312636,Brisbane
312637,Brisbane
312638,Brisbane
312639,Perth
312640,Brisbane
312641,Brisbane
312642,Sydney
312643,Brisbane
312644,Brisbane
312645,Brisbane
312646,Brisbane
312647,Melbourne
312648,Brisbane
312649,Brisbane
312650,Brisbane
312651,Brisbane
312652,Perth
312653,Brisbane
312654,Brisbane
312655,Brisbane
312656,Brisbane
312657,Sydney
312658,Brisbane
312659,Brisbane
312660,Brisbane
312661,Brisbane
312662,Brisbane
312663,Brisbane
312664,Brisbane
312665,Brisbane
312666,Brisbane
312667,Brisbane
312668,Brisbane
312669,Brisbane
312670,Brisbane
312671,Brisbane
312672,Brisbane
312673,Brisbane
312674,Brisbane
312675,Brisbane
312676,Brisbane
312677,Melbourne
312678,Brisbane
312679,Brisbane
312680,Sydney
312681,Melbourne
312682,Brisbane
312683,Brisbane
312684,Brisbane
312685,Sydney
312686,Brisbane
312687,Brisbane
312688,Brisbane
312689,Brisbane
312690,Melbourne
312691,Brisbane
312692,Brisbane
312693,Melbourne
312694,Brisbane
312695,Brisbane
312696,Brisbane
312697,Brisbane
312698,Brisbane
312699,Melbourne
312700,Brisbane
312701,Brisbane
312702,Brisbane
312703,Brisbane
312704,Brisbane
312705,Sydney
312706,Brisbane
312707,Brisbane
312708,Brisbane
312709,Brisbane
312710,Brisbane
312711,Brisbane
312712,Brisbane
312713,Brisbane
312714,Brisbane
312715,Perth
312716,Brisbane
312717,Brisbane
312718,Brisbane
312719,Brisbane
312720,Brisbane
312721,Brisbane
312722,Brisbane
312723,Sydney
312724,Brisbane
312725,Brisbane
312726,Brisbane
312727,Brisbane
312728,Brisbane
312729,Sydney
312730,Melbourne
312731,Brisbane
312732,Brisbane
312733,Brisbane
312734,Brisbane
312735,Brisbane
312736,Brisbane
312737,Brisbane
312738,Perth
312739,Brisbane
312740,Brisbane
312741,Brisbane
312742,Brisbane
312743,Brisbane
312744,Brisbane
312745,Brisbane
312746,Brisbane
312747,Brisbane
312748,Brisbane
312749,Melbourne
312750,Brisbane
312751,Brisbane
312752,Brisbane
312753,Sydney
312754,Brisbane
312755,Brisbane
312756,Brisbane
312757,Perth
312758,Brisbane
312759,Brisbane
312760,Brisbane
312761,Brisbane
312762,Brisbane
312763,Brisbane
312764,Brisbane
312765,Brisbane
312766,Brisbane
312767,Brisbane
312768,Brisbane
312769,Brisbane
312770,Brisbane
312771,Brisbane
312772,Brisbane
312773,Brisbane
312774,Brisbane
312775,Brisbane
312776,Brisbane
312777,Brisbane
312778,Sydney
312779,Brisbane
312780,Sydney
312781,Brisbane
312782,Brisbane
312783,Brisbane
312784,Perth
312785,Brisbane
312786,Brisbane
312787,Brisbane
312788,Brisbane
312789,Brisbane
312790,Brisbane
312791,Melbourne
312792,Sydney
312793,Brisbane
312794,Brisbane
312795,Brisbane
312796,Brisbane
312797,Brisbane
312798,Brisbane
312799,Brisbane
312800,Sydney
312801,Brisbane
312802,Brisbane
312803,Brisbane
312804,Brisbane
312805,Brisbane
312806,Brisbane
312807,Brisbane
312808,Brisbane
312809,Melbourne
312810,Brisbane
312811,Brisbane
312812,Brisbane
312813,Brisbane
312814,Brisbane
312815,Brisbane
312816,Brisbane
312817,Brisbane
312818,Brisbane
312819,Brisbane
312820,Brisbane
312821,Brisbane
312822,Perth
312823,Brisbane
312824,Brisbane
312825,Brisbane
312826,Brisbane
312827,Perth
312828,Brisbane
312829,Brisbane
312830,Brisbane
312831,Melbourne
312832,Brisbane
312833,Brisbane
312834,Brisbane
312835,Brisbane
312836,Brisbane
312837,Sydney
312838,Brisbane
312839,Brisbane
312840,Brisbane
312841,Melbourne
312842,Brisbane
312843,Brisbane
312844,Brisbane
312845,Brisbane
312846,Brisbane
312847,Brisbane
312848,Brisbane
312849,Brisbane
312850,Perth
312851,Brisbane
312852,Brisbane
312853,Brisbane
312854,Brisbane
312855,Brisbane
312856,Brisbane
312857,Brisbane
312858,Brisbane
312859,Brisbane
312860,Brisbane
312861,Brisbane
312862,Brisbane
312863,Brisbane
312864,Brisbane
312865,Brisbane
312866,Brisbane
312867,Sydney
312868,Melbourne
312869,Brisbane
312870,Sydney
312871,Brisbane
312872,Melbourne
312873,Sydney
312874,Brisbane
312875,Brisbane
312876,Brisbane
312877,Brisbane
312878,Brisbane
312879,Brisbane
312880,Brisbane
312881,Brisbane
312882,Brisbane
312883,Brisbane
312884,Brisbane
312885,Sydney
312886,Brisbane
312887,Brisbane
312888,Brisbane
312889,Brisbane
312890,Brisbane
312891,Brisbane
312892,Brisbane
312893,Sydney
312894,Brisbane
312895,Brisbane
312896,Brisbane
312897,Sydney
312898,Brisbane
312899,Brisbane
312900,Perth
312901,Brisbane
312902,Brisbane
312903,Brisbane
312904,Brisbane
312905,Brisbane
312906,Brisbane
312907,Brisbane
312908,Brisbane
312909,Brisbane
312910,Brisbane
312911,Brisbane
312912,Brisbane
312913,Brisbane
312914,Brisbane
312915,Brisbane
312916,Brisbane
312917,Brisbane
312918,Brisbane
312919,Brisbane
312920,Brisbane
312921,Brisbane
312922,Brisbane
312923,Brisbane
312924,Brisbane
312925,Brisbane
312926,Brisbane
312927,Brisbane
312928,Brisbane
312929,Brisbane
312930,Brisbane
312931,Melbourne
312932,Brisbane
312933,Brisbane
312934,Brisbane
312935,Sydney
312936,Brisbane
312937,Brisbane
312938,Brisbane
312939,Brisbane
312940,Brisbane
312941,Brisbane
312942,Brisbane
312943,Brisbane
312944,Brisbane
312945,Brisbane
312946,Brisbane
312947,Brisbane
312948,Melbourne
312949,Brisbane
312950,Brisbane
312951,Brisbane
312952,Brisbane
312953,Sydney
312954,Brisbane
312955,Brisbane
312956,Brisbane
312957,Brisbane
312958,Brisbane
312959,Brisbane
312960,Brisbane
312961,Brisbane
312962,Brisbane
312963,Brisbane
312964,Brisbane
312965,Brisbane
312966,Brisbane
312967,Brisbane
312968,Brisbane
312969,Brisbane
312970,Brisbane
312971,Brisbane
312972,Brisbane
312973,Brisbane
312974,Brisbane
312975,Brisbane
312976,Sydney
312977,Brisbane
312978,Brisbane
312979,Brisbane
312980,Brisbane
312981,Brisbane
312982,Brisbane
312983,Brisbane
312984,Perth
312985,Brisbane
312986,Brisbane
312987,Brisbane
312988,Sydney
312989,Brisbane
312990,Perth
312991,Brisbane
312992,Brisbane
312993,Brisbane
312994,Brisbane
312995,Brisbane
312996,Perth
312997,Brisbane
312998,Brisbane
312999,Brisbane
313000,Brisbane
313001,Brisbane
313002,Melbourne
313003,Brisbane
313004,Sydney
313005,Melbourne
313006,Brisbane
313007,Brisbane
313008,Sydney
313009,Brisbane
313010,Brisbane
313011,Brisbane
313012,Brisbane
313013,Brisbane
313014,Brisbane
313015,Brisbane
313016,Melbourne
313017,Brisbane
313018,Brisbane
313019,Brisbane
313020,Brisbane
313021,Brisbane
313022,Brisbane
313023,Brisbane
313024,Brisbane
313025,Brisbane
313026,Brisbane
313027,Brisbane
313028,Brisbane
313029,Brisbane
313030,Brisbane
313031,Brisbane
313032,Brisbane
313033,Brisbane
313034,Brisbane
313035,Brisbane
313036,Brisbane
313037,Brisbane
313038,Brisbane
313039,Brisbane
313040,Sydney
313041,Brisbane
313042,Brisbane
313043,Brisbane
313044,Brisbane
313045,Brisbane
313046,Brisbane
313047,Brisbane
313048,Brisbane
313049,Brisbane
313050,Sydney
313051,Brisbane
313052,Brisbane
313053,Brisbane
313054,Perth
313055,Brisbane
313056,Brisbane
313057,Brisbane
313058,Brisbane
313059,Brisbane
313060,Brisbane
313061,Brisbane
313062,Brisbane
313063,Brisbane
313064,Brisbane
313065,Brisbane
313066,Brisbane
313067,Brisbane
313068,Brisbane
313069,Brisbane
313070,Brisbane
313071,Brisbane
313072,Brisbane
313073,Brisbane
313074,Brisbane
313075,Sydney
313076,Brisbane
313077,Brisbane
313078,Brisbane
313079,Brisbane
313080,Brisbane
313081,Melbourne
313082,Brisbane
313083,Brisbane
313084,Brisbane
313085,Brisbane
313086,Brisbane
313087,Brisbane
313088,Brisbane
313089,Brisbane
313090,Melbourne
313091,Brisbane
313092,Brisbane
313093,Brisbane
313094,Brisbane
313095,Brisbane
313096,Brisbane
313097,Brisbane
313098,Brisbane
313099,Brisbane
313100,Brisbane
313101,Brisbane
313102,Brisbane
313103,Brisbane
313104,Melbourne
313105,Brisbane
313106,Brisbane
313107,Brisbane
313108,Brisbane
313109,Brisbane
313110,Brisbane
313111,Brisbane
313112,Brisbane
313113,Brisbane
313114,Sydney
313115,Brisbane
313116,Brisbane
313117,Perth
313118,Brisbane
313119,Brisbane
313120,Brisbane
313121,Brisbane
313122,Brisbane
313123,Brisbane
313124,Brisbane
313125,Brisbane
313126,Brisbane
313127,Brisbane
313128,Brisbane
313129,Brisbane
313130,Brisbane
313131,Brisbane
313132,Brisbane
313133,Brisbane
313134,Brisbane
313135,Perth
313136,Brisbane
313137,Brisbane
313138,Brisbane
313139,Brisbane
313140,Brisbane
313141,Brisbane
313142,Brisbane
313143,Brisbane
313144,Sydney
313145,Brisbane
313146,Brisbane
313147,Brisbane
313148,Brisbane
313149,Brisbane
313150,Brisbane
313151,Brisbane
313152,Brisbane
313153,Brisbane
313154,Brisbane
313155,Brisbane
313156,Brisbane
313157,Brisbane
313158,Brisbane
313159,Brisbane
313160,Brisbane
313161,Brisbane
313162,Brisbane
313163,Melbourne
313164,Brisbane
313165,Sydney
313166,Brisbane
313167,Brisbane
313168,Brisbane
313169,Brisbane
313170,Melbourne
313171,Brisbane
313172,Brisbane
313173,Brisbane
313174,Brisbane
313175,Sydney
313176,Brisbane
313177,Melbourne
313178,Brisbane
313179,Brisbane
313180,Brisbane
313181,Brisbane
313182,Brisbane
313183,Brisbane
313184,Brisbane
313185,Brisbane
313186,Brisbane
313187,Brisbane
313188,Sydney
313189,Brisbane
313190,Brisbane
313191,Brisbane
313192,Brisbane
313193,Brisbane
313194,Brisbane
313195,Melbourne
313196,Brisbane
313197,Brisbane
313198,Brisbane
313199,Brisbane
313200,Perth
313201,Brisbane
313202,Brisbane
313203,Brisbane
313204,Brisbane
313205,Brisbane
313206,Brisbane
313207,Brisbane
313208,Brisbane
313209,Brisbane
313210,Brisbane
313211,Brisbane
313212,Brisbane
313213,Brisbane
313214,Sydney
313215,Brisbane
313216,Brisbane
313217,Brisbane
313218,Brisbane
313219,Brisbane
313220,Brisbane
313221,Brisbane
313222,Brisbane
313223,Melbourne
313224,Brisbane
313225,Brisbane
313226,Brisbane
313227,Brisbane
313228,Brisbane
313229,Brisbane
313230,Melbourne
313231,Brisbane
313232,Brisbane
313233,Brisbane
313234,Perth
313235,Brisbane
313236,Brisbane
313237,Sydney
313238,Sydney
313239,Brisbane
313240,Brisbane
313241,Brisbane
313242,Brisbane
313243,Perth
313244,Brisbane
313245,Brisbane
313246,Perth
313247,Brisbane
313248,Brisbane
313249,Brisbane
313250,Perth
313251,Brisbane
313252,Brisbane
313253,Brisbane
313254,Brisbane
313255,Brisbane
313256,Perth
313257,Brisbane
313258,Brisbane
313259,Brisbane
313260,Perth
313261,Brisbane
313262,Perth
313263,Brisbane
313264,Brisbane
313265,Brisbane
313266,Brisbane
313267,Brisbane
313268,Brisbane
313269,Brisbane
313270,Brisbane
313271,Brisbane
313272,Melbourne
313273,Brisbane
313274,Brisbane
313275,Brisbane
313276,Brisbane
313277,Brisbane
313278,Brisbane
313279,Brisbane
313280,Brisbane
313281,Brisbane
313282,Brisbane
313283,Brisbane
313284,Brisbane
313285,Brisbane
313286,Brisbane
313287,Brisbane
313288,Brisbane
313289,Brisbane
313290,Brisbane
313291,Brisbane
313292,Brisbane
313293,Brisbane
313294,Brisbane
313295,Brisbane
313296,Brisbane
313297,Brisbane
313298,Brisbane
313299,Brisbane
313300,Melbourne
313301,Brisbane
313302,Brisbane
313303,Brisbane
313304,Brisbane
313305,Brisbane
313306,Brisbane
313307,Brisbane
313308,Brisbane
313309,Brisbane
313310,Brisbane
313311,Brisbane
313312,Brisbane
313313,Brisbane
313314,Brisbane
313315,Brisbane
313316,Brisbane
313317,Brisbane
313318,Brisbane
313319,Brisbane
313320,Brisbane
313321,Brisbane
313322,Brisbane
313323,Brisbane
313324,Brisbane
313325,Brisbane
313326,Brisbane
313327,Brisbane
313328,Brisbane
313329,Brisbane
313330,Brisbane
313331,Brisbane
313332,Brisbane
313333,Brisbane
313334,Brisbane
313335,Brisbane
313336,Brisbane
313337,Brisbane
313338,Brisbane
313339,Brisbane
313340,Brisbane
313341,Brisbane
313342,Brisbane
313343,Sydney
313344,Brisbane
313345,Perth
313346,Brisbane
313347,Brisbane
313348,Brisbane
313349,Brisbane
313350,Brisbane
313351,Brisbane
313352,Melbourne
313353,Brisbane
313354,Brisbane
313355,Brisbane
313356,Brisbane
313357,Brisbane
313358,Brisbane
313359,Brisbane
313360,Brisbane
313361,Brisbane
313362,Melbourne
313363,Brisbane
313364,Perth
313365,Brisbane
313366,Brisbane
313367,Brisbane
313368,Brisbane
313369,Brisbane
313370,Sydney
313371,Brisbane
313372,Brisbane
313373,Brisbane
313374,Brisbane
313375,Brisbane
313376,Brisbane
313377,Melbourne
313378,Brisbane
313379,Brisbane
313380,Brisbane
313381,Brisbane
313382,Brisbane
313383,Brisbane
313384,Brisbane
313385,Brisbane
313386,Perth
313387,Brisbane
313388,Brisbane
313389,Brisbane
313390,Brisbane
313391,Brisbane
313392,Brisbane
313393,Sydney
313394,Brisbane
313395,Perth
313396,Brisbane
313397,Brisbane
313398,Sydney
313399,Brisbane
313400,Brisbane
313401,Brisbane
313402,Brisbane
313403,Brisbane
313404,Sydney
313405,Brisbane
313406,Brisbane
313407,Brisbane
313408,Perth
313409,Brisbane
313410,Brisbane
313411,Brisbane
313412,Brisbane
313413,Brisbane
313414,Brisbane
313415,Brisbane
313416,Brisbane
313417,Brisbane
313418,Brisbane
313419,Brisbane
313420,Brisbane
313421,Brisbane
313422,Brisbane
313423,Brisbane
313424,Brisbane
313425,Brisbane
313426,Brisbane
313427,Brisbane
313428,Brisbane
313429,Brisbane
313430,Brisbane
313431,Brisbane
313432,Brisbane
313433,Brisbane
313434,Brisbane
313435,Brisbane
313436,Brisbane
313437,Brisbane
313438,Brisbane
313439,Brisbane
313440,Brisbane
313441,Brisbane
313442,Brisbane
313443,Brisbane
313444,Sydney
313445,Brisbane
313446,Brisbane
313447,Brisbane
313448,Brisbane
313449,Brisbane
313450,Brisbane
313451,Brisbane
313452,Brisbane
313453,Brisbane
313454,Brisbane
313455,Brisbane
313456,Brisbane
313457,Melbourne
313458,Brisbane
313459,Perth
313460,Brisbane
313461,Brisbane
313462,Brisbane
313463,Brisbane
313464,Sydney
313465,Brisbane
313466,Brisbane
313467,Brisbane
313468,Brisbane
313469,Brisbane
313470,Brisbane
313471,Brisbane
313472,Perth
313473,Brisbane
313474,Perth
313475,Brisbane
313476,Brisbane
313477,Sydney
313478,Brisbane
313479,Brisbane
313480,Brisbane
313481,Brisbane
313482,Brisbane
313483,Brisbane
313484,Brisbane
313485,Brisbane
313486,Brisbane
313487,Brisbane
313488,Brisbane
313489,Brisbane
313490,Brisbane
313491,Brisbane
313492,Brisbane
313493,Brisbane
313494,Brisbane
313495,Brisbane
313496,Brisbane
313497,Brisbane
313498,Brisbane
313499,Melbourne
313500,Brisbane
313501,Brisbane
313502,Brisbane
313503,Brisbane
313504,Brisbane
313505,Brisbane
313506,Brisbane
313507,Perth
313508,Brisbane
313509,Brisbane
313510,Brisbane
313511,Brisbane
313512,Brisbane
313513,Brisbane
313514,Brisbane
313515,Melbourne
313516,Brisbane
313517,Brisbane
313518,Brisbane
313519,Brisbane
313520,Brisbane
313521,Brisbane
313522,Melbourne
313523,Brisbane
313524,Melbourne
313525,Brisbane
313526,Sydney
313527,Brisbane
313528,Brisbane
313529,Brisbane
313530,Brisbane
313531,Brisbane
313532,Brisbane
313533,Brisbane
313534,Brisbane
313535,Brisbane
313536,Brisbane
313537,Brisbane
313538,Brisbane
313539,Brisbane
313540,Brisbane
313541,Brisbane
313542,Brisbane
313543,Brisbane
313544,Brisbane
313545,Brisbane
313546,Brisbane
313547,Brisbane
313548,Brisbane
313549,Brisbane
313550,Brisbane
313551,Brisbane
313552,Brisbane
313553,Brisbane
313554,Brisbane
313555,Brisbane
313556,Brisbane
313557,Brisbane
313558,Brisbane
313559,Melbourne
313560,Brisbane
313561,Brisbane
313562,Brisbane
313563,Brisbane
313564,Brisbane
313565,Brisbane
313566,Sydney
313567,Melbourne
313568,Brisbane
313569,Brisbane
313570,Brisbane
313571,Brisbane
313572,Brisbane
313573,Brisbane
313574,Brisbane
313575,Brisbane
313576,Brisbane
313577,Brisbane
313578,Brisbane
313579,Brisbane
313580,Brisbane
313581,Sydney
313582,Brisbane
313583,Brisbane
313584,Brisbane
313585,Brisbane
313586,Brisbane
313587,Brisbane
313588,Perth
313589,Brisbane
313590,Brisbane
313591,Brisbane
313592,Brisbane
313593,Brisbane
313594,Perth
313595,Sydney
313596,Brisbane
313597,Brisbane
313598,Perth
313599,Brisbane
313600,Brisbane
313601,Brisbane
313602,Brisbane
313603,Brisbane
313604,Brisbane
313605,Brisbane
313606,Brisbane
313607,Brisbane
313608,Brisbane
313609,Perth
313610,Brisbane
313611,Brisbane
313612,Brisbane
313613,Brisbane
313614,Brisbane
313615,Brisbane
313616,Brisbane
313617,Brisbane
313618,Brisbane
313619,Melbourne
313620,Brisbane
313621,Brisbane
313622,Sydney
313623,Brisbane
313624,Sydney
313625,Brisbane
313626,Brisbane
313627,Brisbane
313628,Brisbane
313629,Brisbane
313630,Brisbane
313631,Brisbane
313632,Brisbane
313633,Brisbane
313634,Brisbane
313635,Brisbane
313636,Brisbane
313637,Brisbane
313638,Brisbane
313639,Brisbane
313640,Brisbane
313641,Brisbane
313642,Brisbane
313643,Brisbane
313644,Brisbane
313645,Brisbane
313646,Brisbane
313647,Brisbane
313648,Brisbane
313649,Brisbane
313650,Brisbane
313651,Brisbane
313652,Brisbane
313653,Brisbane
313654,Brisbane
313655,Brisbane
313656,Brisbane
313657,Brisbane
313658,Brisbane
313659,Brisbane
313660,Brisbane
313661,Brisbane
313662,Brisbane
313663,Brisbane
313664,Brisbane
313665,Brisbane
313666,Brisbane
313667,Brisbane
313668,Sydney
313669,Brisbane
313670,Brisbane
313671,Brisbane
313672,Melbourne
313673,Brisbane
313674,Sydney
313675,Brisbane
313676,Brisbane
313677,Brisbane
313678,Brisbane
313679,Brisbane
313680,Brisbane
313681,Brisbane
313682,Brisbane
313683,Brisbane
313684,Brisbane
313685,Brisbane
313686,Brisbane
313687,Brisbane
313688,Brisbane
313689,Brisbane
313690,Sydney
313691,Brisbane
313692,Sydney
313693,Brisbane
313694,Brisbane
313695,Sydney
313696,Brisbane
313697,Brisbane
313698,Brisbane
313699,Brisbane
313700,Brisbane
313701,Brisbane
313702,Brisbane
313703,Brisbane
313704,Brisbane
313705,Brisbane
313706,Brisbane
313707,Brisbane
313708,Brisbane
313709,Brisbane
313710,Sydney
313711,Brisbane
313712,Brisbane
313713,Brisbane
313714,Brisbane
313715,Brisbane
313716,Sydney
313717,Brisbane
313718,Melbourne
313719,Brisbane
313720,Sydney
313721,Brisbane
313722,Brisbane
313723,Brisbane
313724,Brisbane
313725,Brisbane
313726,Brisbane
313727,Brisbane
313728,Brisbane
313729,Brisbane
313730,Sydney
313731,Brisbane
313732,Brisbane
313733,Sydney
313734,Brisbane
313735,Brisbane
313736,Brisbane
313737,Brisbane
313738,Brisbane
313739,Brisbane
313740,Brisbane
313741,Brisbane
313742,Brisbane
313743,Brisbane
313744,Brisbane
313745,Brisbane
313746,Sydney
313747,Brisbane
313748,Brisbane
313749,Brisbane
313750,Brisbane
313751,Brisbane
313752,Brisbane
313753,Brisbane
313754,Brisbane
313755,Brisbane
313756,Brisbane
313757,Brisbane
313758,Melbourne
313759,Brisbane
313760,Melbourne
313761,Brisbane
313762,Brisbane
313763,Brisbane
313764,Brisbane
313765,Brisbane
313766,Brisbane
313767,Brisbane
313768,Brisbane
313769,Brisbane
313770,Brisbane
313771,Perth
313772,Sydney
313773,Perth
313774,Brisbane
313775,Brisbane
313776,Brisbane
313777,Brisbane
313778,Brisbane
313779,Brisbane
313780,Brisbane
313781,Brisbane
313782,Brisbane
313783,Brisbane
313784,Brisbane
313785,Sydney
313786,Brisbane
313787,Brisbane
313788,Brisbane
313789,Sydney
313790,Brisbane
313791,Brisbane
313792,Brisbane
313793,Brisbane
313794,Brisbane
313795,Brisbane
313796,Brisbane
313797,Brisbane
313798,Brisbane
313799,Brisbane
313800,Perth
313801,Brisbane
313802,Brisbane
313803,Brisbane
313804,Brisbane
313805,Brisbane
313806,Brisbane
313807,Brisbane
313808,Brisbane
313809,Brisbane
313810,Brisbane
313811,Brisbane
313812,Brisbane
313813,Brisbane
313814,Melbourne
313815,Brisbane
313816,Brisbane
313817,Brisbane
313818,Brisbane
313819,Brisbane
313820,Brisbane
313821,Brisbane
313822,Sydney
313823,Sydney
313824,Brisbane
313825,Brisbane
313826,Brisbane
313827,Brisbane
313828,Brisbane
313829,Brisbane
313830,Brisbane
313831,Brisbane
313832,Brisbane
313833,Brisbane
313834,Brisbane
313835,Brisbane
313836,Brisbane
313837,Brisbane
313838,Brisbane
313839,Brisbane
313840,Brisbane
313841,Sydney
313842,Brisbane
313843,Brisbane
313844,Brisbane
313845,Brisbane
313846,Brisbane
313847,Brisbane
313848,Brisbane
313849,Brisbane
313850,Brisbane
313851,Brisbane
313852,Brisbane
313853,Brisbane
313854,Brisbane
313855,Brisbane
313856,Brisbane
313857,Brisbane
313858,Melbourne
313859,Sydney
313860,Brisbane
313861,Brisbane
313862,Brisbane
313863,Brisbane
313864,Brisbane
313865,Brisbane
313866,Melbourne
313867,Brisbane
313868,Brisbane
313869,Brisbane
313870,Perth
313871,Brisbane
313872,Brisbane
313873,Brisbane
313874,Brisbane
313875,Brisbane
313876,Brisbane
313877,Brisbane
313878,Perth
313879,Brisbane
313880,Brisbane
313881,Brisbane
313882,Brisbane
313883,Sydney
313884,Brisbane
313885,Melbourne
313886,Sydney
313887,Brisbane
313888,Brisbane
313889,Brisbane
313890,Brisbane
313891,Brisbane
313892,Brisbane
313893,Brisbane
313894,Brisbane
313895,Brisbane
313896,Brisbane
313897,Sydney
313898,Sydney
313899,Brisbane
313900,Brisbane
313901,Brisbane
313902,Brisbane
313903,Brisbane
313904,Brisbane
313905,Brisbane
313906,Brisbane
313907,Brisbane
313908,Brisbane
313909,Brisbane
313910,Brisbane
313911,Brisbane
313912,Brisbane
313913,Brisbane
313914,Brisbane
313915,Melbourne
313916,Sydney
313917,Brisbane
313918,Brisbane
313919,Brisbane
313920,Brisbane
313921,Brisbane
313922,Brisbane
313923,Brisbane
313924,Brisbane
313925,Brisbane
313926,Brisbane
313927,Sydney
313928,Brisbane
313929,Brisbane
313930,Brisbane
313931,Brisbane
313932,Brisbane
313933,Brisbane
313934,Brisbane
313935,Brisbane
313936,Brisbane
313937,Brisbane
313938,Brisbane
313939,Brisbane
313940,Brisbane
313941,Brisbane
313942,Perth
313943,Melbourne
313944,Brisbane
313945,Brisbane
313946,Brisbane
313947,Brisbane
313948,Brisbane
313949,Brisbane
313950,Brisbane
313951,Brisbane
313952,Brisbane
313953,Brisbane
313954,Brisbane
313955,Brisbane
313956,Brisbane
313957,Brisbane
313958,Brisbane
313959,Perth
313960,Brisbane
313961,Brisbane
313962,Brisbane
313963,Brisbane
313964,Melbourne
313965,Brisbane
313966,Brisbane
313967,Brisbane
313968,Brisbane
313969,Brisbane
313970,Brisbane
313971,Brisbane
313972,Brisbane
313973,Brisbane
313974,Brisbane
313975,Brisbane
313976,Brisbane
313977,Brisbane
313978,Brisbane
313979,Brisbane
313980,Brisbane
313981,Brisbane
313982,Brisbane
313983,Brisbane
313984,Brisbane
313985,Brisbane
313986,Sydney
313987,Brisbane
313988,Brisbane
313989,Brisbane
313990,Brisbane
313991,Brisbane
313992,Brisbane
313993,Brisbane
313994,Brisbane
313995,Brisbane
313996,Brisbane
313997,Brisbane
313998,Sydney
313999,Brisbane
314000,Brisbane
314001,Brisbane
314002,Brisbane
314003,Brisbane
314004,Brisbane
314005,Brisbane
314006,Brisbane
314007,Brisbane
314008,Brisbane
314009,Sydney
314010,Brisbane
314011,Brisbane
314012,Brisbane
314013,Brisbane
314014,Brisbane
314015,Brisbane
314016,Sydney
314017,Brisbane
314018,Brisbane
314019,Brisbane
314020,Brisbane
314021,Brisbane
314022,Brisbane
314023,Melbourne
314024,Brisbane
314025,Brisbane
314026,Brisbane
314027,Brisbane
314028,Brisbane
314029,Brisbane
314030,Sydney
314031,Brisbane
314032,Brisbane
314033,Brisbane
314034,Brisbane
314035,Brisbane
314036,Brisbane
314037,Brisbane
314038,Brisbane
314039,Brisbane
314040,Brisbane
314041,Brisbane
314042,Brisbane
314043,Sydney
314044,Brisbane
314045,Brisbane
314046,Melbourne
314047,Brisbane
314048,Brisbane
314049,Brisbane
314050,Brisbane
314051,Brisbane
314052,Brisbane
314053,Brisbane
314054,Brisbane
314055,Brisbane
314056,Brisbane
314057,Brisbane
314058,Brisbane
314059,Brisbane
314060,Brisbane
314061,Brisbane
314062,Brisbane
314063,Brisbane
314064,Brisbane
314065,Brisbane
314066,Brisbane
314067,Brisbane
314068,Brisbane
314069,Brisbane
314070,Brisbane
314071,Brisbane
314072,Brisbane
314073,Brisbane
314074,Brisbane
314075,Brisbane
314076,Brisbane
314077,Brisbane
314078,Brisbane
314079,Brisbane
314080,Brisbane
314081,Brisbane
314082,Brisbane
314083,Brisbane
314084,Brisbane
314085,Sydney
314086,Brisbane
314087,Brisbane
314088,Brisbane
314089,Brisbane
314090,Brisbane
314091,Brisbane
314092,Brisbane
314093,Brisbane
314094,Brisbane
314095,Brisbane
314096,Brisbane
314097,Brisbane
314098,Brisbane
314099,Melbourne
314100,Brisbane
314101,Brisbane
314102,Brisbane
314103,Brisbane
314104,Brisbane
314105,Sydney
314106,Brisbane
314107,Brisbane
314108,Brisbane
314109,Brisbane
314110,Brisbane
314111,Melbourne
314112,Brisbane
314113,Sydney
314114,Brisbane
314115,Brisbane
314116,Brisbane
314117,Brisbane
314118,Perth
314119,Brisbane
314120,Brisbane
314121,Brisbane
314122,Brisbane
314123,Brisbane
314124,Brisbane
314125,Perth
314126,Brisbane
314127,Perth
314128,Brisbane
314129,Brisbane
314130,Brisbane
314131,Brisbane
314132,Brisbane
314133,Brisbane
314134,Brisbane
314135,Brisbane
314136,Brisbane
314137,Perth
314138,Brisbane
314139,Brisbane
314140,Brisbane
314141,Brisbane
314142,Brisbane
314143,Brisbane
314144,Brisbane
314145,Brisbane
314146,Brisbane
314147,Brisbane
314148,Brisbane
314149,Melbourne
314150,Brisbane
314151,Brisbane
314152,Brisbane
314153,Brisbane
314154,Brisbane
314155,Brisbane
314156,Brisbane
314157,Brisbane
314158,Brisbane
314159,Brisbane
314160,Brisbane
314161,Brisbane
314162,Brisbane
314163,Melbourne
314164,Brisbane
314165,Brisbane
314166,Brisbane
314167,Brisbane
314168,Brisbane
314169,Brisbane
314170,Brisbane
314171,Brisbane
314172,Brisbane
314173,Brisbane
314174,Sydney
314175,Brisbane
314176,Sydney
314177,Brisbane
314178,Brisbane
314179,Brisbane
314180,Brisbane
314181,Perth
314182,Brisbane
314183,Brisbane
314184,Brisbane
314185,Brisbane
314186,Brisbane
314187,Brisbane
314188,Brisbane
314189,Brisbane
314190,Brisbane
314191,Brisbane
314192,Brisbane
314193,Melbourne
314194,Perth
314195,Brisbane
314196,Melbourne
314197,Brisbane
314198,Brisbane
314199,Brisbane
314200,Brisbane
314201,Brisbane
314202,Brisbane
314203,Brisbane
314204,Brisbane
314205,Brisbane
314206,Brisbane
314207,Brisbane
314208,Brisbane
314209,Brisbane
314210,Brisbane
314211,Brisbane
314212,Brisbane
314213,Brisbane
314214,Brisbane
314215,Brisbane
314216,Brisbane
314217,Brisbane
314218,Brisbane
314219,Brisbane
314220,Brisbane
314221,Brisbane
314222,Brisbane
314223,Brisbane
314224,Brisbane
314225,Brisbane
314226,Brisbane
314227,Brisbane
314228,Brisbane
314229,Brisbane
314230,Brisbane
314231,Brisbane
314232,Sydney
314233,Perth
314234,Brisbane
314235,Brisbane
314236,Sydney
314237,Brisbane
314238,Brisbane
314239,Sydney
314240,Brisbane
314241,Brisbane
314242,Brisbane
314243,Brisbane
314244,Brisbane
314245,Brisbane
314246,Brisbane
314247,Perth
314248,Brisbane
314249,Brisbane
314250,Brisbane
314251,Brisbane
314252,Brisbane
314253,Brisbane
314254,Sydney
314255,Brisbane
314256,Brisbane
314257,Brisbane
314258,Perth
314259,Brisbane
314260,Brisbane
314261,Brisbane
314262,Brisbane
314263,Brisbane
314264,Brisbane
314265,Brisbane
314266,Brisbane
314267,Melbourne
314268,Brisbane
314269,Brisbane
314270,Brisbane
314271,Brisbane
314272,Brisbane
314273,Brisbane
314274,Brisbane
314275,Sydney
314276,Brisbane
314277,Brisbane
314278,Brisbane
314279,Melbourne
314280,Sydney
314281,Brisbane
314282,Brisbane
314283,Brisbane
314284,Brisbane
314285,Sydney
314286,Brisbane
314287,Brisbane
314288,Brisbane
314289,Brisbane
314290,Brisbane
314291,Brisbane
314292,Brisbane
314293,Brisbane
314294,Brisbane
314295,Brisbane
314296,Sydney
314297,Brisbane
314298,Brisbane
314299,Brisbane
314300,Brisbane
314301,Brisbane
314302,Brisbane
314303,Brisbane
314304,Brisbane
314305,Brisbane
314306,Brisbane
314307,Brisbane
314308,Brisbane
314309,Brisbane
314310,Brisbane
314311,Brisbane
314312,Brisbane
314313,Brisbane
314314,Brisbane
314315,Brisbane
314316,Brisbane
314317,Brisbane
314318,Brisbane
314319,Brisbane
314320,Brisbane
314321,Brisbane
314322,Brisbane
314323,Brisbane
314324,Brisbane
314325,Brisbane
314326,Brisbane
314327,Brisbane
314328,Brisbane
314329,Brisbane
314330,Brisbane
314331,Brisbane
314332,Brisbane
314333,Brisbane
314334,Brisbane
314335,Brisbane
314336,Brisbane
314337,Sydney
314338,Melbourne
314339,Melbourne
314340,Brisbane
314341,Brisbane
314342,Brisbane
314343,Brisbane
314344,Brisbane
314345,Brisbane
314346,Brisbane
314347,Brisbane
314348,Brisbane
314349,Brisbane
314350,Brisbane
314351,Brisbane
314352,Brisbane
314353,Brisbane
314354,Brisbane
314355,Brisbane
314356,Brisbane
314357,Brisbane
314358,Brisbane
314359,Brisbane
314360,Brisbane
314361,Brisbane
314362,Brisbane
314363,Brisbane
314364,Brisbane
314365,Brisbane
314366,Brisbane
314367,Melbourne
314368,Brisbane
314369,Brisbane
314370,Brisbane
314371,Brisbane
314372,Brisbane
314373,Melbourne
314374,Brisbane
314375,Brisbane
314376,Brisbane
314377,Brisbane
314378,Brisbane
314379,Brisbane
314380,Brisbane
314381,Brisbane
314382,Brisbane
314383,Brisbane
314384,Brisbane
314385,Brisbane
314386,Brisbane
314387,Brisbane
314388,Brisbane
314389,Brisbane
314390,Brisbane
314391,Brisbane
314392,Brisbane
314393,Brisbane
314394,Brisbane
314395,Brisbane
314396,Brisbane
314397,Brisbane
314398,Brisbane
314399,Brisbane
314400,Sydney
314401,Brisbane
314402,Brisbane
314403,Brisbane
314404,Melbourne
314405,Brisbane
314406,Brisbane
314407,Brisbane
314408,Brisbane
314409,Brisbane
314410,Brisbane
314411,Brisbane
314412,Sydney
314413,Brisbane
314414,Brisbane
314415,Brisbane
314416,Brisbane
314417,Brisbane
314418,Brisbane
314419,Brisbane
314420,Brisbane
314421,Brisbane
314422,Brisbane
314423,Brisbane
314424,Brisbane
314425,Brisbane
314426,Brisbane
314427,Brisbane
314428,Brisbane
314429,Brisbane
314430,Brisbane
314431,Brisbane
314432,Brisbane
314433,Brisbane
314434,Brisbane
314435,Brisbane
314436,Brisbane
314437,Brisbane
314438,Brisbane
314439,Brisbane
314440,Brisbane
314441,Brisbane
314442,Brisbane
314443,Brisbane
314444,Brisbane
314445,Brisbane
314446,Brisbane
314447,Brisbane
314448,Brisbane
314449,Brisbane
314450,Brisbane
314451,Brisbane
314452,Brisbane
314453,Perth
314454,Brisbane
314455,Sydney
314456,Brisbane
314457,Brisbane
314458,Perth
314459,Brisbane
314460,Brisbane
314461,Brisbane
314462,Brisbane
314463,Brisbane
314464,Brisbane
314465,Brisbane
314466,Brisbane
314467,Brisbane
314468,Brisbane
314469,Brisbane
314470,Brisbane
314471,Brisbane
314472,Brisbane
314473,Brisbane
314474,Brisbane
314475,Brisbane
314476,Brisbane
314477,Brisbane
314478,Brisbane
314479,Brisbane
314480,Brisbane
314481,Melbourne
314482,Brisbane
314483,Brisbane
314484,Brisbane
314485,Sydney
314486,Brisbane
314487,Brisbane
314488,Brisbane
314489,Brisbane
314490,Brisbane
314491,Brisbane
314492,Sydney
314493,Sydney
314494,Brisbane
314495,Brisbane
314496,Brisbane
314497,Brisbane
314498,Brisbane
314499,Brisbane
314500,Brisbane
314501,Brisbane
314502,Brisbane
314503,Brisbane
314504,Brisbane
314505,Brisbane
314506,Brisbane
314507,Brisbane
314508,Brisbane
314509,Brisbane
314510,Brisbane
314511,Sydney
314512,Brisbane
314513,Melbourne
314514,Brisbane
314515,Perth
314516,Brisbane
314517,Sydney
314518,Brisbane
314519,Brisbane
314520,Brisbane
314521,Brisbane
314522,Sydney
314523,Brisbane
314524,Brisbane
314525,Brisbane
314526,Brisbane
314527,Brisbane
314528,Brisbane
314529,Brisbane
314530,Brisbane
314531,Brisbane
314532,Brisbane
314533,Perth
314534,Brisbane
314535,Brisbane
314536,Brisbane
314537,Brisbane
314538,Brisbane
314539,Brisbane
314540,Brisbane
314541,Brisbane
314542,Brisbane
314543,Brisbane
314544,Brisbane
314545,Brisbane
314546,Brisbane
314547,Brisbane
314548,Brisbane
314549,Brisbane
314550,Brisbane
314551,Brisbane
314552,Brisbane
314553,Sydney
314554,Brisbane
314555,Brisbane
314556,Brisbane
314557,Brisbane
314558,Brisbane
314559,Brisbane
314560,Brisbane
314561,Brisbane
314562,Brisbane
314563,Brisbane
314564,Brisbane
314565,Brisbane
314566,Sydney
314567,Brisbane
314568,Brisbane
314569,Brisbane
314570,Brisbane
314571,Brisbane
314572,Perth
314573,Brisbane
314574,Brisbane
314575,Brisbane
314576,Brisbane
314577,Brisbane
314578,Brisbane
314579,Melbourne
314580,Brisbane
314581,Brisbane
314582,Perth
314583,Brisbane
314584,Brisbane
314585,Brisbane
314586,Brisbane
314587,Brisbane
314588,Brisbane
314589,Brisbane
314590,Brisbane
314591,Brisbane
314592,Brisbane
314593,Brisbane
314594,Brisbane
314595,Brisbane
314596,Perth
314597,Brisbane
314598,Brisbane
314599,Brisbane
314600,Brisbane
314601,Brisbane
314602,Brisbane
314603,Brisbane
314604,Brisbane
314605,Brisbane
314606,Brisbane
314607,Brisbane
314608,Brisbane
314609,Brisbane
314610,Brisbane
314611,Brisbane
314612,Brisbane
314613,Brisbane
314614,Brisbane
314615,Brisbane
314616,Brisbane
314617,Brisbane
314618,Brisbane
314619,Brisbane
314620,Brisbane
314621,Brisbane
314622,Brisbane
314623,Brisbane
314624,Sydney
314625,Brisbane
314626,Sydney
314627,Brisbane
314628,Brisbane
314629,Brisbane
314630,Brisbane
314631,Brisbane
314632,Brisbane
314633,Sydney
314634,Brisbane
314635,Brisbane
314636,Brisbane
314637,Brisbane
314638,Perth
314639,Brisbane
314640,Brisbane
314641,Brisbane
314642,Brisbane
314643,Brisbane
314644,Brisbane
314645,Brisbane
314646,Brisbane
314647,Brisbane
314648,Brisbane
314649,Melbourne
314650,Brisbane
314651,Sydney
314652,Brisbane
314653,Melbourne
314654,Brisbane
314655,Brisbane
314656,Sydney
314657,Brisbane
314658,Brisbane
314659,Brisbane
314660,Brisbane
314661,Sydney
314662,Brisbane
314663,Sydney
314664,Brisbane
314665,Brisbane
314666,Brisbane
314667,Brisbane
314668,Brisbane
314669,Brisbane
314670,Brisbane
314671,Brisbane
314672,Brisbane
314673,Brisbane
314674,Brisbane
314675,Brisbane
314676,Brisbane
314677,Brisbane
314678,Brisbane
314679,Brisbane
314680,Brisbane
314681,Melbourne
314682,Brisbane
314683,Brisbane
314684,Brisbane
314685,Brisbane
314686,Brisbane
314687,Brisbane
314688,Brisbane
314689,Brisbane
314690,Brisbane
314691,Brisbane
314692,Brisbane
314693,Brisbane
314694,Brisbane
314695,Brisbane
314696,Brisbane
314697,Brisbane
314698,Brisbane
314699,Brisbane
314700,Sydney
314701,Brisbane
314702,Sydney
314703,Brisbane
314704,Melbourne
314705,Sydney
314706,Brisbane
314707,Brisbane
314708,Brisbane
314709,Brisbane
314710,Brisbane
314711,Brisbane
314712,Brisbane
314713,Perth
314714,Perth
314715,Perth
314716,Brisbane
314717,Brisbane
314718,Brisbane
314719,Brisbane
314720,Brisbane
314721,Melbourne
314722,Brisbane
314723,Brisbane
314724,Brisbane
314725,Brisbane
314726,Brisbane
314727,Brisbane
314728,Brisbane
314729,Sydney
314730,Brisbane
314731,Brisbane
314732,Brisbane
314733,Brisbane
314734,Brisbane
314735,Brisbane
314736,Brisbane
314737,Brisbane
314738,Brisbane
314739,Sydney
314740,Brisbane
314741,Brisbane
314742,Brisbane
314743,Brisbane
314744,Brisbane
314745,Brisbane
314746,Brisbane
314747,Perth
314748,Brisbane
314749,Brisbane
314750,Sydney
314751,Brisbane
314752,Perth
314753,Brisbane
314754,Brisbane
314755,Brisbane
314756,Brisbane
314757,Brisbane
314758,Melbourne
314759,Brisbane
314760,Brisbane
314761,Brisbane
314762,Brisbane
314763,Perth
314764,Brisbane
314765,Brisbane
314766,Brisbane
314767,Brisbane
314768,Brisbane
314769,Brisbane
314770,Brisbane
314771,Brisbane
314772,Brisbane
314773,Brisbane
314774,Brisbane
314775,Brisbane
314776,Brisbane
314777,Brisbane
314778,Brisbane
314779,Brisbane
314780,Brisbane
314781,Brisbane
314782,Brisbane
314783,Brisbane
314784,Brisbane
314785,Sydney
314786,Brisbane
314787,Brisbane
314788,Brisbane
314789,Brisbane
314790,Brisbane
314791,Brisbane
314792,Brisbane
314793,Brisbane
314794,Brisbane
314795,Brisbane
314796,Brisbane
314797,Brisbane
314798,Brisbane
314799,Brisbane
314800,Brisbane
314801,Brisbane
314802,Brisbane
314803,Brisbane
314804,Brisbane
314805,Brisbane
314806,Melbourne
314807,Brisbane
314808,Brisbane
314809,Brisbane
314810,Perth
314811,Brisbane
314812,Brisbane
314813,Brisbane
314814,Brisbane
314815,Melbourne
314816,Brisbane
314817,Brisbane
314818,Brisbane
314819,Brisbane
314820,Brisbane
314821,Brisbane
314822,Brisbane
314823,Perth
314824,Brisbane
314825,Brisbane
314826,Sydney
314827,Brisbane
314828,Brisbane
314829,Brisbane
314830,Brisbane
314831,Brisbane
314832,Brisbane
314833,Brisbane
314834,Brisbane
314835,Brisbane
314836,Brisbane
314837,Brisbane
314838,Brisbane
314839,Brisbane
314840,Brisbane
314841,Brisbane
314842,Brisbane
314843,Brisbane
314844,Brisbane
314845,Brisbane
314846,Brisbane
314847,Brisbane
314848,Brisbane
314849,Brisbane
314850,Brisbane
314851,Brisbane
314852,Brisbane
314853,Brisbane
314854,Brisbane
314855,Brisbane
314856,Brisbane
314857,Perth
314858,Brisbane
314859,Brisbane
314860,Brisbane
314861,Brisbane
314862,Brisbane
314863,Brisbane
314864,Brisbane
314865,Brisbane
314866,Brisbane
314867,Brisbane
314868,Melbourne
314869,Brisbane
314870,Brisbane
314871,Brisbane
314872,Brisbane
314873,Melbourne
314874,Brisbane
314875,Brisbane
314876,Brisbane
314877,Brisbane
314878,Brisbane
314879,Brisbane
314880,Brisbane
314881,Brisbane
314882,Brisbane
314883,Brisbane
314884,Brisbane
314885,Brisbane
314886,Brisbane
314887,Brisbane
314888,Sydney
314889,Brisbane
314890,Brisbane
314891,Brisbane
314892,Brisbane
314893,Brisbane
314894,Brisbane
314895,Brisbane
314896,Brisbane
314897,Brisbane
314898,Brisbane
314899,Brisbane
314900,Brisbane
314901,Perth
314902,Brisbane
314903,Brisbane
314904,Brisbane
314905,Brisbane
314906,Brisbane
314907,Brisbane
314908,Brisbane
314909,Brisbane
314910,Brisbane
314911,Brisbane
314912,Brisbane
314913,Brisbane
314914,Brisbane
314915,Brisbane
314916,Brisbane
314917,Brisbane
314918,Melbourne
314919,Brisbane
314920,Brisbane
314921,Brisbane
314922,Sydney
314923,Brisbane
314924,Brisbane
314925,Brisbane
314926,Brisbane
314927,Brisbane
314928,Brisbane
314929,Brisbane
314930,Brisbane
314931,Sydney
314932,Brisbane
314933,Brisbane
314934,Brisbane
314935,Brisbane
314936,Brisbane
314937,Brisbane
314938,Brisbane
314939,Brisbane
314940,Brisbane
314941,Melbourne
314942,Brisbane
314943,Brisbane
314944,Brisbane
314945,Brisbane
314946,Brisbane
314947,Brisbane
314948,Brisbane
314949,Brisbane
314950,Perth
314951,Brisbane
314952,Brisbane
314953,Brisbane
314954,Brisbane
314955,Brisbane
314956,Brisbane
314957,Brisbane
314958,Brisbane
314959,Brisbane
314960,Sydney
314961,Brisbane
314962,Brisbane
314963,Brisbane
314964,Brisbane
314965,Brisbane
314966,Brisbane
314967,Brisbane
314968,Brisbane
314969,Brisbane
314970,Brisbane
314971,Brisbane
314972,Brisbane
314973,Brisbane
314974,Brisbane
314975,Brisbane
314976,Brisbane
314977,Brisbane
314978,Brisbane
314979,Brisbane
314980,Brisbane
314981,Brisbane
314982,Brisbane
314983,Brisbane
314984,Perth
314985,Brisbane
314986,Brisbane
314987,Brisbane
314988,Brisbane
314989,Brisbane
314990,Brisbane
314991,Brisbane
314992,Brisbane
314993,Brisbane
314994,Perth
314995,Brisbane
314996,Brisbane
314997,Brisbane
314998,Brisbane
314999,Brisbane
315000,Brisbane
315001,Brisbane
315002,Brisbane
315003,Brisbane
315004,Perth
315005,Brisbane
315006,Melbourne
315007,Brisbane
315008,Brisbane
315009,Brisbane
315010,Brisbane
315011,Brisbane
315012,Brisbane
315013,Brisbane
315014,Melbourne
315015,Sydney
315016,Brisbane
315017,Brisbane
315018,Brisbane
315019,Brisbane
315020,Brisbane
315021,Brisbane
315022,Brisbane
315023,Brisbane
315024,Brisbane
315025,Brisbane
315026,Brisbane
315027,Brisbane
315028,Sydney
315029,Brisbane
315030,Melbourne
315031,Brisbane
315032,Brisbane
315033,Brisbane
315034,Brisbane
315035,Brisbane
315036,Brisbane
315037,Brisbane
315038,Brisbane
315039,Brisbane
315040,Brisbane
315041,Brisbane
315042,Brisbane
315043,Perth
315044,Brisbane
315045,Brisbane
315046,Brisbane
315047,Brisbane
315048,Melbourne
315049,Brisbane
315050,Brisbane
315051,Brisbane
315052,Sydney
315053,Brisbane
315054,Brisbane
315055,Brisbane
315056,Brisbane
315057,Brisbane
315058,Brisbane
315059,Brisbane
315060,Brisbane
315061,Brisbane
315062,Melbourne
315063,Brisbane
315064,Brisbane
315065,Brisbane
315066,Brisbane
315067,Brisbane
315068,Brisbane
315069,Brisbane
315070,Brisbane
315071,Brisbane
315072,Brisbane
315073,Brisbane
315074,Brisbane
315075,Brisbane
315076,Brisbane
315077,Brisbane
315078,Sydney
315079,Brisbane
315080,Brisbane
315081,Brisbane
315082,Brisbane
315083,Brisbane
315084,Brisbane
315085,Brisbane
315086,Brisbane
315087,Brisbane
315088,Brisbane
315089,Brisbane
315090,Brisbane
315091,Brisbane
315092,Brisbane
315093,Brisbane
315094,Brisbane
315095,Brisbane
315096,Brisbane
315097,Brisbane
315098,Brisbane
315099,Melbourne
315100,Brisbane
315101,Brisbane
315102,Brisbane
315103,Brisbane
315104,Brisbane
315105,Melbourne
315106,Brisbane
315107,Brisbane
315108,Brisbane
315109,Brisbane
315110,Brisbane
315111,Brisbane
315112,Sydney
315113,Brisbane
315114,Brisbane
315115,Brisbane
315116,Brisbane
315117,Brisbane
315118,Brisbane
315119,Brisbane
315120,Brisbane
315121,Brisbane
315122,Brisbane
315123,Brisbane
315124,Brisbane
315125,Brisbane
315126,Brisbane
315127,Brisbane
315128,Brisbane
315129,Brisbane
315130,Brisbane
315131,Brisbane
315132,Brisbane
315133,Brisbane
315134,Brisbane
315135,Brisbane
315136,Brisbane
315137,Brisbane
315138,Brisbane
315139,Brisbane
315140,Brisbane
315141,Brisbane
315142,Brisbane
315143,Brisbane
315144,Brisbane
315145,Brisbane
315146,Brisbane
315147,Brisbane
315148,Brisbane
315149,Brisbane
315150,Melbourne
315151,Brisbane
315152,Brisbane
315153,Brisbane
315154,Brisbane
315155,Brisbane
315156,Brisbane
315157,Sydney
315158,Brisbane
315159,Brisbane
315160,Brisbane
315161,Brisbane
315162,Brisbane
315163,Brisbane
315164,Brisbane
315165,Brisbane
315166,Sydney
315167,Perth
315168,Brisbane
315169,Brisbane
315170,Brisbane
315171,Brisbane
315172,Brisbane
315173,Brisbane
315174,Brisbane
315175,Brisbane
315176,Brisbane
315177,Brisbane
315178,Brisbane
315179,Brisbane
315180,Brisbane
315181,Brisbane
315182,Brisbane
315183,Brisbane
315184,Perth
315185,Brisbane
315186,Melbourne
315187,Brisbane
315188,Brisbane
315189,Brisbane
315190,Brisbane
315191,Brisbane
315192,Brisbane
315193,Brisbane
315194,Brisbane
315195,Perth
315196,Melbourne
315197,Brisbane
315198,Sydney
315199,Brisbane
315200,Sydney
315201,Perth
315202,Brisbane
315203,Brisbane
315204,Brisbane
315205,Brisbane
315206,Melbourne
315207,Brisbane
315208,Brisbane
315209,Brisbane
315210,Brisbane
315211,Sydney
315212,Brisbane
315213,Brisbane
315214,Brisbane
315215,Brisbane
315216,Perth
315217,Brisbane
315218,Sydney
315219,Brisbane
315220,Brisbane
315221,Brisbane
315222,Perth
315223,Brisbane
315224,Brisbane
315225,Brisbane
315226,Perth
315227,Brisbane
315228,Brisbane
315229,Brisbane
315230,Brisbane
315231,Brisbane
315232,Brisbane
315233,Brisbane
315234,Brisbane
315235,Brisbane
315236,Brisbane
315237,Sydney
315238,Brisbane
315239,Brisbane
315240,Brisbane
315241,Brisbane
315242,Brisbane
315243,Brisbane
315244,Brisbane
315245,Brisbane
315246,Perth
315247,Brisbane
315248,Brisbane
315249,Brisbane
315250,Brisbane
315251,Perth
315252,Melbourne
315253,Brisbane
315254,Brisbane
315255,Brisbane
315256,Brisbane
315257,Brisbane
315258,Brisbane
315259,Brisbane
315260,Brisbane
315261,Brisbane
315262,Brisbane
315263,Brisbane
315264,Brisbane
315265,Brisbane
315266,Brisbane
315267,Brisbane
315268,Brisbane
315269,Brisbane
315270,Brisbane
315271,Brisbane
315272,Melbourne
315273,Brisbane
315274,Brisbane
315275,Brisbane
315276,Brisbane
315277,Brisbane
315278,Brisbane
315279,Brisbane
315280,Brisbane
315281,Brisbane
315282,Brisbane
315283,Brisbane
315284,Brisbane
315285,Brisbane
315286,Sydney
315287,Brisbane
315288,Brisbane
315289,Brisbane
315290,Brisbane
315291,Brisbane
315292,Brisbane
315293,Brisbane
315294,Brisbane
315295,Brisbane
315296,Brisbane
315297,Brisbane
315298,Sydney
315299,Brisbane
315300,Brisbane
315301,Brisbane
315302,Brisbane
315303,Brisbane
315304,Perth
315305,Brisbane
315306,Brisbane
315307,Brisbane
315308,Sydney
315309,Brisbane
315310,Brisbane
315311,Brisbane
315312,Brisbane
315313,Brisbane
315314,Brisbane
315315,Sydney
315316,Sydney
315317,Brisbane
315318,Perth
315319,Brisbane
315320,Brisbane
315321,Brisbane
315322,Brisbane
315323,Brisbane
315324,Sydney
315325,Sydney
315326,Brisbane
315327,Brisbane
315328,Brisbane
315329,Brisbane
315330,Brisbane
315331,Brisbane
315332,Brisbane
315333,Brisbane
315334,Brisbane
315335,Brisbane
315336,Brisbane
315337,Sydney
315338,Brisbane
315339,Brisbane
315340,Brisbane
315341,Brisbane
315342,Brisbane
315343,Perth
315344,Brisbane
315345,Brisbane
315346,Brisbane
315347,Sydney
315348,Melbourne
315349,Brisbane
315350,Brisbane
315351,Brisbane
315352,Brisbane
315353,Brisbane
315354,Brisbane
315355,Brisbane
315356,Brisbane
315357,Brisbane
315358,Brisbane
315359,Brisbane
315360,Brisbane
315361,Brisbane
315362,Brisbane
315363,Perth
315364,Brisbane
315365,Brisbane
315366,Brisbane
315367,Brisbane
315368,Brisbane
315369,Brisbane
315370,Brisbane
315371,Brisbane
315372,Brisbane
315373,Brisbane
315374,Brisbane
315375,Brisbane
315376,Brisbane
315377,Brisbane
315378,Brisbane
315379,Brisbane
315380,Brisbane
315381,Brisbane
315382,Brisbane
315383,Brisbane
315384,Sydney
315385,Brisbane
315386,Brisbane
315387,Brisbane
315388,Brisbane
315389,Brisbane
315390,Brisbane
315391,Brisbane
315392,Melbourne
315393,Brisbane
315394,Brisbane
315395,Brisbane
315396,Brisbane
315397,Brisbane
315398,Sydney
315399,Sydney
315400,Sydney
315401,Brisbane
315402,Brisbane
315403,Brisbane
315404,Brisbane
315405,Brisbane
315406,Perth
315407,Brisbane
315408,Brisbane
315409,Perth
315410,Brisbane
315411,Brisbane
315412,Brisbane
315413,Melbourne
315414,Brisbane
315415,Brisbane
315416,Brisbane
315417,Melbourne
315418,Brisbane
315419,Brisbane
315420,Brisbane
315421,Brisbane
315422,Brisbane
315423,Brisbane
315424,Brisbane
315425,Brisbane
315426,Brisbane
315427,Brisbane
315428,Brisbane
315429,Brisbane
315430,Brisbane
315431,Brisbane
315432,Brisbane
315433,Sydney
315434,Brisbane
315435,Brisbane
315436,Sydney
315437,Brisbane
315438,Brisbane
315439,Brisbane
315440,Brisbane
315441,Brisbane
315442,Brisbane
315443,Brisbane
315444,Brisbane
315445,Brisbane
315446,Brisbane
315447,Brisbane
315448,Brisbane
315449,Sydney
315450,Brisbane
315451,Brisbane
315452,Brisbane
315453,Brisbane
315454,Brisbane
315455,Brisbane
315456,Brisbane
315457,Brisbane
315458,Sydney
315459,Brisbane
315460,Brisbane
315461,Brisbane
315462,Brisbane
315463,Brisbane
315464,Brisbane
315465,Perth
315466,Brisbane
315467,Brisbane
315468,Brisbane
315469,Brisbane
315470,Brisbane
315471,Brisbane
315472,Brisbane
315473,Brisbane
315474,Brisbane
315475,Brisbane
315476,Brisbane
315477,Brisbane
315478,Brisbane
315479,Brisbane
315480,Brisbane
315481,Brisbane
315482,Brisbane
315483,Brisbane
315484,Brisbane
315485,Brisbane
315486,Brisbane
315487,Brisbane
315488,Brisbane
315489,Brisbane
315490,Brisbane
315491,Brisbane
315492,Brisbane
315493,Brisbane
315494,Sydney
315495,Brisbane
315496,Brisbane
315497,Brisbane
315498,Brisbane
315499,Brisbane
315500,Brisbane
315501,Brisbane
315502,Brisbane
315503,Brisbane
315504,Brisbane
315505,Brisbane
315506,Brisbane
315507,Perth
315508,Perth
315509,Brisbane
315510,Brisbane
315511,Brisbane
315512,Brisbane
315513,Brisbane
315514,Brisbane
315515,Perth
315516,Brisbane
315517,Brisbane
315518,Brisbane
315519,Brisbane
315520,Brisbane
315521,Brisbane
315522,Sydney
315523,Brisbane
315524,Sydney
315525,Brisbane
315526,Brisbane
315527,Brisbane
315528,Brisbane
315529,Brisbane
315530,Brisbane
315531,Brisbane
315532,Brisbane
315533,Brisbane
315534,Brisbane
315535,Brisbane
315536,Brisbane
315537,Brisbane
315538,Brisbane
315539,Brisbane
315540,Brisbane
315541,Brisbane
315542,Brisbane
315543,Brisbane
315544,Brisbane
315545,Sydney
315546,Brisbane
315547,Brisbane
315548,Brisbane
315549,Brisbane
315550,Brisbane
315551,Brisbane
315552,Brisbane
315553,Brisbane
315554,Brisbane
315555,Brisbane
315556,Brisbane
315557,Brisbane
315558,Brisbane
315559,Brisbane
315560,Brisbane
315561,Brisbane
315562,Brisbane
315563,Brisbane
315564,Brisbane
315565,Brisbane
315566,Brisbane
315567,Brisbane
315568,Brisbane
315569,Brisbane
315570,Brisbane
315571,Brisbane
315572,Brisbane
315573,Brisbane
315574,Brisbane
315575,Brisbane
315576,Brisbane
315577,Sydney
315578,Brisbane
315579,Brisbane
315580,Brisbane
315581,Brisbane
315582,Brisbane
315583,Brisbane
315584,Brisbane
315585,Brisbane
315586,Brisbane
315587,Brisbane
315588,Brisbane
315589,Brisbane
315590,Brisbane
315591,Brisbane
315592,Brisbane
315593,Brisbane
315594,Brisbane
315595,Brisbane
315596,Brisbane
315597,Brisbane
315598,Brisbane
315599,Brisbane
315600,Perth
315601,Brisbane
315602,Brisbane
315603,Brisbane
315604,Sydney
315605,Brisbane
315606,Brisbane
315607,Brisbane
315608,Brisbane
315609,Brisbane
315610,Brisbane
315611,Brisbane
315612,Brisbane
315613,Brisbane
315614,Perth
315615,Brisbane
315616,Brisbane
315617,Perth
315618,Brisbane
315619,Brisbane
315620,Brisbane
315621,Brisbane
315622,Sydney
315623,Brisbane
315624,Brisbane
315625,Brisbane
315626,Brisbane
315627,Brisbane
315628,Perth
315629,Brisbane
315630,Brisbane
315631,Brisbane
315632,Sydney
315633,Brisbane
315634,Brisbane
315635,Brisbane
315636,Sydney
315637,Brisbane
315638,Brisbane
315639,Brisbane
315640,Melbourne
315641,Brisbane
315642,Brisbane
315643,Brisbane
315644,Brisbane
315645,Brisbane
315646,Brisbane
315647,Brisbane
315648,Brisbane
315649,Brisbane
315650,Brisbane
315651,Brisbane
315652,Brisbane
315653,Brisbane
315654,Brisbane
315655,Brisbane
315656,Sydney
315657,Brisbane
315658,Brisbane
315659,Sydney
315660,Brisbane
315661,Brisbane
315662,Brisbane
315663,Brisbane
315664,Brisbane
315665,Brisbane
315666,Brisbane
315667,Brisbane
315668,Brisbane
315669,Sydney
315670,Brisbane
315671,Brisbane
315672,Brisbane
315673,Brisbane
315674,Brisbane
315675,Brisbane
315676,Brisbane
315677,Brisbane
315678,Brisbane
315679,Brisbane
315680,Brisbane
315681,Brisbane
315682,Brisbane
315683,Brisbane
315684,Brisbane
315685,Brisbane
315686,Brisbane
315687,Brisbane
315688,Brisbane
315689,Sydney
315690,Brisbane
315691,Brisbane
315692,Brisbane
315693,Brisbane
315694,Brisbane
315695,Brisbane
315696,Sydney
315697,Brisbane
315698,Brisbane
315699,Sydney
315700,Brisbane
315701,Brisbane
315702,Brisbane
315703,Brisbane
315704,Brisbane
315705,Brisbane
315706,Brisbane
315707,Brisbane
315708,Brisbane
315709,Brisbane
315710,Brisbane
315711,Brisbane
315712,Brisbane
315713,Brisbane
315714,Brisbane
315715,Brisbane
315716,Brisbane
315717,Brisbane
315718,Sydney
315719,Brisbane
315720,Brisbane
315721,Brisbane
315722,Brisbane
315723,Brisbane
315724,Brisbane
315725,Brisbane
315726,Brisbane
315727,Brisbane
315728,Brisbane
315729,Brisbane
315730,Brisbane
315731,Brisbane
315732,Brisbane
315733,Brisbane
315734,Brisbane
315735,Brisbane
315736,Brisbane
315737,Brisbane
315738,Brisbane
315739,Brisbane
315740,Brisbane
315741,Brisbane
315742,Brisbane
315743,Brisbane
315744,Brisbane
315745,Brisbane
315746,Brisbane
315747,Brisbane
315748,Brisbane
315749,Brisbane
315750,Brisbane
315751,Brisbane
315752,Brisbane
315753,Brisbane
315754,Brisbane
315755,Brisbane
315756,Brisbane
315757,Brisbane
315758,Brisbane
315759,Brisbane
315760,Brisbane
315761,Brisbane
315762,Brisbane
315763,Brisbane
315764,Brisbane
315765,Brisbane
315766,Brisbane
315767,Sydney
315768,Brisbane
315769,Brisbane
315770,Sydney
315771,Brisbane
315772,Brisbane
315773,Brisbane
315774,Melbourne
315775,Brisbane
315776,Brisbane
315777,Brisbane
315778,Brisbane
315779,Sydney
315780,Brisbane
315781,Brisbane
315782,Sydney
315783,Brisbane
315784,Brisbane
315785,Brisbane
315786,Brisbane
315787,Brisbane
315788,Brisbane
315789,Brisbane
315790,Brisbane
315791,Brisbane
315792,Melbourne
315793,Brisbane
315794,Brisbane
315795,Sydney
315796,Brisbane
315797,Melbourne
315798,Brisbane
315799,Brisbane
315800,Brisbane
315801,Brisbane
315802,Brisbane
315803,Brisbane
315804,Brisbane
315805,Brisbane
315806,Brisbane
315807,Brisbane
315808,Brisbane
315809,Brisbane
315810,Brisbane
315811,Brisbane
315812,Brisbane
315813,Brisbane
315814,Brisbane
315815,Brisbane
315816,Melbourne
315817,Brisbane
315818,Brisbane
315819,Brisbane
315820,Perth
315821,Brisbane
315822,Brisbane
315823,Brisbane
315824,Brisbane
315825,Brisbane
315826,Brisbane
315827,Brisbane
315828,Brisbane
315829,Brisbane
315830,Brisbane
315831,Melbourne
315832,Brisbane
315833,Brisbane
315834,Brisbane
315835,Brisbane
315836,Brisbane
315837,Brisbane
315838,Brisbane
315839,Sydney
315840,Brisbane
315841,Brisbane
315842,Brisbane
315843,Brisbane
315844,Perth
315845,Brisbane
315846,Brisbane
315847,Brisbane
315848,Sydney
315849,Brisbane
315850,Brisbane
315851,Sydney
315852,Brisbane
315853,Brisbane
315854,Brisbane
315855,Brisbane
315856,Perth
315857,Brisbane
315858,Brisbane
315859,Brisbane
315860,Brisbane
315861,Melbourne
315862,Brisbane
315863,Sydney
315864,Brisbane
315865,Brisbane
315866,Brisbane
315867,Brisbane
315868,Perth
315869,Brisbane
315870,Brisbane
315871,Brisbane
315872,Brisbane
315873,Brisbane
315874,Brisbane
315875,Sydney
315876,Brisbane
315877,Sydney
315878,Brisbane
315879,Brisbane
315880,Brisbane
315881,Brisbane
315882,Brisbane
315883,Melbourne
315884,Brisbane
315885,Brisbane
315886,Brisbane
315887,Brisbane
315888,Brisbane
315889,Brisbane
315890,Brisbane
315891,Brisbane
315892,Brisbane
315893,Brisbane
315894,Brisbane
315895,Sydney
315896,Brisbane
315897,Brisbane
315898,Brisbane
315899,Brisbane
315900,Brisbane
315901,Brisbane
315902,Brisbane
315903,Perth
315904,Sydney
315905,Brisbane
315906,Brisbane
315907,Perth
315908,Brisbane
315909,Brisbane
315910,Brisbane
315911,Brisbane
315912,Brisbane
315913,Brisbane
315914,Brisbane
315915,Brisbane
315916,Brisbane
315917,Brisbane
315918,Brisbane
315919,Brisbane
315920,Brisbane
315921,Brisbane
315922,Brisbane
315923,Brisbane
315924,Brisbane
315925,Brisbane
315926,Brisbane
315927,Brisbane
315928,Brisbane
315929,Brisbane
315930,Brisbane
315931,Brisbane
315932,Perth
315933,Brisbane
315934,Brisbane
315935,Brisbane
315936,Brisbane
315937,Brisbane
315938,Brisbane
315939,Brisbane
315940,Brisbane
315941,Brisbane
315942,Brisbane
315943,Brisbane
315944,Brisbane
315945,Brisbane
315946,Brisbane
315947,Brisbane
315948,Brisbane
315949,Brisbane
315950,Brisbane
315951,Sydney
315952,Brisbane
315953,Brisbane
315954,Brisbane
315955,Brisbane
315956,Brisbane
315957,Sydney
315958,Brisbane
315959,Brisbane
315960,Brisbane
315961,Brisbane
315962,Brisbane
315963,Brisbane
315964,Brisbane
315965,Brisbane
315966,Brisbane
315967,Brisbane
315968,Brisbane
315969,Brisbane
315970,Brisbane
315971,Brisbane
315972,Brisbane
315973,Sydney
315974,Brisbane
315975,Brisbane
315976,Brisbane
315977,Brisbane
315978,Brisbane
315979,Brisbane
315980,Brisbane
315981,Brisbane
315982,Sydney
315983,Sydney
315984,Brisbane
315985,Brisbane
315986,Brisbane
315987,Brisbane
315988,Brisbane
315989,Perth
315990,Perth
315991,Brisbane
315992,Brisbane
315993,Brisbane
315994,Brisbane
315995,Brisbane
315996,Brisbane
315997,Brisbane
315998,Brisbane
315999,Brisbane
316000,Brisbane
316001,Brisbane
316002,Brisbane
316003,Brisbane
316004,Brisbane
316005,Brisbane
316006,Brisbane
316007,Brisbane
316008,Perth
316009,Brisbane
316010,Brisbane
316011,Perth
316012,Sydney
316013,Brisbane
316014,Brisbane
316015,Brisbane
316016,Brisbane
316017,Sydney
316018,Brisbane
316019,Brisbane
316020,Brisbane
316021,Brisbane
316022,Sydney
316023,Brisbane
316024,Brisbane
316025,Brisbane
316026,Brisbane
316027,Brisbane
316028,Brisbane
316029,Brisbane
316030,Brisbane
316031,Brisbane
316032,Brisbane
316033,Brisbane
316034,Brisbane
316035,Brisbane
316036,Brisbane
316037,Brisbane
316038,Brisbane
316039,Brisbane
316040,Brisbane
316041,Brisbane
316042,Sydney
316043,Brisbane
316044,Brisbane
316045,Brisbane
316046,Brisbane
316047,Sydney
316048,Brisbane
316049,Brisbane
316050,Brisbane
316051,Brisbane
316052,Brisbane
316053,Brisbane
316054,Brisbane
316055,Sydney
316056,Brisbane
316057,Brisbane
316058,Perth
316059,Brisbane
316060,Brisbane
316061,Brisbane
316062,Brisbane
316063,Brisbane
316064,Brisbane
316065,Brisbane
316066,Brisbane
316067,Brisbane
316068,Perth
316069,Brisbane
316070,Brisbane
316071,Brisbane
316072,Perth
316073,Brisbane
316074,Brisbane
316075,Brisbane
316076,Brisbane
316077,Brisbane
316078,Brisbane
316079,Sydney
316080,Brisbane
316081,Perth
316082,Brisbane
316083,Sydney
316084,Melbourne
316085,Perth
316086,Brisbane
316087,Sydney
316088,Brisbane
316089,Brisbane
316090,Brisbane
316091,Brisbane
316092,Brisbane
316093,Brisbane
316094,Brisbane
316095,Brisbane
316096,Brisbane
316097,Brisbane
316098,Brisbane
316099,Perth
316100,Brisbane
316101,Brisbane
316102,Brisbane
316103,Melbourne
316104,Brisbane
316105,Brisbane
316106,Brisbane
316107,Brisbane
316108,Sydney
316109,Brisbane
316110,Brisbane
316111,Brisbane
316112,Brisbane
316113,Brisbane
316114,Brisbane
316115,Sydney
316116,Sydney
316117,Brisbane
316118,Brisbane
316119,Brisbane
316120,Brisbane
316121,Brisbane
316122,Brisbane
316123,Brisbane
316124,Brisbane
316125,Brisbane
316126,Brisbane
316127,Brisbane
316128,Sydney
316129,Brisbane
316130,Brisbane
316131,Brisbane
316132,Brisbane
316133,Brisbane
316134,Brisbane
316135,Brisbane
316136,Brisbane
316137,Brisbane
316138,Brisbane
316139,Brisbane
316140,Brisbane
316141,Brisbane
316142,Brisbane
316143,Brisbane
316144,Brisbane
316145,Sydney
316146,Brisbane
316147,Brisbane
316148,Brisbane
316149,Brisbane
316150,Brisbane
316151,Melbourne
316152,Brisbane
316153,Brisbane
316154,Brisbane
316155,Sydney
316156,Melbourne
316157,Brisbane
316158,Sydney
316159,Brisbane
316160,Brisbane
316161,Brisbane
316162,Brisbane
316163,Brisbane
316164,Brisbane
316165,Brisbane
316166,Brisbane
316167,Brisbane
316168,Brisbane
316169,Brisbane
316170,Brisbane
316171,Brisbane
316172,Brisbane
316173,Brisbane
316174,Brisbane
316175,Brisbane
316176,Brisbane
316177,Brisbane
316178,Brisbane
316179,Brisbane
316180,Brisbane
316181,Perth
316182,Brisbane
316183,Brisbane
316184,Brisbane
316185,Brisbane
316186,Brisbane
316187,Brisbane
316188,Brisbane
316189,Brisbane
316190,Brisbane
316191,Brisbane
316192,Brisbane
316193,Brisbane
316194,Brisbane
316195,Brisbane
316196,Brisbane
316197,Brisbane
316198,Brisbane
316199,Sydney
316200,Brisbane
316201,Brisbane
316202,Brisbane
316203,Brisbane
316204,Melbourne
316205,Brisbane
316206,Brisbane
316207,Brisbane
316208,Brisbane
316209,Perth
316210,Brisbane
316211,Brisbane
316212,Brisbane
316213,Brisbane
316214,Brisbane
316215,Brisbane
316216,Perth
316217,Brisbane
316218,Melbourne
316219,Brisbane
316220,Brisbane
316221,Brisbane
316222,Sydney
316223,Brisbane
316224,Brisbane
316225,Brisbane
316226,Brisbane
316227,Brisbane
316228,Brisbane
316229,Brisbane
316230,Brisbane
316231,Perth
316232,Perth
316233,Brisbane
316234,Brisbane
316235,Brisbane
316236,Brisbane
316237,Brisbane
316238,Brisbane
316239,Brisbane
316240,Brisbane
316241,Brisbane
316242,Brisbane
316243,Brisbane
316244,Brisbane
316245,Brisbane
316246,Brisbane
316247,Brisbane
316248,Brisbane
316249,Brisbane
316250,Brisbane
316251,Brisbane
316252,Brisbane
316253,Brisbane
316254,Brisbane
316255,Brisbane
316256,Brisbane
316257,Brisbane
316258,Brisbane
316259,Brisbane
316260,Brisbane
316261,Brisbane
316262,Brisbane
316263,Brisbane
316264,Brisbane
316265,Melbourne
316266,Brisbane
316267,Brisbane
316268,Brisbane
316269,Brisbane
316270,Brisbane
316271,Brisbane
316272,Brisbane
316273,Brisbane
316274,Brisbane
316275,Brisbane
316276,Brisbane
316277,Brisbane
316278,Brisbane
316279,Brisbane
316280,Brisbane
316281,Brisbane
316282,Brisbane
316283,Sydney
316284,Brisbane
316285,Brisbane
316286,Sydney
316287,Brisbane
316288,Brisbane
316289,Brisbane
316290,Brisbane
316291,Brisbane
316292,Brisbane
316293,Brisbane
316294,Brisbane
316295,Brisbane
316296,Brisbane
316297,Brisbane
316298,Brisbane
316299,Brisbane
316300,Brisbane
316301,Brisbane
316302,Perth
316303,Brisbane
316304,Brisbane
316305,Brisbane
316306,Sydney
316307,Brisbane
316308,Brisbane
316309,Perth
316310,Brisbane
316311,Brisbane
316312,Brisbane
316313,Brisbane
316314,Brisbane
316315,Brisbane
316316,Brisbane
316317,Brisbane
316318,Brisbane
316319,Brisbane
316320,Brisbane
316321,Perth
316322,Melbourne
316323,Brisbane
316324,Brisbane
316325,Brisbane
316326,Brisbane
316327,Brisbane
316328,Brisbane
316329,Brisbane
316330,Melbourne
316331,Sydney
316332,Brisbane
316333,Brisbane
316334,Brisbane
316335,Brisbane
316336,Sydney
316337,Melbourne
316338,Brisbane
316339,Brisbane
316340,Brisbane
316341,Brisbane
316342,Brisbane
316343,Brisbane
316344,Brisbane
316345,Brisbane
316346,Brisbane
316347,Brisbane
316348,Brisbane
316349,Brisbane
316350,Brisbane
316351,Brisbane
316352,Brisbane
316353,Brisbane
316354,Brisbane
316355,Brisbane
316356,Brisbane
316357,Sydney
316358,Brisbane
316359,Sydney
316360,Brisbane
316361,Brisbane
316362,Brisbane
316363,Sydney
316364,Brisbane
316365,Brisbane
316366,Brisbane
316367,Sydney
316368,Brisbane
316369,Brisbane
316370,Brisbane
316371,Brisbane
316372,Brisbane
316373,Melbourne
316374,Brisbane
316375,Brisbane
316376,Brisbane
316377,Brisbane
316378,Brisbane
316379,Brisbane
316380,Melbourne
316381,Brisbane
316382,Melbourne
316383,Brisbane
316384,Brisbane
316385,Perth
316386,Brisbane
316387,Brisbane
316388,Brisbane
316389,Brisbane
316390,Brisbane
316391,Brisbane
316392,Sydney
316393,Brisbane
316394,Brisbane
316395,Brisbane
316396,Brisbane
316397,Brisbane
316398,Brisbane
316399,Brisbane
316400,Brisbane
316401,Brisbane
316402,Brisbane
316403,Sydney
316404,Brisbane
316405,Brisbane
316406,Brisbane
316407,Brisbane
316408,Brisbane
316409,Brisbane
316410,Brisbane
316411,Brisbane
316412,Brisbane
316413,Brisbane
316414,Brisbane
316415,Brisbane
316416,Brisbane
316417,Brisbane
316418,Sydney
316419,Brisbane
316420,Brisbane
316421,Brisbane
316422,Brisbane
316423,Brisbane
316424,Perth
316425,Brisbane
316426,Sydney
316427,Brisbane
316428,Brisbane
316429,Sydney
316430,Melbourne
316431,Brisbane
316432,Brisbane
316433,Brisbane
316434,Brisbane
316435,Melbourne
316436,Brisbane
316437,Brisbane
316438,Brisbane
316439,Melbourne
316440,Brisbane
316441,Brisbane
316442,Sydney
316443,Brisbane
316444,Brisbane
316445,Brisbane
316446,Brisbane
316447,Brisbane
316448,Sydney
316449,Brisbane
316450,Brisbane
316451,Brisbane
316452,Sydney
316453,Brisbane
316454,Brisbane
316455,Brisbane
316456,Brisbane
316457,Brisbane
316458,Brisbane
316459,Brisbane
316460,Brisbane
316461,Brisbane
316462,Brisbane
316463,Brisbane
316464,Perth
316465,Brisbane
316466,Brisbane
316467,Brisbane
316468,Brisbane
316469,Brisbane
316470,Melbourne
316471,Brisbane
316472,Brisbane
316473,Brisbane
316474,Sydney
316475,Brisbane
316476,Brisbane
316477,Brisbane
316478,Brisbane
316479,Brisbane
316480,Brisbane
316481,Brisbane
316482,Perth
316483,Brisbane
316484,Brisbane
316485,Brisbane
316486,Brisbane
316487,Brisbane
316488,Perth
316489,Brisbane
316490,Brisbane
316491,Brisbane
316492,Brisbane
316493,Brisbane
316494,Brisbane
316495,Melbourne
316496,Brisbane
316497,Brisbane
316498,Brisbane
316499,Brisbane
316500,Brisbane
316501,Sydney
316502,Brisbane
316503,Brisbane
316504,Sydney
316505,Brisbane
316506,Brisbane
316507,Brisbane
316508,Brisbane
316509,Perth
316510,Brisbane
316511,Sydney
316512,Sydney
316513,Brisbane
316514,Brisbane
316515,Brisbane
316516,Brisbane
316517,Brisbane
316518,Brisbane
316519,Brisbane
316520,Brisbane
316521,Brisbane
316522,Brisbane
316523,Brisbane
316524,Brisbane
316525,Brisbane
316526,Brisbane
316527,Brisbane
316528,Brisbane
316529,Brisbane
316530,Brisbane
316531,Brisbane
316532,Sydney
316533,Brisbane
316534,Brisbane
316535,Brisbane
316536,Brisbane
316537,Brisbane
316538,Brisbane
316539,Brisbane
316540,Brisbane
316541,Brisbane
316542,Brisbane
316543,Brisbane
316544,Brisbane
316545,Brisbane
316546,Brisbane
316547,Brisbane
316548,Brisbane
316549,Brisbane
316550,Brisbane
316551,Brisbane
316552,Brisbane
316553,Brisbane
316554,Brisbane
316555,Brisbane
316556,Brisbane
316557,Brisbane
316558,Brisbane
316559,Perth
316560,Brisbane
316561,Brisbane
316562,Brisbane
316563,Brisbane
316564,Brisbane
316565,Brisbane
316566,Brisbane
316567,Brisbane
316568,Brisbane
316569,Brisbane
316570,Brisbane
316571,Brisbane
316572,Brisbane
316573,Brisbane
316574,Brisbane
316575,Sydney
316576,Brisbane
316577,Brisbane
316578,Brisbane
316579,Brisbane
316580,Brisbane
316581,Brisbane
316582,Brisbane
316583,Brisbane
316584,Brisbane
316585,Brisbane
316586,Sydney
316587,Perth
316588,Brisbane
316589,Brisbane
316590,Brisbane
316591,Brisbane
316592,Brisbane
316593,Brisbane
316594,Brisbane
316595,Sydney
316596,Brisbane
316597,Brisbane
316598,Brisbane
316599,Brisbane
316600,Perth
316601,Brisbane
316602,Sydney
316603,Brisbane
316604,Brisbane
316605,Brisbane
316606,Brisbane
316607,Melbourne
316608,Brisbane
316609,Brisbane
316610,Brisbane
316611,Brisbane
316612,Perth
316613,Brisbane
316614,Brisbane
316615,Brisbane
316616,Sydney
316617,Brisbane
316618,Brisbane
316619,Perth
316620,Brisbane
316621,Brisbane
316622,Perth
316623,Brisbane
316624,Brisbane
316625,Brisbane
316626,Brisbane
316627,Brisbane
316628,Sydney
316629,Brisbane
316630,Brisbane
316631,Brisbane
316632,Melbourne
316633,Brisbane
316634,Brisbane
316635,Brisbane
316636,Brisbane
316637,Brisbane
316638,Brisbane
316639,Brisbane
316640,Brisbane
316641,Brisbane
316642,Perth
316643,Sydney
316644,Brisbane
316645,Melbourne
316646,Perth
316647,Brisbane
316648,Brisbane
316649,Brisbane
316650,Perth
316651,Brisbane
316652,Brisbane
316653,Brisbane
316654,Melbourne
316655,Brisbane
316656,Brisbane
316657,Brisbane
316658,Brisbane
316659,Sydney
316660,Brisbane
316661,Brisbane
316662,Brisbane
316663,Sydney
316664,Brisbane
316665,Brisbane
316666,Brisbane
316667,Brisbane
316668,Brisbane
316669,Brisbane
316670,Brisbane
316671,Brisbane
316672,Perth
316673,Sydney
316674,Sydney
316675,Brisbane
316676,Brisbane
316677,Sydney
316678,Brisbane
316679,Brisbane
316680,Brisbane
316681,Brisbane
316682,Brisbane
316683,Brisbane
316684,Brisbane
316685,Brisbane
316686,Brisbane
316687,Brisbane
316688,Brisbane
316689,Brisbane
316690,Brisbane
316691,Brisbane
316692,Brisbane
316693,Brisbane
316694,Brisbane
316695,Brisbane
316696,Melbourne
316697,Brisbane
316698,Brisbane
316699,Brisbane
316700,Brisbane
316701,Brisbane
316702,Brisbane
316703,Brisbane
316704,Brisbane
316705,Brisbane
316706,Brisbane
316707,Brisbane
316708,Perth
316709,Brisbane
316710,Brisbane
316711,Brisbane
316712,Brisbane
316713,Brisbane
316714,Brisbane
316715,Brisbane
316716,Brisbane
316717,Perth
316718,Brisbane
316719,Brisbane
316720,Brisbane
316721,Brisbane
316722,Brisbane
316723,Brisbane
316724,Brisbane
316725,Brisbane
316726,Brisbane
316727,Brisbane
316728,Brisbane
316729,Perth
316730,Brisbane
316731,Brisbane
316732,Brisbane
316733,Brisbane
316734,Brisbane
316735,Brisbane
316736,Brisbane
316737,Brisbane
316738,Brisbane
316739,Brisbane
316740,Brisbane
316741,Brisbane
316742,Melbourne
316743,Brisbane
316744,Brisbane
316745,Brisbane
316746,Brisbane
316747,Brisbane
316748,Brisbane
316749,Brisbane
316750,Brisbane
316751,Brisbane
316752,Brisbane
316753,Brisbane
316754,Brisbane
316755,Brisbane
316756,Melbourne
316757,Brisbane
316758,Melbourne
316759,Brisbane
316760,Brisbane
316761,Brisbane
316762,Brisbane
316763,Brisbane
316764,Brisbane
316765,Brisbane
316766,Perth
316767,Sydney
316768,Brisbane
316769,Brisbane
316770,Perth
316771,Brisbane
316772,Brisbane
316773,Sydney
316774,Brisbane
316775,Brisbane
316776,Brisbane
316777,Brisbane
316778,Brisbane
316779,Perth
316780,Brisbane
316781,Brisbane
316782,Brisbane
316783,Brisbane
316784,Brisbane
316785,Brisbane
316786,Brisbane
316787,Brisbane
316788,Brisbane
316789,Brisbane
316790,Brisbane
316791,Brisbane
316792,Brisbane
316793,Brisbane
316794,Brisbane
316795,Brisbane
316796,Brisbane
316797,Brisbane
316798,Brisbane
316799,Brisbane
316800,Brisbane
316801,Brisbane
316802,Brisbane
316803,Perth
316804,Brisbane
316805,Brisbane
316806,Perth
316807,Brisbane
316808,Brisbane
316809,Brisbane
316810,Brisbane
316811,Brisbane
316812,Brisbane
316813,Brisbane
316814,Brisbane
316815,Brisbane
316816,Brisbane
316817,Brisbane
316818,Brisbane
316819,Brisbane
316820,Brisbane
316821,Perth
316822,Brisbane
316823,Brisbane
316824,Brisbane
316825,Brisbane
316826,Brisbane
316827,Brisbane
316828,Brisbane
316829,Sydney
316830,Brisbane
316831,Brisbane
316832,Brisbane
316833,Brisbane
316834,Perth
316835,Brisbane
316836,Brisbane
316837,Sydney
316838,Brisbane
316839,Brisbane
316840,Brisbane
316841,Brisbane
316842,Brisbane
316843,Brisbane
316844,Brisbane
316845,Brisbane
316846,Brisbane
316847,Brisbane
316848,Brisbane
316849,Brisbane
316850,Sydney
316851,Perth
316852,Melbourne
316853,Brisbane
316854,Brisbane
316855,Brisbane
316856,Brisbane
316857,Brisbane
316858,Brisbane
316859,Perth
316860,Brisbane
316861,Brisbane
316862,Brisbane
316863,Brisbane
316864,Brisbane
316865,Brisbane
316866,Brisbane
316867,Brisbane
316868,Brisbane
316869,Brisbane
316870,Brisbane
316871,Brisbane
316872,Brisbane
316873,Brisbane
316874,Brisbane
316875,Brisbane
316876,Brisbane
316877,Brisbane
316878,Brisbane
316879,Brisbane
316880,Perth
316881,Brisbane
316882,Brisbane
316883,Brisbane
316884,Brisbane
316885,Brisbane
316886,Brisbane
316887,Brisbane
316888,Brisbane
316889,Brisbane
316890,Brisbane
316891,Brisbane
316892,Sydney
316893,Brisbane
316894,Brisbane
316895,Brisbane
316896,Sydney
316897,Brisbane
316898,Brisbane
316899,Brisbane
316900,Melbourne
316901,Melbourne
316902,Brisbane
316903,Brisbane
316904,Brisbane
316905,Brisbane
316906,Brisbane
316907,Brisbane
316908,Brisbane
316909,Sydney
316910,Brisbane
316911,Brisbane
316912,Brisbane
316913,Brisbane
316914,Brisbane
316915,Perth
316916,Sydney
316917,Brisbane
316918,Brisbane
316919,Sydney
316920,Brisbane
316921,Brisbane
316922,Brisbane
316923,Brisbane
316924,Brisbane
316925,Brisbane
316926,Brisbane
316927,Brisbane
316928,Brisbane
316929,Brisbane
316930,Brisbane
316931,Brisbane
316932,Brisbane
316933,Brisbane
316934,Brisbane
316935,Sydney
316936,Brisbane
316937,Brisbane
316938,Brisbane
316939,Brisbane
316940,Brisbane
316941,Brisbane
316942,Brisbane
316943,Brisbane
316944,Brisbane
316945,Sydney
316946,Brisbane
316947,Brisbane
316948,Brisbane
316949,Brisbane
316950,Brisbane
316951,Brisbane
316952,Brisbane
316953,Brisbane
316954,Brisbane
316955,Brisbane
316956,Brisbane
316957,Brisbane
316958,Brisbane
316959,Brisbane
316960,Brisbane
316961,Brisbane
316962,Brisbane
316963,Brisbane
316964,Brisbane
316965,Brisbane
316966,Brisbane
316967,Brisbane
316968,Sydney
316969,Brisbane
316970,Sydney
316971,Brisbane
316972,Brisbane
316973,Perth
316974,Brisbane
316975,Brisbane
316976,Brisbane
316977,Brisbane
316978,Brisbane
316979,Perth
316980,Brisbane
316981,Melbourne
316982,Brisbane
316983,Perth
316984,Brisbane
316985,Brisbane
316986,Brisbane
316987,Brisbane
316988,Brisbane
316989,Brisbane
316990,Brisbane
316991,Brisbane
316992,Perth
316993,Brisbane
316994,Brisbane
316995,Brisbane
316996,Brisbane
316997,Brisbane
316998,Sydney
316999,Brisbane
317000,Brisbane
317001,Perth
317002,Brisbane
317003,Brisbane
317004,Brisbane
317005,Brisbane
317006,Brisbane
317007,Brisbane
317008,Brisbane
317009,Sydney
317010,Perth
317011,Perth
317012,Brisbane
317013,Brisbane
317014,Brisbane
317015,Brisbane
317016,Sydney
317017,Brisbane
317018,Brisbane
317019,Brisbane
317020,Brisbane
317021,Brisbane
317022,Brisbane
317023,Brisbane
317024,Brisbane
317025,Brisbane
317026,Brisbane
317027,Brisbane
317028,Perth
317029,Perth
317030,Brisbane
317031,Brisbane
317032,Brisbane
317033,Brisbane
317034,Brisbane
317035,Brisbane
317036,Brisbane
317037,Sydney
317038,Brisbane
317039,Sydney
317040,Brisbane
317041,Brisbane
317042,Brisbane
317043,Brisbane
317044,Brisbane
317045,Sydney
317046,Melbourne
317047,Brisbane
317048,Brisbane
317049,Brisbane
317050,Perth
317051,Brisbane
317052,Brisbane
317053,Brisbane
317054,Brisbane
317055,Brisbane
317056,Brisbane
317057,Brisbane
317058,Melbourne
317059,Brisbane
317060,Brisbane
317061,Perth
317062,Brisbane
317063,Brisbane
317064,Brisbane
317065,Brisbane
317066,Brisbane
317067,Brisbane
317068,Brisbane
317069,Brisbane
317070,Brisbane
317071,Brisbane
317072,Brisbane
317073,Brisbane
317074,Brisbane
317075,Brisbane
317076,Melbourne
317077,Brisbane
317078,Brisbane
317079,Brisbane
317080,Brisbane
317081,Brisbane
317082,Brisbane
317083,Perth
317084,Brisbane
317085,Brisbane
317086,Brisbane
317087,Brisbane
317088,Brisbane
317089,Brisbane
317090,Brisbane
317091,Brisbane
317092,Sydney
317093,Brisbane
317094,Sydney
317095,Brisbane
317096,Brisbane
317097,Brisbane
317098,Brisbane
317099,Brisbane
317100,Brisbane
317101,Brisbane
317102,Brisbane
317103,Brisbane
317104,Melbourne
317105,Brisbane
317106,Perth
317107,Melbourne
317108,Sydney
317109,Brisbane
317110,Brisbane
317111,Brisbane
317112,Brisbane
317113,Brisbane
317114,Brisbane
317115,Brisbane
317116,Brisbane
317117,Brisbane
317118,Brisbane
317119,Melbourne
317120,Brisbane
317121,Brisbane
317122,Brisbane
317123,Brisbane
317124,Brisbane
317125,Brisbane
317126,Brisbane
317127,Brisbane
317128,Brisbane
317129,Brisbane
317130,Brisbane
317131,Sydney
317132,Brisbane
317133,Brisbane
317134,Brisbane
317135,Brisbane
317136,Sydney
317137,Brisbane
317138,Brisbane
317139,Brisbane
317140,Perth
317141,Brisbane
317142,Brisbane
317143,Brisbane
317144,Brisbane
317145,Brisbane
317146,Sydney
317147,Brisbane
317148,Brisbane
317149,Perth
317150,Brisbane
317151,Brisbane
317152,Perth
317153,Brisbane
317154,Brisbane
317155,Brisbane
317156,Melbourne
317157,Brisbane
317158,Brisbane
317159,Brisbane
317160,Brisbane
317161,Brisbane
317162,Perth
317163,Brisbane
317164,Brisbane
317165,Brisbane
317166,Brisbane
317167,Brisbane
317168,Brisbane
317169,Brisbane
317170,Brisbane
317171,Brisbane
317172,Brisbane
317173,Brisbane
317174,Brisbane
317175,Brisbane
317176,Brisbane
317177,Brisbane
317178,Brisbane
317179,Brisbane
317180,Brisbane
317181,Brisbane
317182,Brisbane
317183,Brisbane
317184,Brisbane
317185,Brisbane
317186,Perth
317187,Sydney
317188,Brisbane
317189,Brisbane
317190,Brisbane
317191,Brisbane
317192,Brisbane
317193,Perth
317194,Brisbane
317195,Brisbane
317196,Brisbane
317197,Perth
317198,Brisbane
317199,Brisbane
317200,Melbourne
317201,Brisbane
317202,Brisbane
317203,Brisbane
317204,Brisbane
317205,Melbourne
317206,Melbourne
317207,Brisbane
317208,Brisbane
317209,Brisbane
317210,Brisbane
317211,Brisbane
317212,Brisbane
317213,Brisbane
317214,Brisbane
317215,Brisbane
317216,Brisbane
317217,Brisbane
317218,Perth
317219,Melbourne
317220,Brisbane
317221,Brisbane
317222,Brisbane
317223,Brisbane
317224,Brisbane
317225,Brisbane
317226,Melbourne
317227,Sydney
317228,Brisbane
317229,Brisbane
317230,Brisbane
317231,Sydney
317232,Brisbane
317233,Brisbane
317234,Brisbane
317235,Brisbane
317236,Brisbane
317237,Sydney
317238,Brisbane
317239,Brisbane
317240,Sydney
317241,Brisbane
317242,Brisbane
317243,Brisbane
317244,Brisbane
317245,Brisbane
317246,Brisbane
317247,Brisbane
317248,Brisbane
317249,Brisbane
317250,Brisbane
317251,Brisbane
317252,Brisbane
317253,Brisbane
317254,Sydney
317255,Brisbane
317256,Brisbane
317257,Brisbane
317258,Brisbane
317259,Brisbane
317260,Brisbane
317261,Brisbane
317262,Perth
317263,Brisbane
317264,Perth
317265,Brisbane
317266,Brisbane
317267,Brisbane
317268,Brisbane
317269,Melbourne
317270,Brisbane
317271,Brisbane
317272,Brisbane
317273,Brisbane
317274,Brisbane
317275,Brisbane
317276,Brisbane
317277,Brisbane
317278,Brisbane
317279,Brisbane
317280,Brisbane
317281,Brisbane
317282,Brisbane
317283,Brisbane
317284,Brisbane
317285,Brisbane
317286,Brisbane
317287,Perth
317288,Brisbane
317289,Brisbane
317290,Brisbane
317291,Brisbane
317292,Brisbane
317293,Brisbane
317294,Brisbane
317295,Brisbane
317296,Brisbane
317297,Brisbane
317298,Brisbane
317299,Brisbane
317300,Brisbane
317301,Melbourne
317302,Brisbane
317303,Perth
317304,Brisbane
317305,Brisbane
317306,Brisbane
317307,Melbourne
317308,Sydney
317309,Brisbane
317310,Brisbane
317311,Brisbane
317312,Brisbane
317313,Melbourne
317314,Brisbane
317315,Perth
317316,Brisbane
317317,Brisbane
317318,Brisbane
317319,Brisbane
317320,Brisbane
317321,Brisbane
317322,Brisbane
317323,Brisbane
317324,Melbourne
317325,Brisbane
317326,Brisbane
317327,Brisbane
317328,Brisbane
317329,Brisbane
317330,Brisbane
317331,Brisbane
317332,Brisbane
317333,Brisbane
317334,Brisbane
317335,Brisbane
317336,Brisbane
317337,Brisbane
317338,Brisbane
317339,Brisbane
317340,Brisbane
317341,Brisbane
317342,Brisbane
317343,Brisbane
317344,Brisbane
317345,Brisbane
317346,Brisbane
317347,Sydney
317348,Brisbane
317349,Brisbane
317350,Brisbane
317351,Brisbane
317352,Brisbane
317353,Brisbane
317354,Brisbane
317355,Brisbane
317356,Brisbane
317357,Brisbane
317358,Brisbane
317359,Brisbane
317360,Brisbane
317361,Brisbane
317362,Brisbane
317363,Perth
317364,Brisbane
317365,Brisbane
317366,Perth
317367,Brisbane
317368,Brisbane
317369,Brisbane
317370,Brisbane
317371,Brisbane
317372,Brisbane
317373,Brisbane
317374,Brisbane
317375,Brisbane
317376,Brisbane
317377,Brisbane
317378,Brisbane
317379,Brisbane
317380,Sydney
317381,Brisbane
317382,Brisbane
317383,Brisbane
317384,Brisbane
317385,Brisbane
317386,Brisbane
317387,Brisbane
317388,Brisbane
317389,Brisbane
317390,Sydney
317391,Brisbane
317392,Brisbane
317393,Sydney
317394,Perth
317395,Brisbane
317396,Brisbane
317397,Brisbane
317398,Brisbane
317399,Brisbane
317400,Brisbane
317401,Brisbane
317402,Brisbane
317403,Sydney
317404,Brisbane
317405,Brisbane
317406,Brisbane
317407,Brisbane
317408,Brisbane
317409,Brisbane
317410,Brisbane
317411,Brisbane
317412,Brisbane
317413,Brisbane
317414,Brisbane
317415,Brisbane
317416,Brisbane
317417,Brisbane
317418,Brisbane
317419,Brisbane
317420,Brisbane
317421,Brisbane
317422,Sydney
317423,Brisbane
317424,Brisbane
317425,Brisbane
317426,Brisbane
317427,Perth
317428,Brisbane
317429,Brisbane
317430,Brisbane
317431,Brisbane
317432,Brisbane
317433,Brisbane
317434,Brisbane
317435,Brisbane
317436,Brisbane
317437,Brisbane
317438,Brisbane
317439,Brisbane
317440,Brisbane
317441,Brisbane
317442,Brisbane
317443,Brisbane
317444,Brisbane
317445,Brisbane
317446,Brisbane
317447,Brisbane
317448,Brisbane
317449,Brisbane
317450,Brisbane
317451,Brisbane
317452,Brisbane
317453,Brisbane
317454,Brisbane
317455,Brisbane
317456,Brisbane
317457,Sydney
317458,Brisbane
317459,Sydney
317460,Brisbane
317461,Brisbane
317462,Brisbane
317463,Brisbane
317464,Brisbane
317465,Brisbane
317466,Brisbane
317467,Brisbane
317468,Brisbane
317469,Brisbane
317470,Brisbane
317471,Brisbane
317472,Brisbane
317473,Brisbane
317474,Brisbane
317475,Brisbane
317476,Sydney
317477,Brisbane
317478,Brisbane
317479,Brisbane
317480,Sydney
317481,Brisbane
317482,Brisbane
317483,Brisbane
317484,Brisbane
317485,Brisbane
317486,Brisbane
317487,Brisbane
317488,Brisbane
317489,Brisbane
317490,Brisbane
317491,Brisbane
317492,Brisbane
317493,Sydney
317494,Brisbane
317495,Brisbane
317496,Brisbane
317497,Brisbane
317498,Brisbane
317499,Brisbane
317500,Brisbane
317501,Brisbane
317502,Brisbane
317503,Brisbane
317504,Brisbane
317505,Brisbane
317506,Brisbane
317507,Brisbane
317508,Brisbane
317509,Brisbane
317510,Brisbane
317511,Brisbane
317512,Brisbane
317513,Brisbane
317514,Brisbane
317515,Brisbane
317516,Brisbane
317517,Brisbane
317518,Brisbane
317519,Brisbane
317520,Brisbane
317521,Brisbane
317522,Brisbane
317523,Brisbane
317524,Brisbane
317525,Sydney
317526,Brisbane
317527,Brisbane
317528,Brisbane
317529,Brisbane
317530,Brisbane
317531,Brisbane
317532,Brisbane
317533,Brisbane
317534,Brisbane
317535,Brisbane
317536,Brisbane
317537,Brisbane
317538,Brisbane
317539,Brisbane
317540,Brisbane
317541,Brisbane
317542,Brisbane
317543,Perth
317544,Brisbane
317545,Brisbane
317546,Brisbane
317547,Melbourne
317548,Brisbane
317549,Brisbane
317550,Brisbane
317551,Brisbane
317552,Brisbane
317553,Brisbane
317554,Brisbane
317555,Brisbane
317556,Brisbane
317557,Brisbane
317558,Brisbane
317559,Brisbane
317560,Brisbane
317561,Brisbane
317562,Brisbane
317563,Brisbane
317564,Brisbane
317565,Brisbane
317566,Brisbane
317567,Brisbane
317568,Brisbane
317569,Brisbane
317570,Brisbane
317571,Brisbane
317572,Brisbane
317573,Brisbane
317574,Brisbane
317575,Brisbane
317576,Brisbane
317577,Brisbane
317578,Brisbane
317579,Brisbane
317580,Brisbane
317581,Brisbane
317582,Brisbane
317583,Sydney
317584,Perth
317585,Brisbane
317586,Perth
317587,Brisbane
317588,Brisbane
317589,Brisbane
317590,Sydney
317591,Brisbane
317592,Brisbane
317593,Brisbane
317594,Brisbane
317595,Brisbane
317596,Brisbane
317597,Brisbane
317598,Brisbane
317599,Brisbane
317600,Brisbane
317601,Perth
317602,Brisbane
317603,Sydney
317604,Brisbane
317605,Perth
317606,Brisbane
317607,Brisbane
317608,Sydney
317609,Perth
317610,Brisbane
317611,Brisbane
317612,Brisbane
317613,Sydney
317614,Brisbane
317615,Brisbane
317616,Brisbane
317617,Brisbane
317618,Brisbane
317619,Brisbane
317620,Brisbane
317621,Brisbane
317622,Brisbane
317623,Brisbane
317624,Brisbane
317625,Brisbane
317626,Brisbane
317627,Brisbane
317628,Brisbane
317629,Brisbane
317630,Sydney
317631,Brisbane
317632,Brisbane
317633,Brisbane
317634,Brisbane
317635,Brisbane
317636,Brisbane
317637,Brisbane
317638,Brisbane
317639,Brisbane
317640,Brisbane
317641,Brisbane
317642,Sydney
317643,Sydney
317644,Brisbane
317645,Brisbane
317646,Brisbane
317647,Sydney
317648,Perth
317649,Brisbane
317650,Brisbane
317651,Brisbane
317652,Brisbane
317653,Brisbane
317654,Brisbane
317655,Brisbane
317656,Brisbane
317657,Brisbane
317658,Brisbane
317659,Brisbane
317660,Brisbane
317661,Melbourne
317662,Brisbane
317663,Brisbane
317664,Brisbane
317665,Brisbane
317666,Brisbane
317667,Brisbane
317668,Brisbane
317669,Brisbane
317670,Brisbane
317671,Brisbane
317672,Brisbane
317673,Brisbane
317674,Sydney
317675,Brisbane
317676,Brisbane
317677,Brisbane
317678,Brisbane
317679,Brisbane
317680,Brisbane
317681,Brisbane
317682,Brisbane
317683,Brisbane
317684,Brisbane
317685,Brisbane
317686,Brisbane
317687,Sydney
317688,Brisbane
317689,Brisbane
317690,Brisbane
317691,Brisbane
317692,Brisbane
317693,Perth
317694,Brisbane
317695,Brisbane
317696,Brisbane
317697,Brisbane
317698,Brisbane
317699,Brisbane
317700,Brisbane
317701,Brisbane
317702,Brisbane
317703,Brisbane
317704,Sydney
317705,Brisbane
317706,Brisbane
317707,Brisbane
317708,Brisbane
317709,Melbourne
317710,Brisbane
317711,Brisbane
317712,Brisbane
317713,Brisbane
317714,Melbourne
317715,Brisbane
317716,Sydney
317717,Brisbane
317718,Brisbane
317719,Brisbane
317720,Brisbane
317721,Brisbane
317722,Brisbane
317723,Brisbane
317724,Brisbane
317725,Brisbane
317726,Brisbane
317727,Brisbane
317728,Brisbane
317729,Brisbane
317730,Melbourne
317731,Brisbane
317732,Brisbane
317733,Brisbane
317734,Sydney
317735,Sydney
317736,Brisbane
317737,Brisbane
317738,Brisbane
317739,Brisbane
317740,Brisbane
317741,Brisbane
317742,Brisbane
317743,Brisbane
317744,Brisbane
317745,Brisbane
317746,Brisbane
317747,Brisbane
317748,Brisbane
317749,Brisbane
317750,Brisbane
317751,Sydney
317752,Brisbane
317753,Brisbane
317754,Brisbane
317755,Brisbane
317756,Brisbane
317757,Brisbane
317758,Brisbane
317759,Brisbane
317760,Brisbane
317761,Brisbane
317762,Brisbane
317763,Brisbane
317764,Brisbane
317765,Brisbane
317766,Sydney
317767,Brisbane
317768,Brisbane
317769,Brisbane
317770,Melbourne
317771,Brisbane
317772,Brisbane
317773,Brisbane
317774,Brisbane
317775,Brisbane
317776,Brisbane
317777,Sydney
317778,Brisbane
317779,Brisbane
317780,Brisbane
317781,Sydney
317782,Brisbane
317783,Melbourne
317784,Melbourne
317785,Brisbane
317786,Brisbane
317787,Brisbane
317788,Brisbane
317789,Brisbane
317790,Brisbane
317791,Brisbane
317792,Brisbane
317793,Brisbane
317794,Brisbane
317795,Brisbane
317796,Brisbane
317797,Brisbane
317798,Brisbane
317799,Brisbane
317800,Brisbane
317801,Brisbane
317802,Melbourne
317803,Brisbane
317804,Brisbane
317805,Brisbane
317806,Brisbane
317807,Brisbane
317808,Brisbane
317809,Brisbane
317810,Brisbane
317811,Perth
317812,Brisbane
317813,Perth
317814,Brisbane
317815,Brisbane
317816,Brisbane
317817,Melbourne
317818,Brisbane
317819,Brisbane
317820,Brisbane
317821,Brisbane
317822,Brisbane
317823,Brisbane
317824,Brisbane
317825,Brisbane
317826,Brisbane
317827,Brisbane
317828,Perth
317829,Brisbane
317830,Brisbane
317831,Melbourne
317832,Brisbane
317833,Brisbane
317834,Brisbane
317835,Brisbane
317836,Sydney
317837,Brisbane
317838,Melbourne
317839,Brisbane
317840,Brisbane
317841,Brisbane
317842,Brisbane
317843,Sydney
317844,Brisbane
317845,Brisbane
317846,Brisbane
317847,Brisbane
317848,Brisbane
317849,Sydney
317850,Brisbane
317851,Brisbane
317852,Brisbane
317853,Brisbane
317854,Brisbane
317855,Brisbane
317856,Sydney
317857,Brisbane
317858,Sydney
317859,Brisbane
317860,Brisbane
317861,Brisbane
317862,Brisbane
317863,Brisbane
317864,Brisbane
317865,Brisbane
317866,Brisbane
317867,Brisbane
317868,Brisbane
317869,Perth
317870,Brisbane
317871,Brisbane
317872,Brisbane
317873,Brisbane
317874,Brisbane
317875,Brisbane
317876,Brisbane
317877,Brisbane
317878,Brisbane
317879,Brisbane
317880,Sydney
317881,Melbourne
317882,Brisbane
317883,Brisbane
317884,Brisbane
317885,Brisbane
317886,Brisbane
317887,Brisbane
317888,Brisbane
317889,Brisbane
317890,Brisbane
317891,Brisbane
317892,Brisbane
317893,Brisbane
317894,Brisbane
317895,Perth
317896,Brisbane
317897,Brisbane
317898,Brisbane
317899,Brisbane
317900,Brisbane
317901,Brisbane
317902,Brisbane
317903,Perth
317904,Brisbane
317905,Brisbane
317906,Brisbane
317907,Brisbane
317908,Brisbane
317909,Brisbane
317910,Brisbane
317911,Brisbane
317912,Brisbane
317913,Brisbane
317914,Brisbane
317915,Brisbane
317916,Brisbane
317917,Brisbane
317918,Brisbane
317919,Brisbane
317920,Sydney
317921,Perth
317922,Brisbane
317923,Brisbane
317924,Brisbane
317925,Brisbane
317926,Brisbane
317927,Brisbane
317928,Brisbane
317929,Brisbane
317930,Brisbane
317931,Brisbane
317932,Brisbane
317933,Brisbane
317934,Brisbane
317935,Brisbane
317936,Brisbane
317937,Brisbane
317938,Brisbane
317939,Brisbane
317940,Brisbane
317941,Brisbane
317942,Brisbane
317943,Brisbane
317944,Brisbane
317945,Brisbane
317946,Brisbane
317947,Brisbane
317948,Brisbane
317949,Melbourne
317950,Brisbane
317951,Brisbane
317952,Brisbane
317953,Brisbane
317954,Perth
317955,Brisbane
317956,Brisbane
317957,Brisbane
317958,Brisbane
317959,Brisbane
317960,Sydney
317961,Brisbane
317962,Brisbane
317963,Brisbane
317964,Brisbane
317965,Brisbane
317966,Sydney
317967,Brisbane
317968,Brisbane
317969,Brisbane
317970,Brisbane
317971,Brisbane
317972,Brisbane
317973,Brisbane
317974,Brisbane
317975,Brisbane
317976,Brisbane
317977,Brisbane
317978,Brisbane
317979,Brisbane
317980,Perth
317981,Brisbane
317982,Brisbane
317983,Brisbane
317984,Brisbane
317985,Brisbane
317986,Perth
317987,Brisbane
317988,Brisbane
317989,Brisbane
317990,Brisbane
317991,Brisbane
317992,Brisbane
317993,Brisbane
317994,Brisbane
317995,Brisbane
317996,Brisbane
317997,Brisbane
317998,Brisbane
317999,Brisbane
318000,Sydney
318001,Brisbane
318002,Brisbane
318003,Brisbane
318004,Brisbane
318005,Brisbane
318006,Brisbane
318007,Brisbane
318008,Brisbane
318009,Brisbane
318010,Brisbane
318011,Sydney
318012,Brisbane
318013,Brisbane
318014,Perth
318015,Brisbane
318016,Brisbane
318017,Brisbane
318018,Brisbane
318019,Brisbane
318020,Brisbane
318021,Brisbane
318022,Brisbane
318023,Brisbane
318024,Perth
318025,Brisbane
318026,Brisbane
318027,Brisbane
318028,Brisbane
318029,Brisbane
318030,Brisbane
318031,Brisbane
318032,Brisbane
318033,Brisbane
318034,Brisbane
318035,Brisbane
318036,Brisbane
318037,Brisbane
318038,Brisbane
318039,Brisbane
318040,Brisbane
318041,Brisbane
318042,Brisbane
318043,Brisbane
318044,Brisbane
318045,Perth
318046,Brisbane
318047,Brisbane
318048,Brisbane
318049,Brisbane
318050,Brisbane
318051,Brisbane
318052,Brisbane
318053,Sydney
318054,Brisbane
318055,Brisbane
318056,Brisbane
318057,Brisbane
318058,Brisbane
318059,Brisbane
318060,Brisbane
318061,Sydney
318062,Brisbane
318063,Brisbane
318064,Brisbane
318065,Brisbane
318066,Brisbane
318067,Perth
318068,Brisbane
318069,Brisbane
318070,Brisbane
318071,Brisbane
318072,Brisbane
318073,Brisbane
318074,Brisbane
318075,Brisbane
318076,Melbourne
318077,Brisbane
318078,Brisbane
318079,Brisbane
318080,Brisbane
318081,Sydney
318082,Brisbane
318083,Melbourne
318084,Brisbane
318085,Brisbane
318086,Brisbane
318087,Brisbane
318088,Brisbane
318089,Brisbane
318090,Brisbane
318091,Brisbane
318092,Brisbane
318093,Brisbane
318094,Brisbane
318095,Brisbane
318096,Brisbane
318097,Brisbane
318098,Brisbane
318099,Brisbane
318100,Brisbane
318101,Brisbane
318102,Sydney
318103,Brisbane
318104,Brisbane
318105,Brisbane
318106,Brisbane
318107,Perth
318108,Brisbane
318109,Brisbane
318110,Brisbane
318111,Brisbane
318112,Brisbane
318113,Brisbane
318114,Perth
318115,Brisbane
318116,Brisbane
318117,Brisbane
318118,Brisbane
318119,Brisbane
318120,Brisbane
318121,Brisbane
318122,Brisbane
318123,Brisbane
318124,Sydney
318125,Brisbane
318126,Melbourne
318127,Brisbane
318128,Sydney
318129,Brisbane
318130,Perth
318131,Brisbane
318132,Brisbane
318133,Brisbane
318134,Melbourne
318135,Brisbane
318136,Brisbane
318137,Brisbane
318138,Melbourne
318139,Brisbane
318140,Melbourne
318141,Brisbane
318142,Brisbane
318143,Brisbane
318144,Brisbane
318145,Brisbane
318146,Brisbane
318147,Brisbane
318148,Brisbane
318149,Brisbane
318150,Brisbane
318151,Brisbane
318152,Brisbane
318153,Sydney
318154,Brisbane
318155,Brisbane
318156,Brisbane
318157,Brisbane
318158,Brisbane
318159,Brisbane
318160,Sydney
318161,Brisbane
318162,Brisbane
318163,Brisbane
318164,Brisbane
318165,Brisbane
318166,Melbourne
318167,Melbourne
318168,Brisbane
318169,Brisbane
318170,Brisbane
318171,Brisbane
318172,Brisbane
318173,Brisbane
318174,Brisbane
318175,Brisbane
318176,Brisbane
318177,Brisbane
318178,Brisbane
318179,Brisbane
318180,Brisbane
318181,Sydney
318182,Brisbane
318183,Brisbane
318184,Brisbane
318185,Brisbane
318186,Brisbane
318187,Brisbane
318188,Perth
318189,Brisbane
318190,Brisbane
318191,Brisbane
318192,Brisbane
318193,Brisbane
318194,Sydney
318195,Perth
318196,Brisbane
318197,Sydney
318198,Brisbane
318199,Brisbane
318200,Brisbane
318201,Brisbane
318202,Brisbane
318203,Brisbane
318204,Brisbane
318205,Brisbane
318206,Brisbane
318207,Sydney
318208,Brisbane
318209,Brisbane
318210,Melbourne
318211,Brisbane
318212,Brisbane
318213,Brisbane
318214,Brisbane
318215,Brisbane
318216,Brisbane
318217,Brisbane
318218,Brisbane
318219,Brisbane
318220,Brisbane
318221,Brisbane
318222,Brisbane
318223,Sydney
318224,Brisbane
318225,Brisbane
318226,Brisbane
318227,Brisbane
318228,Brisbane
318229,Brisbane
318230,Brisbane
318231,Brisbane
318232,Sydney
318233,Brisbane
318234,Brisbane
318235,Brisbane
318236,Brisbane
318237,Brisbane
318238,Brisbane
318239,Brisbane
318240,Melbourne
318241,Brisbane
318242,Brisbane
318243,Brisbane
318244,Brisbane
318245,Brisbane
318246,Perth
318247,Brisbane
318248,Perth
318249,Brisbane
318250,Sydney
318251,Brisbane
318252,Brisbane
318253,Brisbane
318254,Brisbane
318255,Brisbane
318256,Brisbane
318257,Brisbane
318258,Brisbane
318259,Brisbane
318260,Brisbane
318261,Brisbane
318262,Brisbane
318263,Brisbane
318264,Brisbane
318265,Melbourne
318266,Brisbane
318267,Brisbane
318268,Brisbane
318269,Brisbane
318270,Brisbane
318271,Brisbane
318272,Sydney
318273,Brisbane
318274,Brisbane
318275,Brisbane
318276,Brisbane
318277,Brisbane
318278,Perth
318279,Brisbane
318280,Brisbane
318281,Brisbane
318282,Brisbane
318283,Brisbane
318284,Brisbane
318285,Brisbane
318286,Melbourne
318287,Brisbane
318288,Brisbane
318289,Brisbane
318290,Brisbane
318291,Brisbane
318292,Brisbane
318293,Brisbane
318294,Brisbane
318295,Brisbane
318296,Brisbane
318297,Brisbane
318298,Melbourne
318299,Brisbane
318300,Perth
318301,Brisbane
318302,Brisbane
318303,Brisbane
318304,Sydney
318305,Brisbane
318306,Perth
318307,Brisbane
318308,Brisbane
318309,Brisbane
318310,Sydney
318311,Brisbane
318312,Sydney
318313,Brisbane
318314,Brisbane
318315,Brisbane
318316,Melbourne
318317,Brisbane
318318,Perth
318319,Brisbane
318320,Brisbane
318321,Brisbane
318322,Brisbane
318323,Brisbane
318324,Brisbane
318325,Brisbane
318326,Brisbane
318327,Brisbane
318328,Brisbane
318329,Brisbane
318330,Brisbane
318331,Brisbane
318332,Brisbane
318333,Brisbane
318334,Brisbane
318335,Brisbane
318336,Brisbane
318337,Brisbane
318338,Brisbane
318339,Brisbane
318340,Brisbane
318341,Brisbane
318342,Brisbane
318343,Brisbane
318344,Brisbane
318345,Brisbane
318346,Brisbane
318347,Brisbane
318348,Brisbane
318349,Melbourne
318350,Brisbane
318351,Brisbane
318352,Brisbane
318353,Brisbane
318354,Brisbane
318355,Brisbane
318356,Brisbane
318357,Brisbane
318358,Brisbane
318359,Brisbane
318360,Brisbane
318361,Brisbane
318362,Brisbane
318363,Brisbane
318364,Brisbane
318365,Brisbane
318366,Perth
318367,Brisbane
318368,Brisbane
318369,Brisbane
318370,Brisbane
318371,Brisbane
318372,Sydney
318373,Brisbane
318374,Brisbane
318375,Brisbane
318376,Brisbane
318377,Brisbane
318378,Brisbane
318379,Sydney
318380,Brisbane
318381,Brisbane
318382,Brisbane
318383,Brisbane
318384,Brisbane
318385,Brisbane
318386,Brisbane
318387,Perth
318388,Brisbane
318389,Brisbane
318390,Brisbane
318391,Brisbane
318392,Melbourne
318393,Sydney
318394,Brisbane
318395,Brisbane
318396,Brisbane
318397,Brisbane
318398,Sydney
318399,Brisbane
318400,Brisbane
318401,Brisbane
318402,Brisbane
318403,Sydney
318404,Brisbane
318405,Brisbane
318406,Brisbane
318407,Brisbane
318408,Brisbane
318409,Brisbane
318410,Brisbane
318411,Brisbane
318412,Brisbane
318413,Brisbane
318414,Perth
318415,Brisbane
318416,Brisbane
318417,Brisbane
318418,Brisbane
318419,Brisbane
318420,Brisbane
318421,Brisbane
318422,Brisbane
318423,Brisbane
318424,Brisbane
318425,Brisbane
318426,Sydney
318427,Brisbane
318428,Brisbane
318429,Brisbane
318430,Brisbane
318431,Perth
318432,Brisbane
318433,Brisbane
318434,Brisbane
318435,Brisbane
318436,Brisbane
318437,Brisbane
318438,Sydney
318439,Brisbane
318440,Brisbane
318441,Brisbane
318442,Brisbane
318443,Brisbane
318444,Brisbane
318445,Brisbane
318446,Brisbane
318447,Brisbane
318448,Melbourne
318449,Brisbane
318450,Brisbane
318451,Sydney
318452,Brisbane
318453,Brisbane
318454,Brisbane
318455,Brisbane
318456,Sydney
318457,Brisbane
318458,Sydney
318459,Brisbane
318460,Brisbane
318461,Brisbane
318462,Brisbane
318463,Melbourne
318464,Brisbane
318465,Perth
318466,Brisbane
318467,Brisbane
318468,Brisbane
318469,Brisbane
318470,Brisbane
318471,Brisbane
318472,Brisbane
318473,Brisbane
318474,Brisbane
318475,Sydney
318476,Brisbane
318477,Brisbane
318478,Brisbane
318479,Brisbane
318480,Brisbane
318481,Brisbane
318482,Brisbane
318483,Brisbane
318484,Brisbane
318485,Brisbane
318486,Brisbane
318487,Brisbane
318488,Brisbane
318489,Sydney
318490,Melbourne
318491,Brisbane
318492,Brisbane
318493,Brisbane
318494,Brisbane
318495,Melbourne
318496,Sydney
318497,Brisbane
318498,Brisbane
318499,Brisbane
318500,Brisbane
318501,Brisbane
318502,Brisbane
318503,Brisbane
318504,Brisbane
318505,Brisbane
318506,Sydney
318507,Brisbane
318508,Brisbane
318509,Brisbane
318510,Brisbane
318511,Brisbane
318512,Brisbane
318513,Brisbane
318514,Brisbane
318515,Perth
318516,Brisbane
318517,Brisbane
318518,Brisbane
318519,Melbourne
318520,Brisbane
318521,Brisbane
318522,Brisbane
318523,Brisbane
318524,Brisbane
318525,Brisbane
318526,Sydney
318527,Sydney
318528,Brisbane
318529,Brisbane
318530,Brisbane
318531,Brisbane
318532,Brisbane
318533,Brisbane
318534,Brisbane
318535,Brisbane
318536,Sydney
318537,Brisbane
318538,Brisbane
318539,Sydney
318540,Brisbane
318541,Brisbane
318542,Brisbane
318543,Brisbane
318544,Sydney
318545,Brisbane
318546,Brisbane
318547,Brisbane
318548,Brisbane
318549,Brisbane
318550,Brisbane
318551,Brisbane
318552,Brisbane
318553,Brisbane
318554,Brisbane
318555,Brisbane
318556,Perth
318557,Brisbane
318558,Brisbane
318559,Brisbane
318560,Brisbane
318561,Brisbane
318562,Brisbane
318563,Brisbane
318564,Brisbane
318565,Brisbane
318566,Brisbane
318567,Brisbane
318568,Brisbane
318569,Sydney
318570,Brisbane
318571,Brisbane
318572,Melbourne
318573,Brisbane
318574,Brisbane
318575,Brisbane
318576,Perth
318577,Brisbane
318578,Brisbane
318579,Brisbane
318580,Brisbane
318581,Brisbane
318582,Brisbane
318583,Brisbane
318584,Brisbane
318585,Brisbane
318586,Brisbane
318587,Brisbane
318588,Brisbane
318589,Brisbane
318590,Brisbane
318591,Brisbane
318592,Brisbane
318593,Brisbane
318594,Sydney
318595,Brisbane
318596,Brisbane
318597,Sydney
318598,Brisbane
318599,Brisbane
318600,Brisbane
318601,Brisbane
318602,Brisbane
318603,Brisbane
318604,Brisbane
318605,Brisbane
318606,Brisbane
318607,Brisbane
318608,Brisbane
318609,Melbourne
318610,Brisbane
318611,Brisbane
318612,Brisbane
318613,Brisbane
318614,Brisbane
318615,Brisbane
318616,Brisbane
318617,Brisbane
318618,Brisbane
318619,Brisbane
318620,Brisbane
318621,Sydney
318622,Brisbane
318623,Brisbane
318624,Brisbane
318625,Perth
318626,Brisbane
318627,Perth
318628,Brisbane
318629,Brisbane
318630,Brisbane
318631,Perth
318632,Brisbane
318633,Brisbane
318634,Brisbane
318635,Brisbane
318636,Brisbane
318637,Brisbane
318638,Brisbane
318639,Brisbane
318640,Sydney
318641,Brisbane
318642,Brisbane
318643,Perth
318644,Brisbane
318645,Brisbane
318646,Brisbane
318647,Brisbane
318648,Brisbane
318649,Brisbane
318650,Brisbane
318651,Brisbane
318652,Brisbane
318653,Brisbane
318654,Brisbane
318655,Brisbane
318656,Melbourne
318657,Brisbane
318658,Brisbane
318659,Brisbane
318660,Brisbane
318661,Brisbane
318662,Sydney
318663,Brisbane
318664,Brisbane
318665,Brisbane
318666,Brisbane
318667,Brisbane
318668,Brisbane
318669,Brisbane
318670,Brisbane
318671,Brisbane
318672,Brisbane
318673,Brisbane
318674,Brisbane
318675,Brisbane
318676,Brisbane
318677,Sydney
318678,Brisbane
318679,Sydney
318680,Sydney
318681,Brisbane
318682,Brisbane
318683,Brisbane
318684,Perth
318685,Brisbane
318686,Brisbane
318687,Brisbane
318688,Brisbane
318689,Brisbane
318690,Brisbane
318691,Brisbane
318692,Brisbane
318693,Brisbane
318694,Melbourne
318695,Brisbane
318696,Brisbane
318697,Brisbane
318698,Perth
318699,Brisbane
318700,Brisbane
318701,Brisbane
318702,Brisbane
318703,Brisbane
318704,Brisbane
318705,Brisbane
318706,Brisbane
318707,Brisbane
318708,Brisbane
318709,Sydney
318710,Perth
318711,Brisbane
318712,Brisbane
318713,Brisbane
318714,Brisbane
318715,Brisbane
318716,Brisbane
318717,Brisbane
318718,Brisbane
318719,Brisbane
318720,Brisbane
318721,Brisbane
318722,Brisbane
318723,Brisbane
318724,Perth
318725,Brisbane
318726,Brisbane
318727,Brisbane
318728,Perth
318729,Brisbane
318730,Brisbane
318731,Brisbane
318732,Sydney
318733,Brisbane
318734,Brisbane
318735,Brisbane
318736,Brisbane
318737,Brisbane
318738,Brisbane
318739,Brisbane
318740,Brisbane
318741,Perth
318742,Brisbane
318743,Brisbane
318744,Brisbane
318745,Brisbane
318746,Perth
318747,Brisbane
318748,Brisbane
318749,Sydney
318750,Brisbane
318751,Brisbane
318752,Sydney
318753,Brisbane
318754,Brisbane
318755,Brisbane
318756,Sydney
318757,Brisbane
318758,Brisbane
318759,Brisbane
318760,Brisbane
318761,Brisbane
318762,Brisbane
318763,Brisbane
318764,Melbourne
318765,Brisbane
318766,Brisbane
318767,Brisbane
318768,Brisbane
318769,Brisbane
318770,Brisbane
318771,Brisbane
318772,Sydney
318773,Brisbane
318774,Brisbane
318775,Brisbane
318776,Brisbane
318777,Brisbane
318778,Brisbane
318779,Brisbane
318780,Brisbane
318781,Brisbane
318782,Brisbane
318783,Brisbane
318784,Brisbane
318785,Brisbane
318786,Brisbane
318787,Brisbane
318788,Brisbane
318789,Brisbane
318790,Melbourne
318791,Brisbane
318792,Melbourne
318793,Sydney
318794,Brisbane
318795,Brisbane
318796,Brisbane
318797,Brisbane
318798,Brisbane
318799,Brisbane
318800,Brisbane
318801,Brisbane
318802,Brisbane
318803,Brisbane
318804,Brisbane
318805,Brisbane
318806,Sydney
318807,Brisbane
318808,Brisbane
318809,Brisbane
318810,Brisbane
318811,Brisbane
318812,Brisbane
318813,Brisbane
318814,Brisbane
318815,Brisbane
318816,Perth
318817,Brisbane
318818,Brisbane
318819,Brisbane
318820,Brisbane
318821,Sydney
318822,Brisbane
318823,Brisbane
318824,Sydney
318825,Brisbane
318826,Brisbane
318827,Brisbane
318828,Brisbane
318829,Brisbane
318830,Brisbane
318831,Brisbane
318832,Brisbane
318833,Brisbane
318834,Brisbane
318835,Brisbane
318836,Brisbane
318837,Brisbane
318838,Brisbane
318839,Brisbane
318840,Brisbane
318841,Brisbane
318842,Brisbane
318843,Brisbane
318844,Brisbane
318845,Brisbane
318846,Sydney
318847,Brisbane
318848,Brisbane
318849,Brisbane
318850,Brisbane
318851,Brisbane
318852,Brisbane
318853,Brisbane
318854,Brisbane
318855,Brisbane
318856,Brisbane
318857,Brisbane
318858,Brisbane
318859,Perth
318860,Brisbane
318861,Brisbane
318862,Brisbane
318863,Perth
318864,Brisbane
318865,Brisbane
318866,Brisbane
318867,Brisbane
318868,Brisbane
318869,Melbourne
318870,Melbourne
318871,Brisbane
318872,Perth
318873,Brisbane
318874,Brisbane
318875,Brisbane
318876,Melbourne
318877,Brisbane
318878,Brisbane
318879,Brisbane
318880,Brisbane
318881,Brisbane
318882,Brisbane
318883,Brisbane
318884,Brisbane
318885,Brisbane
318886,Brisbane
318887,Brisbane
318888,Brisbane
318889,Brisbane
318890,Brisbane
318891,Brisbane
318892,Brisbane
318893,Brisbane
318894,Sydney
318895,Brisbane
318896,Sydney
318897,Brisbane
318898,Brisbane
318899,Brisbane
318900,Brisbane
318901,Brisbane
318902,Brisbane
318903,Brisbane
318904,Brisbane
318905,Brisbane
318906,Brisbane
318907,Brisbane
318908,Sydney
318909,Brisbane
318910,Brisbane
318911,Brisbane
318912,Brisbane
318913,Brisbane
318914,Perth
318915,Brisbane
318916,Brisbane
318917,Brisbane
318918,Brisbane
318919,Brisbane
318920,Brisbane
318921,Brisbane
318922,Brisbane
318923,Brisbane
318924,Brisbane
318925,Melbourne
318926,Brisbane
318927,Brisbane
318928,Brisbane
318929,Brisbane
318930,Sydney
318931,Brisbane
318932,Brisbane
318933,Brisbane
318934,Brisbane
318935,Perth
318936,Brisbane
318937,Brisbane
318938,Perth
318939,Brisbane
318940,Brisbane
318941,Brisbane
318942,Brisbane
318943,Brisbane
318944,Brisbane
318945,Brisbane
318946,Brisbane
318947,Brisbane
318948,Brisbane
318949,Brisbane
318950,Brisbane
318951,Brisbane
318952,Brisbane
318953,Brisbane
318954,Sydney
318955,Brisbane
318956,Brisbane
318957,Brisbane
318958,Brisbane
318959,Brisbane
318960,Brisbane
318961,Brisbane
318962,Brisbane
318963,Brisbane
318964,Brisbane
318965,Brisbane
318966,Brisbane
318967,Brisbane
318968,Brisbane
318969,Melbourne
318970,Brisbane
318971,Brisbane
318972,Brisbane
318973,Brisbane
318974,Brisbane
318975,Brisbane
318976,Sydney
318977,Brisbane
318978,Brisbane
318979,Brisbane
318980,Brisbane
318981,Brisbane
318982,Brisbane
318983,Perth
318984,Brisbane
318985,Brisbane
318986,Brisbane
318987,Brisbane
318988,Perth
318989,Brisbane
318990,Brisbane
318991,Brisbane
318992,Brisbane
318993,Brisbane
318994,Sydney
318995,Brisbane
318996,Perth
318997,Perth
318998,Brisbane
318999,Brisbane
319000,Brisbane
319001,Sydney
319002,Brisbane
319003,Melbourne
319004,Brisbane
319005,Brisbane
319006,Brisbane
319007,Brisbane
319008,Brisbane
319009,Brisbane
319010,Brisbane
319011,Brisbane
319012,Brisbane
319013,Brisbane
319014,Brisbane
319015,Brisbane
319016,Brisbane
319017,Brisbane
319018,Brisbane
319019,Brisbane
319020,Brisbane
319021,Brisbane
319022,Brisbane
319023,Sydney
319024,Brisbane
319025,Brisbane
319026,Brisbane
319027,Brisbane
319028,Melbourne
319029,Brisbane
319030,Brisbane
319031,Brisbane
319032,Brisbane
319033,Melbourne
319034,Brisbane
319035,Brisbane
319036,Brisbane
319037,Brisbane
319038,Melbourne
319039,Brisbane
319040,Brisbane
319041,Brisbane
319042,Brisbane
319043,Sydney
319044,Brisbane
319045,Brisbane
319046,Sydney
319047,Brisbane
319048,Brisbane
319049,Brisbane
319050,Brisbane
319051,Brisbane
319052,Brisbane
319053,Brisbane
319054,Brisbane
319055,Sydney
319056,Brisbane
319057,Brisbane
319058,Brisbane
319059,Brisbane
319060,Brisbane
319061,Brisbane
319062,Brisbane
319063,Melbourne
319064,Brisbane
319065,Brisbane
319066,Brisbane
319067,Brisbane
319068,Sydney
319069,Brisbane
319070,Brisbane
319071,Brisbane
319072,Brisbane
319073,Brisbane
319074,Brisbane
319075,Brisbane
319076,Brisbane
319077,Melbourne
319078,Melbourne
319079,Brisbane
319080,Brisbane
319081,Sydney
319082,Brisbane
319083,Brisbane
319084,Brisbane
319085,Brisbane
319086,Brisbane
319087,Brisbane
319088,Brisbane
319089,Melbourne
319090,Brisbane
319091,Brisbane
319092,Sydney
319093,Brisbane
319094,Brisbane
319095,Brisbane
319096,Brisbane
319097,Brisbane
319098,Perth
319099,Brisbane
319100,Perth
319101,Brisbane
319102,Brisbane
319103,Brisbane
319104,Sydney
319105,Perth
319106,Brisbane
319107,Brisbane
319108,Brisbane
319109,Brisbane
319110,Brisbane
319111,Brisbane
319112,Brisbane
319113,Brisbane
319114,Brisbane
319115,Brisbane
319116,Brisbane
319117,Brisbane
319118,Brisbane
319119,Brisbane
319120,Brisbane
319121,Brisbane
319122,Brisbane
319123,Brisbane
319124,Brisbane
319125,Brisbane
319126,Brisbane
319127,Brisbane
319128,Brisbane
319129,Brisbane
319130,Brisbane
319131,Brisbane
319132,Brisbane
319133,Brisbane
319134,Brisbane
319135,Brisbane
319136,Brisbane
319137,Sydney
319138,Brisbane
319139,Brisbane
319140,Brisbane
319141,Brisbane
319142,Brisbane
319143,Brisbane
319144,Brisbane
319145,Brisbane
319146,Brisbane
319147,Brisbane
319148,Brisbane
319149,Brisbane
319150,Sydney
319151,Brisbane
319152,Brisbane
319153,Brisbane
319154,Brisbane
319155,Brisbane
319156,Brisbane
319157,Brisbane
319158,Brisbane
319159,Brisbane
319160,Brisbane
319161,Brisbane
319162,Brisbane
319163,Brisbane
319164,Brisbane
319165,Brisbane
319166,Brisbane
319167,Brisbane
319168,Brisbane
319169,Brisbane
319170,Brisbane
319171,Brisbane
319172,Brisbane
319173,Melbourne
319174,Brisbane
319175,Brisbane
319176,Sydney
319177,Brisbane
319178,Brisbane
319179,Brisbane
319180,Melbourne
319181,Brisbane
319182,Brisbane
319183,Brisbane
319184,Brisbane
319185,Brisbane
319186,Brisbane
319187,Brisbane
319188,Brisbane
319189,Brisbane
319190,Brisbane
319191,Brisbane
319192,Brisbane
319193,Brisbane
319194,Brisbane
319195,Brisbane
319196,Brisbane
319197,Brisbane
319198,Brisbane
319199,Brisbane
319200,Brisbane
319201,Brisbane
319202,Sydney
319203,Sydney
319204,Brisbane
319205,Brisbane
319206,Brisbane
319207,Brisbane
319208,Brisbane
319209,Brisbane
319210,Brisbane
319211,Brisbane
319212,Brisbane
319213,Brisbane
319214,Brisbane
319215,Brisbane
319216,Brisbane
319217,Brisbane
319218,Sydney
319219,Brisbane
319220,Brisbane
319221,Brisbane
319222,Brisbane
319223,Brisbane
319224,Melbourne
319225,Brisbane
319226,Brisbane
319227,Brisbane
319228,Brisbane
319229,Brisbane
319230,Brisbane
319231,Sydney
319232,Brisbane
319233,Brisbane
319234,Perth
319235,Brisbane
319236,Brisbane
319237,Brisbane
319238,Brisbane
319239,Brisbane
319240,Brisbane
319241,Brisbane
319242,Brisbane
319243,Brisbane
319244,Brisbane
319245,Brisbane
319246,Brisbane
319247,Brisbane
319248,Brisbane
319249,Perth
319250,Brisbane
319251,Brisbane
319252,Perth
319253,Brisbane
319254,Sydney
319255,Brisbane
319256,Brisbane
319257,Brisbane
319258,Sydney
319259,Brisbane
319260,Brisbane
319261,Brisbane
319262,Brisbane
319263,Brisbane
319264,Brisbane
319265,Brisbane
319266,Brisbane
319267,Sydney
319268,Brisbane
319269,Brisbane
319270,Brisbane
319271,Brisbane
319272,Brisbane
319273,Brisbane
319274,Brisbane
319275,Brisbane
319276,Brisbane
319277,Sydney
319278,Brisbane
319279,Brisbane
319280,Brisbane
319281,Brisbane
319282,Brisbane
319283,Brisbane
319284,Brisbane
319285,Brisbane
319286,Brisbane
319287,Brisbane
319288,Brisbane
319289,Brisbane
319290,Brisbane
319291,Brisbane
319292,Brisbane
319293,Brisbane
319294,Brisbane
319295,Brisbane
319296,Brisbane
319297,Brisbane
319298,Brisbane
319299,Brisbane
319300,Brisbane
319301,Brisbane
319302,Brisbane
319303,Brisbane
319304,Brisbane
319305,Melbourne
319306,Sydney
319307,Melbourne
319308,Brisbane
319309,Sydney
319310,Brisbane
319311,Brisbane
319312,Sydney
319313,Brisbane
319314,Brisbane
319315,Perth
319316,Brisbane
319317,Brisbane
319318,Brisbane
319319,Brisbane
319320,Sydney
319321,Brisbane
319322,Brisbane
319323,Brisbane
319324,Brisbane
319325,Brisbane
319326,Brisbane
319327,Brisbane
319328,Brisbane
319329,Brisbane
319330,Brisbane
319331,Brisbane
319332,Brisbane
319333,Brisbane
319334,Brisbane
319335,Melbourne
319336,Brisbane
319337,Brisbane
319338,Brisbane
319339,Brisbane
319340,Brisbane
319341,Brisbane
319342,Sydney
319343,Brisbane
319344,Brisbane
319345,Brisbane
319346,Brisbane
319347,Brisbane
319348,Sydney
319349,Brisbane
319350,Brisbane
319351,Perth
319352,Brisbane
319353,Brisbane
319354,Brisbane
319355,Brisbane
319356,Melbourne
319357,Sydney
319358,Brisbane
319359,Brisbane
319360,Brisbane
319361,Brisbane
319362,Brisbane
319363,Perth
319364,Perth
319365,Brisbane
319366,Brisbane
319367,Brisbane
319368,Brisbane
319369,Brisbane
319370,Brisbane
319371,Brisbane
319372,Brisbane
319373,Brisbane
319374,Brisbane
319375,Brisbane
319376,Brisbane
319377,Brisbane
319378,Brisbane
319379,Brisbane
319380,Brisbane
319381,Brisbane
319382,Brisbane
319383,Brisbane
319384,Brisbane
319385,Brisbane
319386,Sydney
319387,Brisbane
319388,Brisbane
319389,Brisbane
319390,Brisbane
319391,Brisbane
319392,Sydney
319393,Brisbane
319394,Brisbane
319395,Brisbane
319396,Brisbane
319397,Brisbane
319398,Brisbane
319399,Brisbane
319400,Brisbane
319401,Brisbane
319402,Brisbane
319403,Brisbane
319404,Brisbane
319405,Brisbane
319406,Brisbane
319407,Brisbane
319408,Brisbane
319409,Brisbane
319410,Brisbane
319411,Sydney
319412,Perth
319413,Brisbane
319414,Brisbane
319415,Sydney
319416,Brisbane
319417,Brisbane
319418,Brisbane
319419,Brisbane
319420,Brisbane
319421,Brisbane
319422,Brisbane
319423,Brisbane
319424,Brisbane
319425,Brisbane
319426,Brisbane
319427,Brisbane
319428,Melbourne
319429,Brisbane
319430,Brisbane
319431,Brisbane
319432,Brisbane
319433,Brisbane
319434,Brisbane
319435,Brisbane
319436,Perth
319437,Brisbane
319438,Brisbane
319439,Brisbane
319440,Brisbane
319441,Brisbane
319442,Brisbane
319443,Brisbane
319444,Perth
319445,Brisbane
319446,Brisbane
319447,Brisbane
319448,Brisbane
319449,Brisbane
319450,Sydney
319451,Brisbane
319452,Brisbane
319453,Brisbane
319454,Brisbane
319455,Brisbane
319456,Melbourne
319457,Brisbane
319458,Brisbane
319459,Brisbane
319460,Brisbane
319461,Brisbane
319462,Brisbane
319463,Brisbane
319464,Brisbane
319465,Brisbane
319466,Brisbane
319467,Brisbane
319468,Perth
319469,Brisbane
319470,Brisbane
319471,Brisbane
319472,Brisbane
319473,Brisbane
319474,Brisbane
319475,Brisbane
319476,Brisbane
319477,Brisbane
319478,Brisbane
319479,Brisbane
319480,Brisbane
319481,Brisbane
319482,Brisbane
319483,Brisbane
319484,Brisbane
319485,Brisbane
319486,Sydney
319487,Brisbane
319488,Brisbane
319489,Brisbane
319490,Brisbane
319491,Brisbane
319492,Brisbane
319493,Brisbane
319494,Sydney
319495,Brisbane
319496,Brisbane
319497,Brisbane
319498,Sydney
319499,Brisbane
319500,Brisbane
319501,Brisbane
319502,Brisbane
319503,Melbourne
319504,Brisbane
319505,Brisbane
319506,Brisbane
319507,Brisbane
319508,Sydney
319509,Brisbane
319510,Brisbane
319511,Brisbane
319512,Brisbane
319513,Brisbane
319514,Brisbane
319515,Brisbane
319516,Sydney
319517,Brisbane
319518,Brisbane
319519,Brisbane
319520,Perth
319521,Brisbane
319522,Brisbane
319523,Sydney
319524,Brisbane
319525,Brisbane
319526,Melbourne
319527,Brisbane
319528,Brisbane
319529,Brisbane
319530,Perth
319531,Brisbane
319532,Brisbane
319533,Brisbane
319534,Brisbane
319535,Brisbane
319536,Brisbane
319537,Brisbane
319538,Brisbane
319539,Brisbane
319540,Brisbane
319541,Brisbane
319542,Sydney
319543,Brisbane
319544,Brisbane
319545,Brisbane
319546,Brisbane
319547,Brisbane
319548,Perth
319549,Sydney
319550,Brisbane
319551,Brisbane
319552,Brisbane
319553,Brisbane
319554,Brisbane
319555,Brisbane
319556,Brisbane
319557,Sydney
319558,Perth
319559,Sydney
319560,Melbourne
319561,Brisbane
319562,Perth
319563,Brisbane
319564,Brisbane
319565,Brisbane
319566,Brisbane
319567,Brisbane
319568,Melbourne
319569,Brisbane
319570,Brisbane
319571,Brisbane
319572,Brisbane
319573,Brisbane
319574,Brisbane
319575,Brisbane
319576,Brisbane
319577,Brisbane
319578,Brisbane
319579,Perth
319580,Brisbane
319581,Brisbane
319582,Brisbane
319583,Brisbane
319584,Brisbane
319585,Brisbane
319586,Melbourne
319587,Brisbane
319588,Brisbane
319589,Brisbane
319590,Brisbane
319591,Brisbane
319592,Brisbane
319593,Brisbane
319594,Brisbane
319595,Brisbane
319596,Brisbane
319597,Brisbane
319598,Brisbane
319599,Brisbane
319600,Brisbane
319601,Brisbane
319602,Brisbane
319603,Brisbane
319604,Melbourne
319605,Sydney
319606,Sydney
319607,Brisbane
319608,Brisbane
319609,Melbourne
319610,Brisbane
319611,Brisbane
319612,Brisbane
319613,Brisbane
319614,Brisbane
319615,Brisbane
319616,Brisbane
319617,Brisbane
319618,Brisbane
319619,Brisbane
319620,Brisbane
319621,Brisbane
319622,Perth
319623,Brisbane
319624,Melbourne
319625,Melbourne
319626,Brisbane
319627,Brisbane
319628,Brisbane
319629,Brisbane
319630,Brisbane
319631,Brisbane
319632,Brisbane
319633,Brisbane
319634,Brisbane
319635,Brisbane
319636,Brisbane
319637,Brisbane
319638,Brisbane
319639,Brisbane
319640,Brisbane
319641,Brisbane
319642,Brisbane
319643,Brisbane
319644,Sydney
319645,Melbourne
319646,Brisbane
319647,Brisbane
319648,Brisbane
319649,Brisbane
319650,Brisbane
319651,Brisbane
319652,Brisbane
319653,Brisbane
319654,Melbourne
319655,Brisbane
319656,Brisbane
319657,Brisbane
319658,Brisbane
319659,Sydney
319660,Brisbane
319661,Perth
319662,Brisbane
319663,Brisbane
319664,Brisbane
319665,Brisbane
319666,Brisbane
319667,Brisbane
319668,Brisbane
319669,Brisbane
319670,Brisbane
319671,Brisbane
319672,Brisbane
319673,Brisbane
319674,Brisbane
319675,Brisbane
319676,Brisbane
319677,Brisbane
319678,Melbourne
319679,Brisbane
319680,Brisbane
319681,Brisbane
319682,Brisbane
319683,Brisbane
319684,Brisbane
319685,Brisbane
319686,Brisbane
319687,Brisbane
319688,Brisbane
319689,Brisbane
319690,Brisbane
319691,Brisbane
319692,Brisbane
319693,Brisbane
319694,Brisbane
319695,Brisbane
319696,Brisbane
319697,Brisbane
319698,Brisbane
319699,Perth
319700,Brisbane
319701,Brisbane
319702,Perth
319703,Brisbane
319704,Brisbane
319705,Brisbane
319706,Brisbane
319707,Brisbane
319708,Sydney
319709,Brisbane
319710,Brisbane
319711,Sydney
319712,Brisbane
319713,Brisbane
319714,Brisbane
319715,Brisbane
319716,Melbourne
319717,Sydney
319718,Brisbane
319719,Brisbane
319720,Brisbane
319721,Brisbane
319722,Brisbane
319723,Brisbane
319724,Brisbane
319725,Brisbane
319726,Brisbane
319727,Brisbane
319728,Brisbane
319729,Brisbane
319730,Brisbane
319731,Brisbane
319732,Brisbane
319733,Brisbane
319734,Brisbane
319735,Brisbane
319736,Brisbane
319737,Perth
319738,Brisbane
319739,Brisbane
319740,Brisbane
319741,Sydney
319742,Melbourne
319743,Brisbane
319744,Brisbane
319745,Brisbane
319746,Brisbane
319747,Brisbane
319748,Brisbane
319749,Sydney
319750,Brisbane
319751,Brisbane
319752,Brisbane
319753,Brisbane
319754,Brisbane
319755,Brisbane
319756,Melbourne
319757,Brisbane
319758,Brisbane
319759,Brisbane
319760,Brisbane
319761,Brisbane
319762,Brisbane
319763,Brisbane
319764,Brisbane
319765,Sydney
319766,Brisbane
319767,Brisbane
319768,Brisbane
319769,Brisbane
319770,Brisbane
319771,Brisbane
319772,Sydney
319773,Brisbane
319774,Brisbane
319775,Brisbane
319776,Sydney
319777,Perth
319778,Brisbane
319779,Brisbane
319780,Brisbane
319781,Perth
319782,Brisbane
319783,Brisbane
319784,Brisbane
319785,Brisbane
319786,Brisbane
319787,Brisbane
319788,Brisbane
319789,Brisbane
319790,Brisbane
319791,Brisbane
319792,Brisbane
319793,Brisbane
319794,Brisbane
319795,Brisbane
319796,Brisbane
319797,Brisbane
319798,Brisbane
319799,Brisbane
319800,Sydney
319801,Sydney
319802,Brisbane
319803,Brisbane
319804,Brisbane
319805,Perth
319806,Brisbane
319807,Brisbane
319808,Brisbane
319809,Brisbane
319810,Melbourne
319811,Brisbane
319812,Brisbane
319813,Brisbane
319814,Brisbane
319815,Brisbane
319816,Brisbane
319817,Brisbane
319818,Brisbane
319819,Brisbane
319820,Brisbane
319821,Brisbane
319822,Brisbane
319823,Brisbane
319824,Brisbane
319825,Brisbane
319826,Brisbane
319827,Brisbane
319828,Brisbane
319829,Perth
319830,Brisbane
319831,Brisbane
319832,Brisbane
319833,Brisbane
319834,Brisbane
319835,Brisbane
319836,Melbourne
319837,Brisbane
319838,Brisbane
319839,Brisbane
319840,Brisbane
319841,Brisbane
319842,Brisbane
319843,Brisbane
319844,Brisbane
319845,Brisbane
319846,Brisbane
319847,Brisbane
319848,Brisbane
319849,Brisbane
319850,Brisbane
319851,Brisbane
319852,Perth
319853,Brisbane
319854,Brisbane
319855,Brisbane
319856,Perth
319857,Brisbane
319858,Brisbane
319859,Brisbane
319860,Perth
319861,Brisbane
319862,Brisbane
319863,Brisbane
319864,Brisbane
319865,Brisbane
319866,Brisbane
319867,Brisbane
319868,Brisbane
319869,Brisbane
319870,Brisbane
319871,Melbourne
319872,Brisbane
319873,Perth
319874,Brisbane
319875,Brisbane
319876,Brisbane
319877,Brisbane
319878,Brisbane
319879,Brisbane
319880,Brisbane
319881,Brisbane
319882,Brisbane
319883,Brisbane
319884,Melbourne
319885,Melbourne
319886,Brisbane
319887,Brisbane
319888,Brisbane
319889,Brisbane
319890,Brisbane
319891,Brisbane
319892,Brisbane
319893,Brisbane
319894,Brisbane
319895,Brisbane
319896,Brisbane
319897,Brisbane
319898,Brisbane
319899,Brisbane
319900,Brisbane
319901,Brisbane
319902,Brisbane
319903,Sydney
319904,Brisbane
319905,Brisbane
319906,Brisbane
319907,Brisbane
319908,Brisbane
319909,Melbourne
319910,Brisbane
319911,Brisbane
319912,Brisbane
319913,Brisbane
319914,Brisbane
319915,Brisbane
319916,Brisbane
319917,Brisbane
319918,Brisbane
319919,Brisbane
319920,Brisbane
319921,Brisbane
319922,Brisbane
319923,Brisbane
319924,Brisbane
319925,Brisbane
319926,Brisbane
319927,Brisbane
319928,Brisbane
319929,Sydney
319930,Brisbane
319931,Brisbane
319932,Brisbane
319933,Brisbane
319934,Brisbane
319935,Brisbane
319936,Brisbane
319937,Brisbane
319938,Melbourne
319939,Perth
319940,Brisbane
319941,Perth
319942,Brisbane
319943,Brisbane
319944,Sydney
319945,Brisbane
319946,Brisbane
319947,Brisbane
319948,Brisbane
319949,Brisbane
319950,Brisbane
319951,Brisbane
319952,Brisbane
319953,Brisbane
319954,Melbourne
319955,Brisbane
319956,Brisbane
319957,Brisbane
319958,Brisbane
319959,Brisbane
319960,Brisbane
319961,Brisbane
319962,Brisbane
319963,Brisbane
319964,Sydney
319965,Melbourne
319966,Brisbane
319967,Brisbane
319968,Brisbane
319969,Brisbane
319970,Brisbane
319971,Brisbane
319972,Brisbane
319973,Brisbane
319974,Brisbane
319975,Brisbane
319976,Brisbane
319977,Brisbane
319978,Brisbane
319979,Brisbane
319980,Perth
319981,Brisbane
319982,Brisbane
319983,Perth
319984,Brisbane
319985,Perth
319986,Brisbane
319987,Brisbane
319988,Brisbane
319989,Brisbane
319990,Brisbane
319991,Perth
319992,Brisbane
319993,Melbourne
319994,Brisbane
319995,Brisbane
319996,Brisbane
319997,Sydney
319998,Brisbane
319999,Brisbane
320000,Brisbane
320001,Brisbane
320002,Brisbane
320003,Brisbane
320004,Melbourne
320005,Brisbane
320006,Brisbane
320007,Brisbane
320008,Brisbane
320009,Brisbane
320010,Brisbane
320011,Brisbane
320012,Brisbane
320013,Melbourne
320014,Brisbane
320015,Brisbane
320016,Brisbane
320017,Sydney
320018,Brisbane
320019,Brisbane
320020,Brisbane
320021,Brisbane
320022,Brisbane
320023,Brisbane
320024,Brisbane
320025,Brisbane
320026,Sydney
320027,Brisbane
320028,Brisbane
320029,Brisbane
320030,Brisbane
320031,Brisbane
320032,Brisbane
320033,Brisbane
320034,Brisbane
320035,Sydney
320036,Brisbane
320037,Perth
320038,Brisbane
320039,Brisbane
320040,Brisbane
320041,Brisbane
320042,Brisbane
320043,Brisbane
320044,Brisbane
320045,Brisbane
320046,Brisbane
320047,Brisbane
320048,Brisbane
320049,Brisbane
320050,Brisbane
320051,Brisbane
320052,Brisbane
320053,Brisbane
320054,Brisbane
320055,Brisbane
320056,Brisbane
320057,Brisbane
320058,Brisbane
320059,Perth
320060,Brisbane
320061,Brisbane
320062,Brisbane
320063,Brisbane
320064,Brisbane
320065,Brisbane
320066,Brisbane
320067,Melbourne
320068,Brisbane
320069,Brisbane
320070,Brisbane
320071,Brisbane
320072,Brisbane
320073,Brisbane
320074,Brisbane
320075,Brisbane
320076,Brisbane
320077,Brisbane
320078,Brisbane
320079,Brisbane
320080,Brisbane
320081,Brisbane
320082,Brisbane
320083,Brisbane
320084,Brisbane
320085,Melbourne
320086,Brisbane
320087,Brisbane
320088,Brisbane
320089,Brisbane
320090,Brisbane
320091,Brisbane
320092,Sydney
320093,Brisbane
320094,Brisbane
320095,Melbourne
320096,Brisbane
320097,Brisbane
320098,Brisbane
320099,Brisbane
320100,Brisbane
320101,Brisbane
320102,Brisbane
320103,Sydney
320104,Brisbane
320105,Brisbane
320106,Brisbane
320107,Brisbane
320108,Perth
320109,Brisbane
320110,Brisbane
320111,Brisbane
320112,Brisbane
320113,Brisbane
320114,Sydney
320115,Brisbane
320116,Brisbane
320117,Brisbane
320118,Brisbane
320119,Brisbane
320120,Brisbane
320121,Brisbane
320122,Brisbane
320123,Brisbane
320124,Brisbane
320125,Perth
320126,Perth
320127,Brisbane
320128,Brisbane
320129,Brisbane
320130,Brisbane
320131,Brisbane
320132,Brisbane
320133,Brisbane
320134,Brisbane
320135,Brisbane
320136,Brisbane
320137,Brisbane
320138,Brisbane
320139,Brisbane
320140,Brisbane
320141,Sydney
320142,Brisbane
320143,Brisbane
320144,Brisbane
320145,Brisbane
320146,Brisbane
320147,Brisbane
320148,Brisbane
320149,Melbourne
320150,Brisbane
320151,Brisbane
320152,Brisbane
320153,Brisbane
320154,Brisbane
320155,Sydney
320156,Brisbane
320157,Brisbane
320158,Brisbane
320159,Perth
320160,Brisbane
320161,Brisbane
320162,Brisbane
320163,Brisbane
320164,Sydney
320165,Brisbane
320166,Brisbane
320167,Brisbane
320168,Brisbane
320169,Brisbane
320170,Sydney
320171,Sydney
320172,Brisbane
320173,Brisbane
320174,Brisbane
320175,Brisbane
320176,Brisbane
320177,Brisbane
320178,Brisbane
320179,Brisbane
320180,Brisbane
320181,Brisbane
320182,Perth
320183,Brisbane
320184,Brisbane
320185,Brisbane
320186,Brisbane
320187,Melbourne
320188,Brisbane
320189,Brisbane
320190,Brisbane
320191,Brisbane
320192,Brisbane
320193,Brisbane
320194,Brisbane
320195,Brisbane
320196,Brisbane
320197,Brisbane
320198,Brisbane
320199,Brisbane
320200,Brisbane
320201,Brisbane
320202,Brisbane
320203,Brisbane
320204,Brisbane
320205,Brisbane
320206,Perth
320207,Brisbane
320208,Brisbane
320209,Brisbane
320210,Brisbane
320211,Brisbane
320212,Brisbane
320213,Brisbane
320214,Brisbane
320215,Brisbane
320216,Sydney
320217,Melbourne
320218,Sydney
320219,Brisbane
320220,Brisbane
320221,Brisbane
320222,Sydney
320223,Brisbane
320224,Brisbane
320225,Brisbane
320226,Brisbane
320227,Brisbane
320228,Brisbane
320229,Brisbane
320230,Brisbane
320231,Brisbane
320232,Sydney
320233,Perth
320234,Brisbane
320235,Brisbane
320236,Brisbane
320237,Brisbane
320238,Brisbane
320239,Brisbane
320240,Brisbane
320241,Brisbane
320242,Brisbane
320243,Brisbane
320244,Brisbane
320245,Brisbane
320246,Brisbane
320247,Brisbane
320248,Brisbane
320249,Brisbane
320250,Brisbane
320251,Brisbane
320252,Brisbane
320253,Sydney
320254,Brisbane
320255,Brisbane
320256,Brisbane
320257,Brisbane
320258,Brisbane
320259,Brisbane
320260,Brisbane
320261,Brisbane
320262,Brisbane
320263,Brisbane
320264,Brisbane
320265,Brisbane
320266,Brisbane
320267,Brisbane
320268,Brisbane
320269,Brisbane
320270,Brisbane
320271,Brisbane
320272,Perth
320273,Brisbane
320274,Brisbane
320275,Brisbane
320276,Brisbane
320277,Brisbane
320278,Brisbane
320279,Brisbane
320280,Brisbane
320281,Perth
320282,Brisbane
320283,Brisbane
320284,Brisbane
320285,Sydney
320286,Melbourne
320287,Brisbane
320288,Brisbane
320289,Brisbane
320290,Brisbane
320291,Brisbane
320292,Brisbane
320293,Brisbane
320294,Brisbane
320295,Sydney
320296,Brisbane
320297,Brisbane
320298,Brisbane
320299,Brisbane
320300,Brisbane
320301,Brisbane
320302,Brisbane
320303,Brisbane
320304,Brisbane
320305,Brisbane
320306,Brisbane
320307,Perth
320308,Brisbane
320309,Melbourne
320310,Brisbane
320311,Melbourne
320312,Brisbane
320313,Brisbane
320314,Brisbane
320315,Brisbane
320316,Brisbane
320317,Brisbane
320318,Brisbane
320319,Brisbane
320320,Brisbane
320321,Brisbane
320322,Brisbane
320323,Brisbane
320324,Brisbane
320325,Brisbane
320326,Brisbane
320327,Brisbane
320328,Brisbane
320329,Brisbane
320330,Brisbane
320331,Brisbane
320332,Brisbane
320333,Brisbane
320334,Brisbane
320335,Brisbane
320336,Brisbane
320337,Brisbane
320338,Brisbane
320339,Brisbane
320340,Brisbane
320341,Brisbane
320342,Brisbane
320343,Brisbane
320344,Brisbane
320345,Brisbane
320346,Sydney
320347,Brisbane
320348,Brisbane
320349,Brisbane
320350,Sydney
320351,Brisbane
320352,Melbourne
320353,Brisbane
320354,Brisbane
320355,Brisbane
320356,Brisbane
320357,Melbourne
320358,Brisbane
320359,Brisbane
320360,Brisbane
320361,Sydney
320362,Brisbane
320363,Brisbane
320364,Sydney
320365,Brisbane
320366,Brisbane
320367,Brisbane
320368,Brisbane
320369,Brisbane
320370,Brisbane
320371,Brisbane
320372,Brisbane
320373,Brisbane
320374,Brisbane
320375,Brisbane
320376,Brisbane
320377,Brisbane
320378,Brisbane
320379,Brisbane
320380,Brisbane
320381,Brisbane
320382,Brisbane
320383,Melbourne
320384,Brisbane
320385,Melbourne
320386,Brisbane
320387,Brisbane
320388,Brisbane
320389,Brisbane
320390,Brisbane
320391,Brisbane
320392,Brisbane
320393,Brisbane
320394,Brisbane
320395,Sydney
320396,Brisbane
320397,Brisbane
320398,Brisbane
320399,Sydney
320400,Brisbane
320401,Brisbane
320402,Brisbane
320403,Brisbane
320404,Brisbane
320405,Brisbane
320406,Brisbane
320407,Brisbane
320408,Brisbane
320409,Brisbane
320410,Brisbane
320411,Brisbane
320412,Brisbane
320413,Brisbane
320414,Brisbane
320415,Brisbane
320416,Brisbane
320417,Brisbane
320418,Brisbane
320419,Brisbane
320420,Brisbane
320421,Brisbane
320422,Brisbane
320423,Perth
320424,Brisbane
320425,Brisbane
320426,Melbourne
320427,Brisbane
320428,Brisbane
320429,Brisbane
320430,Brisbane
320431,Brisbane
320432,Brisbane
320433,Brisbane
320434,Perth
320435,Sydney
320436,Brisbane
320437,Brisbane
320438,Brisbane
320439,Brisbane
320440,Brisbane
320441,Brisbane
320442,Brisbane
320443,Brisbane
320444,Brisbane
320445,Brisbane
320446,Brisbane
320447,Brisbane
320448,Brisbane
320449,Perth
320450,Brisbane
320451,Brisbane
320452,Brisbane
320453,Brisbane
320454,Brisbane
320455,Brisbane
320456,Brisbane
320457,Brisbane
320458,Brisbane
320459,Brisbane
320460,Brisbane
320461,Brisbane
320462,Brisbane
320463,Brisbane
320464,Brisbane
320465,Brisbane
320466,Brisbane
320467,Brisbane
320468,Brisbane
320469,Brisbane
320470,Brisbane
320471,Perth
320472,Brisbane
320473,Melbourne
320474,Brisbane
320475,Brisbane
320476,Brisbane
320477,Brisbane
320478,Brisbane
320479,Brisbane
320480,Brisbane
320481,Brisbane
320482,Brisbane
320483,Brisbane
320484,Brisbane
320485,Brisbane
320486,Brisbane
320487,Brisbane
320488,Brisbane
320489,Brisbane
320490,Sydney
320491,Brisbane
320492,Sydney
320493,Brisbane
320494,Brisbane
320495,Brisbane
320496,Brisbane
320497,Sydney
320498,Perth
320499,Brisbane
320500,Brisbane
320501,Sydney
320502,Brisbane
320503,Brisbane
320504,Brisbane
320505,Melbourne
320506,Brisbane
320507,Brisbane
320508,Brisbane
320509,Brisbane
320510,Brisbane
320511,Brisbane
320512,Brisbane
320513,Brisbane
320514,Brisbane
320515,Brisbane
320516,Brisbane
320517,Brisbane
320518,Brisbane
320519,Brisbane
320520,Brisbane
320521,Brisbane
320522,Brisbane
320523,Melbourne
320524,Brisbane
320525,Brisbane
320526,Brisbane
320527,Brisbane
320528,Perth
320529,Brisbane
320530,Brisbane
320531,Brisbane
320532,Brisbane
320533,Brisbane
320534,Melbourne
320535,Brisbane
320536,Brisbane
320537,Brisbane
320538,Brisbane
320539,Brisbane
320540,Brisbane
320541,Brisbane
320542,Brisbane
320543,Brisbane
320544,Brisbane
320545,Brisbane
320546,Brisbane
320547,Brisbane
320548,Perth
320549,Brisbane
320550,Brisbane
320551,Brisbane
320552,Melbourne
320553,Brisbane
320554,Brisbane
320555,Brisbane
320556,Brisbane
320557,Brisbane
320558,Perth
320559,Brisbane
320560,Brisbane
320561,Brisbane
320562,Brisbane
320563,Sydney
320564,Brisbane
320565,Brisbane
320566,Brisbane
320567,Brisbane
320568,Melbourne
320569,Sydney
320570,Brisbane
320571,Brisbane
320572,Brisbane
320573,Brisbane
320574,Brisbane
320575,Sydney
320576,Brisbane
320577,Sydney
320578,Brisbane
320579,Brisbane
320580,Brisbane
320581,Sydney
320582,Sydney
320583,Brisbane
320584,Brisbane
320585,Brisbane
320586,Brisbane
320587,Brisbane
320588,Brisbane
320589,Brisbane
320590,Brisbane
320591,Brisbane
320592,Brisbane
320593,Brisbane
320594,Brisbane
320595,Brisbane
320596,Brisbane
320597,Brisbane
320598,Sydney
320599,Brisbane
320600,Brisbane
320601,Brisbane
320602,Brisbane
320603,Brisbane
320604,Brisbane
320605,Brisbane
320606,Brisbane
320607,Brisbane
320608,Sydney
320609,Brisbane
320610,Brisbane
320611,Brisbane
320612,Brisbane
320613,Brisbane
320614,Brisbane
320615,Brisbane
320616,Brisbane
320617,Brisbane
320618,Brisbane
320619,Brisbane
320620,Brisbane
320621,Brisbane
320622,Brisbane
320623,Perth
320624,Brisbane
320625,Brisbane
320626,Brisbane
320627,Brisbane
320628,Brisbane
320629,Brisbane
320630,Brisbane
320631,Brisbane
320632,Brisbane
320633,Melbourne
320634,Brisbane
320635,Brisbane
320636,Brisbane
320637,Brisbane
320638,Brisbane
320639,Sydney
320640,Sydney
320641,Brisbane
320642,Brisbane
320643,Brisbane
320644,Brisbane
320645,Melbourne
320646,Brisbane
320647,Brisbane
320648,Melbourne
320649,Brisbane
320650,Perth
320651,Brisbane
320652,Brisbane
320653,Brisbane
320654,Brisbane
320655,Brisbane
320656,Brisbane
320657,Brisbane
320658,Brisbane
320659,Brisbane
320660,Brisbane
320661,Brisbane
320662,Brisbane
320663,Sydney
320664,Brisbane
320665,Brisbane
320666,Brisbane
320667,Brisbane
320668,Brisbane
320669,Brisbane
320670,Brisbane
320671,Brisbane
320672,Brisbane
320673,Brisbane
320674,Brisbane
320675,Brisbane
320676,Brisbane
320677,Brisbane
320678,Brisbane
320679,Brisbane
320680,Brisbane
320681,Brisbane
320682,Brisbane
320683,Brisbane
320684,Sydney
320685,Brisbane
320686,Brisbane
320687,Brisbane
320688,Melbourne
320689,Brisbane
320690,Brisbane
320691,Brisbane
320692,Brisbane
320693,Brisbane
320694,Brisbane
320695,Brisbane
320696,Brisbane
320697,Brisbane
320698,Brisbane
320699,Brisbane
320700,Sydney
320701,Brisbane
320702,Brisbane
320703,Brisbane
320704,Brisbane
320705,Brisbane
320706,Brisbane
320707,Brisbane
320708,Brisbane
320709,Brisbane
320710,Brisbane
320711,Brisbane
320712,Melbourne
320713,Sydney
320714,Brisbane
320715,Brisbane
320716,Brisbane
320717,Melbourne
320718,Brisbane
320719,Brisbane
320720,Brisbane
320721,Brisbane
320722,Brisbane
320723,Brisbane
320724,Brisbane
320725,Brisbane
320726,Perth
320727,Brisbane
320728,Brisbane
320729,Brisbane
320730,Melbourne
320731,Brisbane
320732,Brisbane
320733,Brisbane
320734,Brisbane
320735,Brisbane
320736,Brisbane
320737,Brisbane
320738,Perth
320739,Brisbane
320740,Brisbane
320741,Brisbane
320742,Brisbane
320743,Brisbane
320744,Brisbane
320745,Brisbane
320746,Brisbane
320747,Brisbane
320748,Brisbane
320749,Brisbane
320750,Sydney
320751,Brisbane
320752,Brisbane
320753,Brisbane
320754,Brisbane
320755,Perth
320756,Brisbane
320757,Brisbane
320758,Brisbane
320759,Brisbane
320760,Brisbane
320761,Brisbane
320762,Brisbane
320763,Brisbane
320764,Brisbane
320765,Brisbane
320766,Brisbane
320767,Brisbane
320768,Perth
320769,Brisbane
320770,Brisbane
320771,Brisbane
320772,Sydney
320773,Brisbane
320774,Brisbane
320775,Sydney
320776,Brisbane
320777,Brisbane
320778,Brisbane
320779,Brisbane
320780,Brisbane
320781,Brisbane
320782,Brisbane
320783,Brisbane
320784,Brisbane
320785,Brisbane
320786,Brisbane
320787,Brisbane
320788,Brisbane
320789,Brisbane
320790,Brisbane
320791,Sydney
320792,Brisbane
320793,Brisbane
320794,Brisbane
320795,Brisbane
320796,Brisbane
320797,Perth
320798,Brisbane
320799,Brisbane
320800,Brisbane
320801,Brisbane
320802,Brisbane
320803,Brisbane
320804,Brisbane
320805,Brisbane
320806,Brisbane
320807,Brisbane
320808,Brisbane
320809,Brisbane
320810,Brisbane
320811,Brisbane
320812,Brisbane
320813,Brisbane
320814,Brisbane
320815,Brisbane
320816,Brisbane
320817,Brisbane
320818,Brisbane
320819,Brisbane
320820,Brisbane
320821,Brisbane
320822,Brisbane
320823,Brisbane
320824,Brisbane
320825,Brisbane
320826,Brisbane
320827,Brisbane
320828,Brisbane
320829,Brisbane
320830,Sydney
320831,Brisbane
320832,Brisbane
320833,Brisbane
320834,Brisbane
320835,Brisbane
320836,Brisbane
320837,Brisbane
320838,Brisbane
320839,Brisbane
320840,Brisbane
320841,Brisbane
320842,Brisbane
320843,Sydney
320844,Brisbane
320845,Brisbane
320846,Brisbane
320847,Brisbane
320848,Brisbane
320849,Brisbane
320850,Sydney
320851,Perth
320852,Brisbane
320853,Sydney
320854,Brisbane
320855,Brisbane
320856,Brisbane
320857,Brisbane
320858,Brisbane
320859,Brisbane
320860,Perth
320861,Sydney
320862,Brisbane
320863,Brisbane
320864,Brisbane
320865,Brisbane
320866,Brisbane
320867,Brisbane
320868,Brisbane
320869,Brisbane
320870,Brisbane
320871,Brisbane
320872,Brisbane
320873,Brisbane
320874,Brisbane
320875,Brisbane
320876,Brisbane
320877,Brisbane
320878,Brisbane
320879,Brisbane
320880,Brisbane
320881,Brisbane
320882,Brisbane
320883,Brisbane
320884,Brisbane
320885,Sydney
320886,Brisbane
320887,Brisbane
320888,Brisbane
320889,Brisbane
320890,Brisbane
320891,Brisbane
320892,Brisbane
320893,Brisbane
320894,Brisbane
320895,Brisbane
320896,Brisbane
320897,Brisbane
320898,Brisbane
320899,Melbourne
320900,Brisbane
320901,Brisbane
320902,Brisbane
320903,Brisbane
320904,Brisbane
320905,Brisbane
320906,Brisbane
320907,Brisbane
320908,Brisbane
320909,Brisbane
320910,Sydney
320911,Brisbane
320912,Brisbane
320913,Brisbane
320914,Brisbane
320915,Brisbane
320916,Brisbane
320917,Brisbane
320918,Brisbane
320919,Brisbane
320920,Brisbane
320921,Brisbane
320922,Brisbane
320923,Melbourne
320924,Perth
320925,Brisbane
320926,Brisbane
320927,Perth
320928,Brisbane
320929,Brisbane
320930,Brisbane
320931,Brisbane
320932,Brisbane
320933,Brisbane
320934,Brisbane
320935,Sydney
320936,Brisbane
320937,Brisbane
320938,Brisbane
320939,Melbourne
320940,Brisbane
320941,Melbourne
320942,Perth
320943,Brisbane
320944,Melbourne
320945,Brisbane
320946,Brisbane
320947,Perth
320948,Brisbane
320949,Brisbane
320950,Brisbane
320951,Brisbane
320952,Brisbane
320953,Brisbane
320954,Perth
320955,Brisbane
320956,Brisbane
320957,Brisbane
320958,Sydney
320959,Brisbane
320960,Brisbane
320961,Brisbane
320962,Brisbane
320963,Brisbane
320964,Brisbane
320965,Brisbane
320966,Brisbane
320967,Brisbane
320968,Brisbane
320969,Brisbane
320970,Brisbane
320971,Perth
320972,Brisbane
320973,Brisbane
320974,Brisbane
320975,Brisbane
320976,Brisbane
320977,Brisbane
320978,Brisbane
320979,Brisbane
320980,Brisbane
320981,Brisbane
320982,Brisbane
320983,Brisbane
320984,Brisbane
320985,Brisbane
320986,Brisbane
320987,Brisbane
320988,Brisbane
320989,Brisbane
320990,Brisbane
320991,Brisbane
320992,Sydney
320993,Brisbane
320994,Brisbane
320995,Brisbane
320996,Melbourne
320997,Brisbane
320998,Perth
320999,Brisbane
321000,Brisbane
321001,Brisbane
321002,Brisbane
321003,Brisbane
321004,Brisbane
321005,Brisbane
321006,Brisbane
321007,Brisbane
321008,Brisbane
321009,Brisbane
321010,Brisbane
321011,Brisbane
321012,Perth
321013,Sydney
321014,Brisbane
321015,Brisbane
321016,Brisbane
321017,Brisbane
321018,Brisbane
321019,Brisbane
321020,Brisbane
321021,Sydney
321022,Brisbane
321023,Melbourne
321024,Brisbane
321025,Brisbane
321026,Sydney
321027,Brisbane
321028,Brisbane
321029,Sydney
321030,Brisbane
321031,Brisbane
321032,Brisbane
321033,Brisbane
321034,Brisbane
321035,Brisbane
321036,Brisbane
321037,Melbourne
321038,Brisbane
321039,Perth
321040,Brisbane
321041,Sydney
321042,Melbourne
321043,Perth
321044,Brisbane
321045,Sydney
321046,Brisbane
321047,Brisbane
321048,Brisbane
321049,Melbourne
321050,Brisbane
321051,Brisbane
321052,Brisbane
321053,Melbourne
321054,Perth
321055,Brisbane
321056,Brisbane
321057,Brisbane
321058,Perth
321059,Brisbane
321060,Brisbane
321061,Brisbane
321062,Brisbane
321063,Brisbane
321064,Brisbane
321065,Perth
321066,Brisbane
321067,Brisbane
321068,Brisbane
321069,Brisbane
321070,Brisbane
321071,Brisbane
321072,Brisbane
321073,Melbourne
321074,Brisbane
321075,Brisbane
321076,Sydney
321077,Melbourne
321078,Brisbane
321079,Brisbane
321080,Brisbane
321081,Brisbane
321082,Brisbane
321083,Brisbane
321084,Brisbane
321085,Brisbane
321086,Brisbane
321087,Brisbane
321088,Perth
321089,Brisbane
321090,Brisbane
321091,Brisbane
321092,Brisbane
321093,Brisbane
321094,Melbourne
321095,Brisbane
321096,Brisbane
321097,Brisbane
321098,Brisbane
321099,Brisbane
321100,Perth
321101,Brisbane
321102,Brisbane
321103,Brisbane
321104,Brisbane
321105,Brisbane
321106,Brisbane
321107,Brisbane
321108,Brisbane
321109,Brisbane
321110,Brisbane
321111,Brisbane
321112,Brisbane
321113,Brisbane
321114,Brisbane
321115,Sydney
321116,Brisbane
321117,Brisbane
321118,Brisbane
321119,Brisbane
321120,Brisbane
321121,Brisbane
321122,Brisbane
321123,Brisbane
321124,Brisbane
321125,Brisbane
321126,Brisbane
321127,Brisbane
321128,Brisbane
321129,Brisbane
321130,Perth
321131,Brisbane
321132,Brisbane
321133,Brisbane
321134,Brisbane
321135,Brisbane
321136,Brisbane
321137,Brisbane
321138,Brisbane
321139,Brisbane
321140,Brisbane
321141,Sydney
321142,Brisbane
321143,Brisbane
321144,Brisbane
321145,Brisbane
321146,Brisbane
321147,Brisbane
321148,Brisbane
321149,Brisbane
321150,Brisbane
321151,Brisbane
321152,Brisbane
321153,Brisbane
321154,Brisbane
321155,Brisbane
321156,Brisbane
321157,Brisbane
321158,Brisbane
321159,Brisbane
321160,Brisbane
321161,Brisbane
321162,Brisbane
321163,Brisbane
321164,Brisbane
321165,Brisbane
321166,Brisbane
321167,Perth
321168,Brisbane
321169,Brisbane
321170,Brisbane
321171,Brisbane
321172,Sydney
321173,Brisbane
321174,Melbourne
321175,Brisbane
321176,Brisbane
321177,Brisbane
321178,Brisbane
321179,Brisbane
321180,Brisbane
321181,Brisbane
321182,Brisbane
321183,Brisbane
321184,Brisbane
321185,Perth
321186,Perth
321187,Brisbane
321188,Brisbane
321189,Brisbane
321190,Brisbane
321191,Brisbane
321192,Sydney
321193,Brisbane
321194,Brisbane
321195,Brisbane
321196,Brisbane
321197,Melbourne
321198,Brisbane
321199,Brisbane
321200,Brisbane
321201,Brisbane
321202,Brisbane
321203,Brisbane
321204,Brisbane
321205,Brisbane
321206,Brisbane
321207,Brisbane
321208,Brisbane
321209,Brisbane
321210,Brisbane
321211,Brisbane
321212,Brisbane
321213,Brisbane
321214,Brisbane
321215,Brisbane
321216,Brisbane
321217,Sydney
321218,Brisbane
321219,Brisbane
321220,Brisbane
321221,Brisbane
321222,Melbourne
321223,Brisbane
321224,Brisbane
321225,Brisbane
321226,Brisbane
321227,Brisbane
321228,Brisbane
321229,Brisbane
321230,Brisbane
321231,Brisbane
321232,Brisbane
321233,Sydney
321234,Brisbane
321235,Sydney
321236,Brisbane
321237,Brisbane
321238,Brisbane
321239,Brisbane
321240,Brisbane
321241,Brisbane
321242,Brisbane
321243,Brisbane
321244,Brisbane
321245,Brisbane
321246,Brisbane
321247,Brisbane
321248,Brisbane
321249,Brisbane
321250,Brisbane
321251,Brisbane
321252,Brisbane
321253,Brisbane
321254,Melbourne
321255,Perth
321256,Melbourne
321257,Brisbane
321258,Brisbane
321259,Brisbane
321260,Perth
321261,Brisbane
321262,Brisbane
321263,Brisbane
321264,Melbourne
321265,Sydney
321266,Brisbane
321267,Brisbane
321268,Brisbane
321269,Brisbane
321270,Brisbane
321271,Brisbane
321272,Brisbane
321273,Brisbane
321274,Brisbane
321275,Brisbane
321276,Brisbane
321277,Brisbane
321278,Brisbane
321279,Brisbane
321280,Brisbane
321281,Brisbane
321282,Sydney
321283,Brisbane
321284,Brisbane
321285,Brisbane
321286,Brisbane
321287,Brisbane
321288,Brisbane
321289,Brisbane
321290,Brisbane
321291,Brisbane
321292,Brisbane
321293,Brisbane
321294,Brisbane
321295,Brisbane
321296,Sydney
321297,Brisbane
321298,Brisbane
321299,Brisbane
321300,Brisbane
321301,Brisbane
321302,Sydney
321303,Brisbane
321304,Brisbane
321305,Brisbane
321306,Brisbane
321307,Brisbane
321308,Brisbane
321309,Brisbane
321310,Brisbane
321311,Brisbane
321312,Brisbane
321313,Perth
321314,Brisbane
321315,Brisbane
321316,Melbourne
321317,Perth
321318,Brisbane
321319,Brisbane
321320,Brisbane
321321,Brisbane
321322,Brisbane
321323,Melbourne
321324,Brisbane
321325,Brisbane
321326,Brisbane
321327,Sydney
321328,Brisbane
321329,Brisbane
321330,Brisbane
321331,Brisbane
321332,Brisbane
321333,Brisbane
321334,Brisbane
321335,Brisbane
321336,Sydney
321337,Brisbane
321338,Brisbane
321339,Brisbane
321340,Brisbane
321341,Brisbane
321342,Brisbane
321343,Brisbane
321344,Brisbane
321345,Melbourne
321346,Brisbane
321347,Brisbane
321348,Brisbane
321349,Brisbane
321350,Brisbane
321351,Brisbane
321352,Sydney
321353,Brisbane
321354,Perth
321355,Brisbane
321356,Brisbane
321357,Brisbane
321358,Brisbane
321359,Brisbane
321360,Brisbane
321361,Brisbane
321362,Brisbane
321363,Sydney
321364,Brisbane
321365,Brisbane
321366,Brisbane
321367,Brisbane
321368,Brisbane
321369,Brisbane
321370,Melbourne
321371,Brisbane
321372,Brisbane
321373,Perth
321374,Brisbane
321375,Brisbane
321376,Brisbane
321377,Brisbane
321378,Brisbane
321379,Brisbane
321380,Brisbane
321381,Brisbane
321382,Brisbane
321383,Brisbane
321384,Brisbane
321385,Brisbane
321386,Brisbane
321387,Perth
321388,Brisbane
321389,Brisbane
321390,Brisbane
321391,Brisbane
321392,Brisbane
321393,Brisbane
321394,Brisbane
321395,Brisbane
321396,Brisbane
321397,Sydney
321398,Brisbane
321399,Brisbane
321400,Brisbane
321401,Brisbane
321402,Brisbane
321403,Brisbane
321404,Brisbane
321405,Brisbane
321406,Brisbane
321407,Brisbane
321408,Brisbane
321409,Brisbane
321410,Brisbane
321411,Brisbane
321412,Brisbane
321413,Brisbane
321414,Brisbane
321415,Brisbane
321416,Brisbane
321417,Brisbane
321418,Brisbane
321419,Sydney
321420,Brisbane
321421,Brisbane
321422,Brisbane
321423,Perth
321424,Brisbane
321425,Brisbane
321426,Brisbane
321427,Brisbane
321428,Brisbane
321429,Sydney
321430,Brisbane
321431,Brisbane
321432,Brisbane
321433,Brisbane
321434,Brisbane
321435,Brisbane
321436,Brisbane
321437,Brisbane
321438,Sydney
321439,Brisbane
321440,Brisbane
321441,Brisbane
321442,Brisbane
321443,Brisbane
321444,Brisbane
321445,Brisbane
321446,Sydney
321447,Brisbane
321448,Brisbane
321449,Brisbane
321450,Brisbane
321451,Brisbane
321452,Brisbane
321453,Brisbane
321454,Brisbane
321455,Brisbane
321456,Brisbane
321457,Brisbane
321458,Brisbane
321459,Brisbane
321460,Brisbane
321461,Brisbane
321462,Brisbane
321463,Brisbane
321464,Brisbane
321465,Brisbane
321466,Brisbane
321467,Brisbane
321468,Brisbane
321469,Sydney
321470,Brisbane
321471,Perth
321472,Brisbane
321473,Brisbane
321474,Brisbane
321475,Brisbane
321476,Brisbane
321477,Brisbane
321478,Brisbane
321479,Brisbane
321480,Brisbane
321481,Brisbane
321482,Brisbane
321483,Brisbane
321484,Brisbane
321485,Perth
321486,Brisbane
321487,Brisbane
321488,Brisbane
321489,Brisbane
321490,Brisbane
321491,Brisbane
321492,Brisbane
321493,Brisbane
321494,Brisbane
321495,Brisbane
321496,Brisbane
321497,Brisbane
321498,Brisbane
321499,Brisbane
321500,Brisbane
321501,Brisbane
321502,Brisbane
321503,Sydney
321504,Brisbane
321505,Brisbane
321506,Brisbane
321507,Brisbane
321508,Brisbane
321509,Brisbane
321510,Brisbane
321511,Brisbane
321512,Sydney
321513,Brisbane
321514,Brisbane
321515,Brisbane
321516,Brisbane
321517,Brisbane
321518,Brisbane
321519,Brisbane
321520,Brisbane
321521,Brisbane
321522,Brisbane
321523,Brisbane
321524,Brisbane
321525,Brisbane
321526,Brisbane
321527,Sydney
321528,Brisbane
321529,Brisbane
321530,Brisbane
321531,Brisbane
321532,Brisbane
321533,Brisbane
321534,Brisbane
321535,Brisbane
321536,Brisbane
321537,Brisbane
321538,Perth
321539,Brisbane
321540,Perth
321541,Sydney
321542,Brisbane
321543,Brisbane
321544,Brisbane
321545,Brisbane
321546,Brisbane
321547,Brisbane
321548,Brisbane
321549,Brisbane
321550,Sydney
321551,Sydney
321552,Melbourne
321553,Brisbane
321554,Brisbane
321555,Brisbane
321556,Brisbane
321557,Sydney
321558,Brisbane
321559,Brisbane
321560,Brisbane
321561,Brisbane
321562,Brisbane
321563,Brisbane
321564,Brisbane
321565,Brisbane
321566,Brisbane
321567,Brisbane
321568,Brisbane
321569,Brisbane
321570,Brisbane
321571,Brisbane
321572,Brisbane
321573,Brisbane
321574,Brisbane
321575,Brisbane
321576,Brisbane
321577,Brisbane
321578,Brisbane
321579,Brisbane
321580,Brisbane
321581,Brisbane
321582,Brisbane
321583,Brisbane
321584,Brisbane
321585,Brisbane
321586,Brisbane
321587,Perth
321588,Brisbane
321589,Brisbane
321590,Sydney
321591,Brisbane
321592,Brisbane
321593,Sydney
321594,Brisbane
321595,Brisbane
321596,Brisbane
321597,Brisbane
321598,Brisbane
321599,Brisbane
321600,Brisbane
321601,Melbourne
321602,Melbourne
321603,Brisbane
321604,Brisbane
321605,Brisbane
321606,Brisbane
321607,Brisbane
321608,Brisbane
321609,Brisbane
321610,Brisbane
321611,Brisbane
321612,Brisbane
321613,Brisbane
321614,Brisbane
321615,Brisbane
321616,Brisbane
321617,Perth
321618,Brisbane
321619,Brisbane
321620,Brisbane
321621,Brisbane
321622,Brisbane
321623,Brisbane
321624,Brisbane
321625,Brisbane
321626,Brisbane
321627,Brisbane
321628,Brisbane
321629,Brisbane
321630,Brisbane
321631,Melbourne
321632,Brisbane
321633,Brisbane
321634,Brisbane
321635,Brisbane
321636,Brisbane
321637,Brisbane
321638,Brisbane
321639,Brisbane
321640,Brisbane
321641,Brisbane
321642,Brisbane
321643,Brisbane
321644,Brisbane
321645,Brisbane
321646,Brisbane
321647,Brisbane
321648,Brisbane
321649,Brisbane
321650,Brisbane
321651,Brisbane
321652,Brisbane
321653,Brisbane
321654,Brisbane
321655,Brisbane
321656,Melbourne
321657,Brisbane
321658,Brisbane
321659,Perth
321660,Brisbane
321661,Brisbane
321662,Brisbane
321663,Brisbane
321664,Brisbane
321665,Brisbane
321666,Brisbane
321667,Brisbane
321668,Brisbane
321669,Brisbane
321670,Perth
321671,Brisbane
321672,Brisbane
321673,Brisbane
321674,Brisbane
321675,Brisbane
321676,Brisbane
321677,Brisbane
321678,Brisbane
321679,Brisbane
321680,Brisbane
321681,Brisbane
321682,Brisbane
321683,Brisbane
321684,Brisbane
321685,Brisbane
321686,Brisbane
321687,Brisbane
321688,Brisbane
321689,Brisbane
321690,Brisbane
321691,Brisbane
321692,Brisbane
321693,Sydney
321694,Brisbane
321695,Brisbane
321696,Brisbane
321697,Brisbane
321698,Brisbane
321699,Brisbane
321700,Brisbane
321701,Brisbane
321702,Brisbane
321703,Sydney
321704,Brisbane
321705,Brisbane
321706,Brisbane
321707,Brisbane
321708,Brisbane
321709,Sydney
321710,Sydney
321711,Melbourne
321712,Brisbane
321713,Brisbane
321714,Sydney
321715,Brisbane
321716,Brisbane
321717,Brisbane
321718,Brisbane
321719,Brisbane
321720,Brisbane
321721,Perth
321722,Brisbane
321723,Brisbane
321724,Brisbane
321725,Brisbane
321726,Brisbane
321727,Brisbane
321728,Brisbane
321729,Brisbane
321730,Brisbane
321731,Brisbane
321732,Sydney
321733,Brisbane
321734,Brisbane
321735,Brisbane
321736,Brisbane
321737,Brisbane
321738,Brisbane
321739,Perth
321740,Perth
321741,Brisbane
321742,Brisbane
321743,Brisbane
321744,Perth
321745,Brisbane
321746,Brisbane
321747,Brisbane
321748,Brisbane
321749,Brisbane
321750,Brisbane
321751,Brisbane
321752,Brisbane
321753,Brisbane
321754,Brisbane
321755,Brisbane
321756,Brisbane
321757,Perth
321758,Brisbane
321759,Brisbane
321760,Brisbane
321761,Brisbane
321762,Brisbane
321763,Brisbane
321764,Brisbane
321765,Perth
321766,Brisbane
321767,Brisbane
321768,Brisbane
321769,Melbourne
321770,Brisbane
321771,Melbourne
321772,Brisbane
321773,Brisbane
321774,Brisbane
321775,Brisbane
321776,Perth
321777,Brisbane
321778,Brisbane
321779,Sydney
321780,Brisbane
321781,Brisbane
321782,Brisbane
321783,Brisbane
321784,Brisbane
321785,Brisbane
321786,Brisbane
321787,Brisbane
321788,Brisbane
321789,Brisbane
321790,Melbourne
321791,Brisbane
321792,Brisbane
321793,Sydney
321794,Brisbane
321795,Perth
321796,Brisbane
321797,Brisbane
321798,Brisbane
321799,Perth
321800,Sydney
321801,Brisbane
321802,Brisbane
321803,Brisbane
321804,Perth
321805,Brisbane
321806,Brisbane
321807,Brisbane
321808,Brisbane
321809,Brisbane
321810,Brisbane
321811,Perth
321812,Brisbane
321813,Brisbane
321814,Brisbane
321815,Brisbane
321816,Brisbane
321817,Brisbane
321818,Brisbane
321819,Brisbane
321820,Brisbane
321821,Brisbane
321822,Sydney
321823,Brisbane
321824,Brisbane
321825,Brisbane
321826,Brisbane
321827,Brisbane
321828,Brisbane
321829,Brisbane
321830,Brisbane
321831,Brisbane
321832,Brisbane
321833,Brisbane
321834,Perth
321835,Brisbane
321836,Brisbane
321837,Brisbane
321838,Brisbane
321839,Brisbane
321840,Brisbane
321841,Brisbane
321842,Brisbane
321843,Brisbane
321844,Brisbane
321845,Brisbane
321846,Melbourne
321847,Brisbane
321848,Brisbane
321849,Brisbane
321850,Sydney
321851,Brisbane
321852,Brisbane
321853,Brisbane
321854,Brisbane
321855,Brisbane
321856,Brisbane
321857,Brisbane
321858,Brisbane
321859,Brisbane
321860,Brisbane
321861,Brisbane
321862,Sydney
321863,Brisbane
321864,Brisbane
321865,Brisbane
321866,Brisbane
321867,Brisbane
321868,Brisbane
321869,Brisbane
321870,Brisbane
321871,Perth
321872,Brisbane
321873,Brisbane
321874,Brisbane
321875,Brisbane
321876,Brisbane
321877,Brisbane
321878,Brisbane
321879,Brisbane
321880,Brisbane
321881,Brisbane
321882,Brisbane
321883,Brisbane
321884,Brisbane
321885,Brisbane
321886,Brisbane
321887,Brisbane
321888,Brisbane
321889,Brisbane
321890,Melbourne
321891,Brisbane
321892,Brisbane
321893,Brisbane
321894,Brisbane
321895,Perth
321896,Brisbane
321897,Brisbane
321898,Brisbane
321899,Brisbane
321900,Brisbane
321901,Brisbane
321902,Brisbane
321903,Brisbane
321904,Brisbane
321905,Sydney
321906,Brisbane
321907,Brisbane
321908,Brisbane
321909,Brisbane
321910,Brisbane
321911,Sydney
321912,Brisbane
321913,Brisbane
321914,Brisbane
321915,Brisbane
321916,Brisbane
321917,Brisbane
321918,Brisbane
321919,Brisbane
321920,Sydney
321921,Brisbane
321922,Brisbane
321923,Brisbane
321924,Brisbane
321925,Brisbane
321926,Brisbane
321927,Brisbane
321928,Brisbane
321929,Brisbane
321930,Brisbane
321931,Brisbane
321932,Brisbane
321933,Brisbane
321934,Brisbane
321935,Brisbane
321936,Brisbane
321937,Brisbane
321938,Brisbane
321939,Brisbane
321940,Brisbane
321941,Brisbane
321942,Brisbane
321943,Brisbane
321944,Sydney
321945,Brisbane
321946,Brisbane
321947,Brisbane
321948,Perth
321949,Sydney
321950,Brisbane
321951,Brisbane
321952,Brisbane
321953,Brisbane
321954,Perth
321955,Perth
321956,Brisbane
321957,Brisbane
321958,Brisbane
321959,Brisbane
321960,Brisbane
321961,Perth
321962,Brisbane
321963,Brisbane
321964,Brisbane
321965,Brisbane
321966,Sydney
321967,Brisbane
321968,Brisbane
321969,Brisbane
321970,Brisbane
321971,Brisbane
321972,Brisbane
321973,Brisbane
321974,Brisbane
321975,Brisbane
321976,Brisbane
321977,Brisbane
321978,Brisbane
321979,Brisbane
321980,Brisbane
321981,Brisbane
321982,Brisbane
321983,Brisbane
321984,Sydney
321985,Brisbane
321986,Brisbane
321987,Brisbane
321988,Brisbane
321989,Brisbane
321990,Brisbane
321991,Brisbane
321992,Brisbane
321993,Brisbane
321994,Brisbane
321995,Brisbane
321996,Brisbane
321997,Brisbane
321998,Brisbane
321999,Brisbane
322000,Brisbane
322001,Melbourne
322002,Brisbane
322003,Brisbane
322004,Brisbane
322005,Brisbane
322006,Brisbane
322007,Brisbane
322008,Melbourne
322009,Brisbane
322010,Brisbane
322011,Perth
322012,Brisbane
322013,Brisbane
322014,Brisbane
322015,Brisbane
322016,Brisbane
322017,Brisbane
322018,Brisbane
322019,Brisbane
322020,Brisbane
322021,Brisbane
322022,Brisbane
322023,Brisbane
322024,Perth
322025,Brisbane
322026,Melbourne
322027,Brisbane
322028,Brisbane
322029,Brisbane
322030,Brisbane
322031,Brisbane
322032,Brisbane
322033,Brisbane
322034,Sydney
322035,Brisbane
322036,Brisbane
322037,Brisbane
322038,Melbourne
322039,Brisbane
322040,Perth
322041,Brisbane
322042,Brisbane
322043,Brisbane
322044,Brisbane
322045,Brisbane
322046,Brisbane
322047,Brisbane
322048,Brisbane
322049,Brisbane
322050,Sydney
322051,Brisbane
322052,Brisbane
322053,Brisbane
322054,Brisbane
322055,Melbourne
322056,Brisbane
322057,Brisbane
322058,Brisbane
322059,Brisbane
322060,Brisbane
322061,Brisbane
322062,Brisbane
322063,Brisbane
322064,Brisbane
322065,Brisbane
322066,Brisbane
322067,Brisbane
322068,Brisbane
322069,Brisbane
322070,Brisbane
322071,Brisbane
322072,Brisbane
322073,Brisbane
322074,Brisbane
322075,Brisbane
322076,Brisbane
322077,Brisbane
322078,Brisbane
322079,Brisbane
322080,Brisbane
322081,Brisbane
322082,Brisbane
322083,Brisbane
322084,Brisbane
322085,Brisbane
322086,Brisbane
322087,Brisbane
322088,Brisbane
322089,Brisbane
322090,Melbourne
322091,Brisbane
322092,Brisbane
322093,Sydney
322094,Brisbane
322095,Brisbane
322096,Brisbane
322097,Brisbane
322098,Brisbane
322099,Brisbane
322100,Brisbane
322101,Brisbane
322102,Brisbane
322103,Brisbane
322104,Brisbane
322105,Brisbane
322106,Brisbane
322107,Brisbane
322108,Brisbane
322109,Brisbane
322110,Brisbane
322111,Brisbane
322112,Brisbane
322113,Brisbane
322114,Brisbane
322115,Brisbane
322116,Brisbane
322117,Brisbane
322118,Brisbane
322119,Brisbane
322120,Brisbane
322121,Brisbane
322122,Brisbane
322123,Brisbane
322124,Brisbane
322125,Brisbane
322126,Brisbane
322127,Brisbane
322128,Brisbane
322129,Brisbane
322130,Brisbane
322131,Brisbane
322132,Brisbane
322133,Brisbane
322134,Brisbane
322135,Brisbane
322136,Brisbane
322137,Brisbane
322138,Brisbane
322139,Brisbane
322140,Brisbane
322141,Brisbane
322142,Brisbane
322143,Brisbane
322144,Brisbane
322145,Brisbane
322146,Brisbane
322147,Brisbane
322148,Brisbane
322149,Sydney
322150,Brisbane
322151,Brisbane
322152,Brisbane
322153,Brisbane
322154,Brisbane
322155,Brisbane
322156,Brisbane
322157,Brisbane
322158,Brisbane
322159,Brisbane
322160,Brisbane
322161,Brisbane
322162,Brisbane
322163,Brisbane
322164,Brisbane
322165,Sydney
322166,Brisbane
322167,Brisbane
322168,Brisbane
322169,Brisbane
322170,Brisbane
322171,Brisbane
322172,Brisbane
322173,Brisbane
322174,Brisbane
322175,Brisbane
322176,Brisbane
322177,Brisbane
322178,Brisbane
322179,Brisbane
322180,Brisbane
322181,Brisbane
322182,Brisbane
322183,Brisbane
322184,Brisbane
322185,Brisbane
322186,Brisbane
322187,Brisbane
322188,Brisbane
322189,Brisbane
322190,Brisbane
322191,Brisbane
322192,Brisbane
322193,Brisbane
322194,Brisbane
322195,Brisbane
322196,Brisbane
322197,Brisbane
322198,Brisbane
322199,Brisbane
322200,Brisbane
322201,Perth
322202,Brisbane
322203,Brisbane
322204,Brisbane
322205,Brisbane
322206,Brisbane
322207,Brisbane
322208,Brisbane
322209,Sydney
322210,Brisbane
322211,Melbourne
322212,Brisbane
322213,Brisbane
322214,Brisbane
322215,Brisbane
322216,Brisbane
322217,Brisbane
322218,Sydney
322219,Brisbane
322220,Brisbane
322221,Brisbane
322222,Brisbane
322223,Brisbane
322224,Brisbane
322225,Brisbane
322226,Brisbane
322227,Brisbane
322228,Brisbane
322229,Brisbane
322230,Brisbane
322231,Brisbane
322232,Brisbane
322233,Brisbane
322234,Brisbane
322235,Brisbane
322236,Brisbane
322237,Brisbane
322238,Brisbane
322239,Brisbane
322240,Brisbane
322241,Brisbane
322242,Brisbane
322243,Brisbane
322244,Brisbane
322245,Brisbane
322246,Brisbane
322247,Brisbane
322248,Brisbane
322249,Brisbane
322250,Sydney
322251,Brisbane
322252,Brisbane
322253,Brisbane
322254,Brisbane
322255,Brisbane
322256,Brisbane
322257,Brisbane
322258,Brisbane
322259,Brisbane
322260,Brisbane
322261,Brisbane
322262,Brisbane
322263,Brisbane
322264,Brisbane
322265,Brisbane
322266,Brisbane
322267,Brisbane
322268,Brisbane
322269,Brisbane
322270,Brisbane
322271,Brisbane
322272,Brisbane
322273,Perth
322274,Brisbane
322275,Brisbane
322276,Brisbane
322277,Brisbane
322278,Brisbane
322279,Brisbane
322280,Brisbane
322281,Brisbane
322282,Brisbane
322283,Brisbane
322284,Sydney
322285,Brisbane
322286,Brisbane
322287,Brisbane
322288,Brisbane
322289,Brisbane
322290,Brisbane
322291,Brisbane
322292,Brisbane
322293,Brisbane
322294,Brisbane
322295,Brisbane
322296,Brisbane
322297,Brisbane
322298,Brisbane
322299,Brisbane
322300,Brisbane
322301,Brisbane
322302,Brisbane
322303,Brisbane
322304,Brisbane
322305,Brisbane
322306,Brisbane
322307,Brisbane
322308,Melbourne
322309,Brisbane
322310,Brisbane
322311,Brisbane
322312,Brisbane
322313,Brisbane
322314,Brisbane
322315,Brisbane
322316,Brisbane
322317,Brisbane
322318,Brisbane
322319,Brisbane
322320,Brisbane
322321,Brisbane
322322,Sydney
322323,Brisbane
322324,Brisbane
322325,Melbourne
322326,Brisbane
322327,Brisbane
322328,Brisbane
322329,Brisbane
322330,Brisbane
322331,Brisbane
322332,Brisbane
322333,Brisbane
322334,Melbourne
322335,Brisbane
322336,Brisbane
322337,Brisbane
322338,Brisbane
322339,Brisbane
322340,Melbourne
322341,Brisbane
322342,Brisbane
322343,Brisbane
322344,Brisbane
322345,Brisbane
322346,Brisbane
322347,Sydney
322348,Brisbane
322349,Melbourne
322350,Brisbane
322351,Brisbane
322352,Brisbane
322353,Brisbane
322354,Brisbane
322355,Brisbane
322356,Brisbane
322357,Brisbane
322358,Brisbane
322359,Brisbane
322360,Brisbane
322361,Brisbane
322362,Brisbane
322363,Brisbane
322364,Brisbane
322365,Brisbane
322366,Brisbane
322367,Brisbane
322368,Brisbane
322369,Sydney
322370,Brisbane
322371,Brisbane
322372,Brisbane
322373,Brisbane
322374,Sydney
322375,Brisbane
322376,Brisbane
322377,Brisbane
322378,Brisbane
322379,Melbourne
322380,Brisbane
322381,Brisbane
322382,Brisbane
322383,Brisbane
322384,Brisbane
322385,Brisbane
322386,Brisbane
322387,Brisbane
322388,Brisbane
322389,Brisbane
322390,Brisbane
322391,Brisbane
322392,Sydney
322393,Brisbane
322394,Brisbane
322395,Brisbane
322396,Brisbane
322397,Brisbane
322398,Brisbane
322399,Brisbane
322400,Brisbane
322401,Brisbane
322402,Brisbane
322403,Brisbane
322404,Brisbane
322405,Brisbane
322406,Brisbane
322407,Brisbane
322408,Brisbane
322409,Brisbane
322410,Brisbane
322411,Brisbane
322412,Brisbane
322413,Brisbane
322414,Melbourne
322415,Brisbane
322416,Perth
322417,Perth
322418,Sydney
322419,Brisbane
322420,Brisbane
322421,Brisbane
322422,Brisbane
322423,Brisbane
322424,Brisbane
322425,Sydney
322426,Brisbane
322427,Brisbane
322428,Brisbane
322429,Brisbane
322430,Brisbane
322431,Brisbane
322432,Brisbane
322433,Brisbane
322434,Brisbane
322435,Brisbane
322436,Brisbane
322437,Brisbane
322438,Brisbane
322439,Brisbane
322440,Brisbane
322441,Brisbane
322442,Brisbane
322443,Perth
322444,Brisbane
322445,Brisbane
322446,Perth
322447,Brisbane
322448,Brisbane
322449,Brisbane
322450,Sydney
322451,Brisbane
322452,Brisbane
322453,Brisbane
322454,Brisbane
322455,Brisbane
322456,Brisbane
322457,Brisbane
322458,Brisbane
322459,Brisbane
322460,Brisbane
322461,Brisbane
322462,Brisbane
322463,Brisbane
322464,Sydney
322465,Brisbane
322466,Brisbane
322467,Brisbane
322468,Brisbane
322469,Brisbane
322470,Perth
322471,Brisbane
322472,Brisbane
322473,Brisbane
322474,Brisbane
322475,Brisbane
322476,Sydney
322477,Brisbane
322478,Brisbane
322479,Brisbane
322480,Sydney
322481,Brisbane
322482,Brisbane
322483,Brisbane
322484,Brisbane
322485,Brisbane
322486,Brisbane
322487,Brisbane
322488,Brisbane
322489,Brisbane
322490,Brisbane
322491,Brisbane
322492,Brisbane
322493,Brisbane
322494,Brisbane
322495,Brisbane
322496,Brisbane
322497,Brisbane
322498,Brisbane
322499,Brisbane
322500,Brisbane
322501,Brisbane
322502,Brisbane
322503,Brisbane
322504,Brisbane
322505,Brisbane
322506,Brisbane
322507,Brisbane
322508,Brisbane
322509,Brisbane
322510,Sydney
322511,Brisbane
322512,Brisbane
322513,Brisbane
322514,Brisbane
322515,Brisbane
322516,Brisbane
322517,Brisbane
322518,Brisbane
322519,Brisbane
322520,Brisbane
322521,Brisbane
322522,Brisbane
322523,Brisbane
322524,Sydney
322525,Brisbane
322526,Perth
322527,Brisbane
322528,Brisbane
322529,Brisbane
322530,Brisbane
322531,Brisbane
322532,Brisbane
322533,Brisbane
322534,Perth
322535,Melbourne
322536,Brisbane
322537,Brisbane
322538,Sydney
322539,Brisbane
322540,Brisbane
322541,Brisbane
322542,Brisbane
322543,Brisbane
322544,Brisbane
322545,Brisbane
322546,Brisbane
322547,Brisbane
322548,Perth
322549,Brisbane
322550,Brisbane
322551,Brisbane
322552,Brisbane
322553,Brisbane
322554,Brisbane
322555,Brisbane
322556,Brisbane
322557,Brisbane
322558,Brisbane
322559,Brisbane
322560,Brisbane
322561,Brisbane
322562,Brisbane
322563,Brisbane
322564,Brisbane
322565,Brisbane
322566,Brisbane
322567,Brisbane
322568,Sydney
322569,Brisbane
322570,Brisbane
322571,Brisbane
322572,Brisbane
322573,Brisbane
322574,Brisbane
322575,Brisbane
322576,Brisbane
322577,Brisbane
322578,Brisbane
322579,Brisbane
322580,Sydney
322581,Brisbane
322582,Brisbane
322583,Brisbane
322584,Brisbane
322585,Brisbane
322586,Brisbane
322587,Sydney
322588,Brisbane
322589,Brisbane
322590,Brisbane
322591,Brisbane
322592,Perth
322593,Perth
322594,Perth
322595,Brisbane
322596,Brisbane
322597,Brisbane
322598,Brisbane
322599,Brisbane
322600,Brisbane
322601,Brisbane
322602,Brisbane
322603,Brisbane
322604,Brisbane
322605,Brisbane
322606,Brisbane
322607,Brisbane
322608,Brisbane
322609,Brisbane
322610,Brisbane
322611,Brisbane
322612,Brisbane
322613,Brisbane
322614,Brisbane
322615,Brisbane
322616,Brisbane
322617,Brisbane
322618,Brisbane
322619,Brisbane
322620,Brisbane
322621,Brisbane
322622,Sydney
322623,Brisbane
322624,Brisbane
322625,Brisbane
322626,Brisbane
322627,Perth
322628,Brisbane
322629,Brisbane
322630,Brisbane
322631,Brisbane
322632,Brisbane
322633,Brisbane
322634,Brisbane
322635,Brisbane
322636,Brisbane
322637,Brisbane
322638,Brisbane
322639,Brisbane
322640,Brisbane
322641,Sydney
322642,Brisbane
322643,Brisbane
322644,Brisbane
322645,Sydney
322646,Brisbane
322647,Brisbane
322648,Brisbane
322649,Brisbane
322650,Brisbane
322651,Brisbane
322652,Brisbane
322653,Brisbane
322654,Brisbane
322655,Brisbane
322656,Brisbane
322657,Brisbane
322658,Brisbane
322659,Brisbane
322660,Brisbane
322661,Brisbane
322662,Brisbane
322663,Brisbane
322664,Brisbane
322665,Brisbane
322666,Brisbane
322667,Brisbane
322668,Sydney
322669,Perth
322670,Brisbane
322671,Brisbane
322672,Brisbane
322673,Brisbane
322674,Brisbane
322675,Brisbane
322676,Brisbane
322677,Brisbane
322678,Brisbane
322679,Brisbane
322680,Brisbane
322681,Brisbane
322682,Brisbane
322683,Brisbane
322684,Brisbane
322685,Brisbane
322686,Brisbane
322687,Brisbane
322688,Brisbane
322689,Brisbane
322690,Brisbane
322691,Brisbane
322692,Brisbane
322693,Brisbane
322694,Brisbane
322695,Brisbane
322696,Brisbane
322697,Brisbane
322698,Brisbane
322699,Brisbane
322700,Sydney
322701,Brisbane
322702,Brisbane
322703,Brisbane
322704,Brisbane
322705,Brisbane
322706,Brisbane
322707,Brisbane
322708,Sydney
322709,Brisbane
322710,Brisbane
322711,Brisbane
322712,Brisbane
322713,Brisbane
322714,Brisbane
322715,Sydney
322716,Brisbane
322717,Brisbane
322718,Brisbane
322719,Brisbane
322720,Brisbane
322721,Brisbane
322722,Brisbane
322723,Brisbane
322724,Brisbane
322725,Brisbane
322726,Brisbane
322727,Brisbane
322728,Brisbane
322729,Brisbane
322730,Perth
322731,Brisbane
322732,Brisbane
322733,Melbourne
322734,Brisbane
322735,Brisbane
322736,Sydney
322737,Sydney
322738,Brisbane
322739,Brisbane
322740,Brisbane
322741,Perth
322742,Brisbane
322743,Perth
322744,Brisbane
322745,Brisbane
322746,Brisbane
322747,Brisbane
322748,Brisbane
322749,Brisbane
322750,Brisbane
322751,Brisbane
322752,Brisbane
322753,Brisbane
322754,Brisbane
322755,Brisbane
322756,Perth
322757,Brisbane
322758,Brisbane
322759,Brisbane
322760,Brisbane
322761,Brisbane
322762,Melbourne
322763,Brisbane
322764,Brisbane
322765,Brisbane
322766,Brisbane
322767,Brisbane
322768,Brisbane
322769,Brisbane
322770,Brisbane
322771,Brisbane
322772,Brisbane
322773,Brisbane
322774,Brisbane
322775,Brisbane
322776,Brisbane
322777,Perth
322778,Brisbane
322779,Brisbane
322780,Brisbane
322781,Brisbane
322782,Brisbane
322783,Brisbane
322784,Brisbane
322785,Brisbane
322786,Brisbane
322787,Perth
322788,Brisbane
322789,Brisbane
322790,Brisbane
322791,Brisbane
322792,Brisbane
322793,Brisbane
322794,Brisbane
322795,Brisbane
322796,Brisbane
322797,Brisbane
322798,Brisbane
322799,Brisbane
322800,Brisbane
322801,Brisbane
322802,Brisbane
322803,Brisbane
322804,Brisbane
322805,Brisbane
322806,Brisbane
322807,Perth
322808,Sydney
322809,Brisbane
322810,Brisbane
322811,Brisbane
322812,Brisbane
322813,Brisbane
322814,Brisbane
322815,Brisbane
322816,Brisbane
322817,Brisbane
322818,Brisbane
322819,Sydney
322820,Brisbane
322821,Brisbane
322822,Brisbane
322823,Brisbane
322824,Brisbane
322825,Brisbane
322826,Brisbane
322827,Brisbane
322828,Brisbane
322829,Brisbane
322830,Sydney
322831,Brisbane
322832,Brisbane
322833,Perth
322834,Brisbane
322835,Brisbane
322836,Brisbane
322837,Brisbane
322838,Brisbane
322839,Brisbane
322840,Brisbane
322841,Brisbane
322842,Brisbane
322843,Brisbane
322844,Brisbane
322845,Brisbane
322846,Brisbane
322847,Brisbane
322848,Brisbane
322849,Brisbane
322850,Brisbane
322851,Brisbane
322852,Brisbane
322853,Brisbane
322854,Brisbane
322855,Brisbane
322856,Brisbane
322857,Brisbane
322858,Brisbane
322859,Brisbane
322860,Brisbane
322861,Brisbane
322862,Brisbane
322863,Brisbane
322864,Brisbane
322865,Brisbane
322866,Melbourne
322867,Brisbane
322868,Brisbane
322869,Sydney
322870,Brisbane
322871,Sydney
322872,Brisbane
322873,Brisbane
322874,Brisbane
322875,Brisbane
322876,Brisbane
322877,Brisbane
322878,Brisbane
322879,Brisbane
322880,Brisbane
322881,Brisbane
322882,Brisbane
322883,Brisbane
322884,Brisbane
322885,Brisbane
322886,Brisbane
322887,Brisbane
322888,Brisbane
322889,Brisbane
322890,Brisbane
322891,Brisbane
322892,Sydney
322893,Brisbane
322894,Brisbane
322895,Brisbane
322896,Brisbane
322897,Brisbane
322898,Brisbane
322899,Brisbane
322900,Brisbane
322901,Brisbane
322902,Brisbane
322903,Sydney
322904,Brisbane
322905,Brisbane
322906,Brisbane
322907,Brisbane
322908,Brisbane
322909,Sydney
322910,Brisbane
322911,Brisbane
322912,Brisbane
322913,Brisbane
322914,Brisbane
322915,Brisbane
322916,Brisbane
322917,Brisbane
322918,Brisbane
322919,Brisbane
322920,Brisbane
322921,Brisbane
322922,Perth
322923,Brisbane
322924,Brisbane
322925,Brisbane
322926,Brisbane
322927,Brisbane
322928,Brisbane
322929,Brisbane
322930,Perth
322931,Brisbane
322932,Brisbane
322933,Brisbane
322934,Brisbane
322935,Brisbane
322936,Perth
322937,Brisbane
322938,Brisbane
322939,Brisbane
322940,Brisbane
322941,Brisbane
322942,Brisbane
322943,Brisbane
322944,Sydney
322945,Brisbane
322946,Brisbane
322947,Brisbane
322948,Brisbane
322949,Brisbane
322950,Brisbane
322951,Sydney
322952,Brisbane
322953,Perth
322954,Brisbane
322955,Brisbane
322956,Brisbane
322957,Brisbane
322958,Brisbane
322959,Brisbane
322960,Brisbane
322961,Brisbane
322962,Brisbane
322963,Brisbane
322964,Brisbane
322965,Melbourne
322966,Brisbane
322967,Brisbane
322968,Brisbane
322969,Brisbane
322970,Brisbane
322971,Brisbane
322972,Brisbane
322973,Brisbane
322974,Brisbane
322975,Brisbane
322976,Brisbane
322977,Brisbane
322978,Sydney
322979,Brisbane
322980,Brisbane
322981,Brisbane
322982,Brisbane
322983,Brisbane
322984,Brisbane
322985,Brisbane
322986,Brisbane
322987,Brisbane
322988,Brisbane
322989,Brisbane
322990,Brisbane
322991,Brisbane
322992,Brisbane
322993,Brisbane
322994,Brisbane
322995,Brisbane
322996,Brisbane
322997,Brisbane
322998,Melbourne
322999,Brisbane
323000,Brisbane
323001,Brisbane
323002,Brisbane
323003,Brisbane
323004,Brisbane
323005,Brisbane
323006,Brisbane
323007,Brisbane
323008,Brisbane
323009,Brisbane
323010,Brisbane
323011,Brisbane
323012,Brisbane
323013,Brisbane
323014,Brisbane
323015,Brisbane
323016,Brisbane
323017,Brisbane
323018,Sydney
323019,Brisbane
323020,Brisbane
323021,Brisbane
323022,Brisbane
323023,Brisbane
323024,Brisbane
323025,Brisbane
323026,Brisbane
323027,Brisbane
323028,Brisbane
323029,Brisbane
323030,Brisbane
323031,Brisbane
323032,Brisbane
323033,Brisbane
323034,Brisbane
323035,Brisbane
323036,Brisbane
323037,Brisbane
323038,Brisbane
323039,Brisbane
323040,Brisbane
323041,Brisbane
323042,Brisbane
323043,Brisbane
323044,Brisbane
323045,Brisbane
323046,Brisbane
323047,Sydney
323048,Sydney
323049,Brisbane
323050,Brisbane
323051,Brisbane
323052,Brisbane
323053,Brisbane
323054,Brisbane
323055,Brisbane
323056,Brisbane
323057,Brisbane
323058,Brisbane
323059,Brisbane
323060,Brisbane
323061,Brisbane
323062,Brisbane
323063,Brisbane
323064,Brisbane
323065,Brisbane
323066,Brisbane
323067,Melbourne
323068,Brisbane
323069,Brisbane
323070,Brisbane
323071,Brisbane
323072,Brisbane
323073,Brisbane
323074,Brisbane
323075,Brisbane
323076,Brisbane
323077,Brisbane
323078,Brisbane
323079,Brisbane
323080,Brisbane
323081,Brisbane
323082,Brisbane
323083,Brisbane
323084,Brisbane
323085,Brisbane
323086,Brisbane
323087,Brisbane
323088,Brisbane
323089,Perth
323090,Brisbane
323091,Brisbane
323092,Brisbane
323093,Brisbane
323094,Brisbane
323095,Brisbane
323096,Brisbane
323097,Brisbane
323098,Brisbane
323099,Brisbane
323100,Brisbane
323101,Brisbane
323102,Brisbane
323103,Brisbane
323104,Brisbane
323105,Brisbane
323106,Brisbane
323107,Brisbane
323108,Brisbane
323109,Melbourne
323110,Brisbane
323111,Brisbane
323112,Brisbane
323113,Brisbane
323114,Brisbane
323115,Brisbane
323116,Brisbane
323117,Perth
323118,Brisbane
323119,Brisbane
323120,Brisbane
323121,Brisbane
323122,Brisbane
323123,Perth
323124,Brisbane
323125,Sydney
323126,Brisbane
323127,Brisbane
323128,Perth
323129,Brisbane
323130,Brisbane
323131,Perth
323132,Brisbane
323133,Brisbane
323134,Brisbane
323135,Brisbane
323136,Brisbane
323137,Sydney
323138,Brisbane
323139,Brisbane
323140,Brisbane
323141,Brisbane
323142,Sydney
323143,Brisbane
323144,Brisbane
323145,Brisbane
323146,Brisbane
323147,Brisbane
323148,Brisbane
323149,Brisbane
323150,Brisbane
323151,Brisbane
323152,Perth
323153,Brisbane
323154,Brisbane
323155,Brisbane
323156,Brisbane
323157,Brisbane
323158,Brisbane
323159,Brisbane
323160,Brisbane
323161,Brisbane
323162,Brisbane
323163,Brisbane
323164,Brisbane
323165,Brisbane
323166,Brisbane
323167,Sydney
323168,Brisbane
323169,Brisbane
323170,Brisbane
323171,Brisbane
323172,Brisbane
323173,Melbourne
323174,Brisbane
323175,Brisbane
323176,Brisbane
323177,Brisbane
323178,Brisbane
323179,Brisbane
323180,Brisbane
323181,Brisbane
323182,Brisbane
323183,Brisbane
323184,Brisbane
323185,Brisbane
323186,Brisbane
323187,Brisbane
323188,Brisbane
323189,Brisbane
323190,Brisbane
323191,Melbourne
323192,Brisbane
323193,Brisbane
323194,Brisbane
323195,Sydney
323196,Brisbane
323197,Brisbane
323198,Brisbane
323199,Brisbane
323200,Brisbane
323201,Brisbane
323202,Brisbane
323203,Brisbane
323204,Brisbane
323205,Brisbane
323206,Brisbane
323207,Brisbane
323208,Brisbane
323209,Brisbane
323210,Sydney
323211,Brisbane
323212,Brisbane
323213,Brisbane
323214,Brisbane
323215,Brisbane
323216,Perth
323217,Brisbane
323218,Brisbane
323219,Brisbane
323220,Brisbane
323221,Brisbane
323222,Brisbane
323223,Sydney
323224,Sydney
323225,Melbourne
323226,Brisbane
323227,Brisbane
323228,Brisbane
323229,Brisbane
323230,Brisbane
323231,Brisbane
323232,Brisbane
323233,Brisbane
323234,Brisbane
323235,Brisbane
323236,Brisbane
323237,Brisbane
323238,Brisbane
323239,Brisbane
323240,Brisbane
323241,Brisbane
323242,Brisbane
323243,Brisbane
323244,Brisbane
323245,Brisbane
323246,Brisbane
323247,Sydney
323248,Brisbane
323249,Brisbane
323250,Brisbane
323251,Melbourne
323252,Brisbane
323253,Brisbane
323254,Brisbane
323255,Brisbane
323256,Sydney
323257,Sydney
323258,Brisbane
323259,Perth
323260,Brisbane
323261,Brisbane
323262,Perth
323263,Melbourne
323264,Brisbane
323265,Brisbane
323266,Brisbane
323267,Brisbane
323268,Brisbane
323269,Brisbane
323270,Brisbane
323271,Brisbane
323272,Sydney
323273,Brisbane
323274,Brisbane
323275,Brisbane
323276,Brisbane
323277,Sydney
323278,Brisbane
323279,Brisbane
323280,Brisbane
323281,Brisbane
323282,Brisbane
323283,Brisbane
323284,Brisbane
323285,Brisbane
323286,Brisbane
323287,Brisbane
323288,Brisbane
323289,Brisbane
323290,Brisbane
323291,Perth
323292,Brisbane
323293,Brisbane
323294,Brisbane
323295,Brisbane
323296,Brisbane
323297,Brisbane
323298,Brisbane
323299,Brisbane
323300,Brisbane
323301,Sydney
323302,Brisbane
323303,Brisbane
323304,Brisbane
323305,Brisbane
323306,Brisbane
323307,Brisbane
323308,Brisbane
323309,Brisbane
323310,Sydney
323311,Brisbane
323312,Perth
323313,Brisbane
323314,Brisbane
323315,Brisbane
323316,Brisbane
323317,Brisbane
323318,Brisbane
323319,Brisbane
323320,Brisbane
323321,Sydney
323322,Brisbane
323323,Brisbane
323324,Brisbane
323325,Brisbane
323326,Brisbane
323327,Brisbane
323328,Brisbane
323329,Brisbane
323330,Brisbane
323331,Brisbane
323332,Brisbane
323333,Brisbane
323334,Brisbane
323335,Brisbane
323336,Brisbane
323337,Sydney
323338,Brisbane
323339,Sydney
323340,Brisbane
323341,Brisbane
323342,Perth
323343,Brisbane
323344,Brisbane
323345,Sydney
323346,Brisbane
323347,Brisbane
323348,Brisbane
323349,Brisbane
323350,Brisbane
323351,Brisbane
323352,Brisbane
323353,Brisbane
323354,Brisbane
323355,Brisbane
323356,Brisbane
323357,Brisbane
323358,Brisbane
323359,Brisbane
323360,Brisbane
323361,Brisbane
323362,Brisbane
323363,Brisbane
323364,Brisbane
323365,Brisbane
323366,Brisbane
323367,Brisbane
323368,Brisbane
323369,Brisbane
323370,Brisbane
323371,Brisbane
323372,Brisbane
323373,Brisbane
323374,Brisbane
323375,Brisbane
323376,Brisbane
323377,Brisbane
323378,Brisbane
323379,Brisbane
323380,Brisbane
323381,Brisbane
323382,Brisbane
323383,Brisbane
323384,Brisbane
323385,Brisbane
323386,Brisbane
323387,Brisbane
323388,Brisbane
323389,Perth
323390,Brisbane
323391,Brisbane
323392,Brisbane
323393,Brisbane
323394,Sydney
323395,Brisbane
323396,Brisbane
323397,Brisbane
323398,Brisbane
323399,Brisbane
323400,Brisbane
323401,Brisbane
323402,Perth
323403,Brisbane
323404,Brisbane
323405,Brisbane
323406,Brisbane
323407,Brisbane
323408,Brisbane
323409,Brisbane
323410,Brisbane
323411,Brisbane
323412,Brisbane
323413,Brisbane
323414,Brisbane
323415,Brisbane
323416,Brisbane
323417,Brisbane
323418,Brisbane
323419,Brisbane
323420,Brisbane
323421,Brisbane
323422,Brisbane
323423,Brisbane
323424,Melbourne
323425,Brisbane
323426,Brisbane
323427,Brisbane
323428,Sydney
323429,Brisbane
323430,Brisbane
323431,Brisbane
323432,Brisbane
323433,Brisbane
323434,Brisbane
323435,Brisbane
323436,Brisbane
323437,Brisbane
323438,Brisbane
323439,Perth
323440,Melbourne
323441,Sydney
323442,Brisbane
323443,Brisbane
323444,Brisbane
323445,Brisbane
323446,Brisbane
323447,Brisbane
323448,Brisbane
323449,Brisbane
323450,Brisbane
323451,Brisbane
323452,Melbourne
323453,Brisbane
323454,Brisbane
323455,Brisbane
323456,Sydney
323457,Brisbane
323458,Brisbane
323459,Brisbane
323460,Brisbane
323461,Brisbane
323462,Sydney
323463,Brisbane
323464,Perth
323465,Brisbane
323466,Brisbane
323467,Perth
323468,Perth
323469,Sydney
323470,Perth
323471,Brisbane
323472,Brisbane
323473,Brisbane
323474,Brisbane
323475,Brisbane
323476,Brisbane
323477,Brisbane
323478,Brisbane
323479,Brisbane
323480,Brisbane
323481,Brisbane
323482,Sydney
323483,Brisbane
323484,Brisbane
323485,Brisbane
323486,Brisbane
323487,Brisbane
323488,Brisbane
323489,Brisbane
323490,Brisbane
323491,Brisbane
323492,Brisbane
323493,Brisbane
323494,Brisbane
323495,Brisbane
323496,Sydney
323497,Brisbane
323498,Brisbane
323499,Brisbane
323500,Brisbane
323501,Brisbane
323502,Brisbane
323503,Brisbane
323504,Brisbane
323505,Brisbane
323506,Brisbane
323507,Brisbane
323508,Brisbane
323509,Brisbane
323510,Brisbane
323511,Sydney
323512,Brisbane
323513,Brisbane
323514,Brisbane
323515,Brisbane
323516,Brisbane
323517,Brisbane
323518,Brisbane
323519,Brisbane
323520,Brisbane
323521,Perth
323522,Brisbane
323523,Brisbane
323524,Brisbane
323525,Brisbane
323526,Brisbane
323527,Brisbane
323528,Brisbane
323529,Brisbane
323530,Brisbane
323531,Perth
323532,Brisbane
323533,Brisbane
323534,Brisbane
323535,Brisbane
323536,Brisbane
323537,Brisbane
323538,Brisbane
323539,Brisbane
323540,Brisbane
323541,Brisbane
323542,Brisbane
323543,Brisbane
323544,Brisbane
323545,Melbourne
323546,Brisbane
323547,Brisbane
323548,Brisbane
323549,Brisbane
323550,Brisbane
323551,Brisbane
323552,Brisbane
323553,Brisbane
323554,Brisbane
323555,Brisbane
323556,Brisbane
323557,Brisbane
323558,Brisbane
323559,Brisbane
323560,Brisbane
323561,Brisbane
323562,Brisbane
323563,Brisbane
323564,Brisbane
323565,Brisbane
323566,Brisbane
323567,Brisbane
323568,Brisbane
323569,Brisbane
323570,Perth
323571,Brisbane
323572,Brisbane
323573,Brisbane
323574,Brisbane
323575,Brisbane
323576,Brisbane
323577,Brisbane
323578,Brisbane
323579,Brisbane
323580,Brisbane
323581,Brisbane
323582,Brisbane
323583,Brisbane
323584,Brisbane
323585,Brisbane
323586,Brisbane
323587,Brisbane
323588,Sydney
323589,Brisbane
323590,Sydney
323591,Brisbane
323592,Brisbane
323593,Brisbane
323594,Brisbane
323595,Brisbane
323596,Brisbane
323597,Brisbane
323598,Sydney
323599,Brisbane
323600,Brisbane
323601,Brisbane
323602,Brisbane
323603,Brisbane
323604,Brisbane
323605,Brisbane
323606,Brisbane
323607,Brisbane
323608,Brisbane
323609,Perth
323610,Brisbane
323611,Brisbane
323612,Brisbane
323613,Brisbane
323614,Brisbane
323615,Brisbane
323616,Brisbane
323617,Brisbane
323618,Melbourne
323619,Brisbane
323620,Brisbane
323621,Brisbane
323622,Brisbane
323623,Sydney
323624,Brisbane
323625,Brisbane
323626,Brisbane
323627,Brisbane
323628,Brisbane
323629,Brisbane
323630,Brisbane
323631,Brisbane
323632,Brisbane
323633,Brisbane
323634,Brisbane
323635,Brisbane
323636,Brisbane
323637,Brisbane
323638,Brisbane
323639,Brisbane
323640,Brisbane
323641,Brisbane
323642,Brisbane
323643,Brisbane
323644,Brisbane
323645,Brisbane
323646,Brisbane
323647,Brisbane
323648,Sydney
323649,Brisbane
323650,Brisbane
323651,Brisbane
323652,Brisbane
323653,Brisbane
323654,Brisbane
323655,Brisbane
323656,Brisbane
323657,Brisbane
323658,Brisbane
323659,Brisbane
323660,Brisbane
323661,Brisbane
323662,Brisbane
323663,Brisbane
323664,Brisbane
323665,Brisbane
323666,Brisbane
323667,Brisbane
323668,Brisbane
323669,Brisbane
323670,Brisbane
323671,Brisbane
323672,Brisbane
323673,Brisbane
323674,Perth
323675,Brisbane
323676,Brisbane
323677,Brisbane
323678,Brisbane
323679,Brisbane
323680,Brisbane
323681,Brisbane
323682,Brisbane
323683,Brisbane
323684,Brisbane
323685,Brisbane
323686,Brisbane
323687,Brisbane
323688,Brisbane
323689,Brisbane
323690,Brisbane
323691,Brisbane
323692,Brisbane
323693,Melbourne
323694,Brisbane
323695,Brisbane
323696,Brisbane
323697,Sydney
323698,Brisbane
323699,Brisbane
323700,Brisbane
323701,Brisbane
323702,Brisbane
323703,Brisbane
323704,Brisbane
323705,Brisbane
323706,Brisbane
323707,Melbourne
323708,Brisbane
323709,Brisbane
323710,Brisbane
323711,Brisbane
323712,Sydney
323713,Brisbane
323714,Brisbane
323715,Brisbane
323716,Brisbane
323717,Brisbane
323718,Brisbane
323719,Perth
323720,Brisbane
323721,Brisbane
323722,Brisbane
323723,Brisbane
323724,Brisbane
323725,Brisbane
323726,Brisbane
323727,Brisbane
323728,Brisbane
323729,Brisbane
323730,Brisbane
323731,Melbourne
323732,Brisbane
323733,Brisbane
323734,Brisbane
323735,Brisbane
323736,Brisbane
323737,Brisbane
323738,Brisbane
323739,Brisbane
323740,Brisbane
323741,Brisbane
323742,Brisbane
323743,Brisbane
323744,Brisbane
323745,Brisbane
323746,Sydney
323747,Brisbane
323748,Brisbane
323749,Brisbane
323750,Brisbane
323751,Brisbane
323752,Brisbane
323753,Brisbane
323754,Brisbane
323755,Sydney
323756,Brisbane
323757,Brisbane
323758,Brisbane
323759,Brisbane
323760,Brisbane
323761,Brisbane
323762,Brisbane
323763,Brisbane
323764,Brisbane
323765,Sydney
323766,Brisbane
323767,Brisbane
323768,Brisbane
323769,Brisbane
323770,Brisbane
323771,Brisbane
323772,Brisbane
323773,Sydney
323774,Brisbane
323775,Brisbane
323776,Brisbane
323777,Brisbane
323778,Brisbane
323779,Brisbane
323780,Brisbane
323781,Brisbane
323782,Brisbane
323783,Brisbane
323784,Sydney
323785,Brisbane
323786,Brisbane
323787,Brisbane
323788,Brisbane
323789,Brisbane
323790,Brisbane
323791,Melbourne
323792,Brisbane
323793,Brisbane
323794,Brisbane
323795,Brisbane
323796,Brisbane
323797,Brisbane
323798,Brisbane
323799,Perth
323800,Brisbane
323801,Brisbane
323802,Brisbane
323803,Brisbane
323804,Perth
323805,Brisbane
323806,Brisbane
323807,Brisbane
323808,Brisbane
323809,Brisbane
323810,Brisbane
323811,Brisbane
323812,Brisbane
323813,Brisbane
323814,Brisbane
323815,Perth
323816,Brisbane
323817,Brisbane
323818,Brisbane
323819,Brisbane
323820,Brisbane
323821,Brisbane
323822,Brisbane
323823,Brisbane
323824,Perth
323825,Brisbane
323826,Sydney
323827,Brisbane
323828,Brisbane
323829,Brisbane
323830,Brisbane
323831,Brisbane
323832,Perth
323833,Brisbane
323834,Brisbane
323835,Brisbane
323836,Brisbane
323837,Melbourne
323838,Brisbane
323839,Brisbane
323840,Brisbane
323841,Brisbane
323842,Brisbane
323843,Sydney
323844,Brisbane
323845,Brisbane
323846,Brisbane
323847,Brisbane
323848,Brisbane
323849,Brisbane
323850,Brisbane
323851,Brisbane
323852,Brisbane
323853,Brisbane
323854,Sydney
323855,Sydney
323856,Sydney
323857,Brisbane
323858,Brisbane
323859,Sydney
323860,Perth
323861,Brisbane
323862,Brisbane
323863,Brisbane
323864,Brisbane
323865,Brisbane
323866,Brisbane
323867,Brisbane
323868,Brisbane
323869,Brisbane
323870,Brisbane
323871,Brisbane
323872,Brisbane
323873,Brisbane
323874,Brisbane
323875,Brisbane
323876,Brisbane
323877,Brisbane
323878,Brisbane
323879,Brisbane
323880,Brisbane
323881,Brisbane
323882,Brisbane
323883,Brisbane
323884,Brisbane
323885,Brisbane
323886,Brisbane
323887,Brisbane
323888,Brisbane
323889,Brisbane
323890,Brisbane
323891,Brisbane
323892,Brisbane
323893,Brisbane
323894,Brisbane
323895,Brisbane
323896,Brisbane
323897,Brisbane
323898,Brisbane
323899,Brisbane
323900,Brisbane
323901,Brisbane
323902,Brisbane
323903,Brisbane
323904,Perth
323905,Brisbane
323906,Brisbane
323907,Brisbane
323908,Brisbane
323909,Brisbane
323910,Brisbane
323911,Brisbane
323912,Brisbane
323913,Brisbane
323914,Brisbane
323915,Brisbane
323916,Brisbane
323917,Brisbane
323918,Brisbane
323919,Brisbane
323920,Brisbane
323921,Brisbane
323922,Brisbane
323923,Brisbane
323924,Brisbane
323925,Brisbane
323926,Perth
323927,Brisbane
323928,Brisbane
323929,Brisbane
323930,Brisbane
323931,Brisbane
323932,Brisbane
323933,Brisbane
323934,Brisbane
323935,Melbourne
323936,Brisbane
323937,Brisbane
323938,Brisbane
323939,Brisbane
323940,Brisbane
323941,Brisbane
323942,Brisbane
323943,Brisbane
323944,Brisbane
323945,Brisbane
323946,Sydney
323947,Brisbane
323948,Sydney
323949,Brisbane
323950,Brisbane
323951,Brisbane
323952,Sydney
323953,Brisbane
323954,Brisbane
323955,Brisbane
323956,Brisbane
323957,Perth
323958,Brisbane
323959,Brisbane
323960,Brisbane
323961,Brisbane
323962,Sydney
323963,Brisbane
323964,Brisbane
323965,Brisbane
323966,Brisbane
323967,Brisbane
323968,Brisbane
323969,Brisbane
323970,Brisbane
323971,Brisbane
323972,Brisbane
323973,Brisbane
323974,Brisbane
323975,Brisbane
323976,Brisbane
323977,Brisbane
323978,Perth
323979,Brisbane
323980,Brisbane
323981,Brisbane
323982,Brisbane
323983,Brisbane
323984,Brisbane
323985,Brisbane
323986,Brisbane
323987,Brisbane
323988,Brisbane
323989,Sydney
323990,Brisbane
323991,Brisbane
323992,Brisbane
323993,Sydney
323994,Brisbane
323995,Sydney
323996,Brisbane
323997,Brisbane
323998,Brisbane
323999,Brisbane
324000,Brisbane
324001,Brisbane
324002,Brisbane
324003,Brisbane
324004,Brisbane
324005,Brisbane
324006,Brisbane
324007,Brisbane
324008,Brisbane
324009,Brisbane
324010,Brisbane
324011,Brisbane
324012,Brisbane
324013,Brisbane
324014,Sydney
324015,Brisbane
324016,Brisbane
324017,Brisbane
324018,Brisbane
324019,Brisbane
324020,Brisbane
324021,Brisbane
324022,Brisbane
324023,Brisbane
324024,Brisbane
324025,Brisbane
324026,Brisbane
324027,Brisbane
324028,Brisbane
324029,Brisbane
324030,Sydney
324031,Brisbane
324032,Perth
324033,Brisbane
324034,Brisbane
324035,Brisbane
324036,Brisbane
324037,Brisbane
324038,Brisbane
324039,Perth
324040,Brisbane
324041,Brisbane
324042,Brisbane
324043,Brisbane
324044,Brisbane
324045,Brisbane
324046,Brisbane
324047,Brisbane
324048,Brisbane
324049,Sydney
324050,Brisbane
324051,Brisbane
324052,Brisbane
324053,Brisbane
324054,Brisbane
324055,Brisbane
324056,Brisbane
324057,Brisbane
324058,Brisbane
324059,Brisbane
324060,Brisbane
324061,Brisbane
324062,Brisbane
324063,Brisbane
324064,Perth
324065,Brisbane
324066,Melbourne
324067,Sydney
324068,Brisbane
324069,Brisbane
324070,Brisbane
324071,Brisbane
324072,Brisbane
324073,Brisbane
324074,Brisbane
324075,Brisbane
324076,Brisbane
324077,Brisbane
324078,Brisbane
324079,Brisbane
324080,Brisbane
324081,Brisbane
324082,Brisbane
324083,Brisbane
324084,Brisbane
324085,Perth
324086,Melbourne
324087,Brisbane
324088,Brisbane
324089,Brisbane
324090,Brisbane
324091,Brisbane
324092,Brisbane
324093,Brisbane
324094,Melbourne
324095,Brisbane
324096,Brisbane
324097,Brisbane
324098,Brisbane
324099,Melbourne
324100,Brisbane
324101,Brisbane
324102,Brisbane
324103,Brisbane
324104,Brisbane
324105,Brisbane
324106,Brisbane
324107,Brisbane
324108,Brisbane
324109,Brisbane
324110,Brisbane
324111,Brisbane
324112,Brisbane
324113,Brisbane
324114,Brisbane
324115,Brisbane
324116,Brisbane
324117,Brisbane
324118,Brisbane
324119,Sydney
324120,Brisbane
324121,Brisbane
324122,Brisbane
324123,Brisbane
324124,Brisbane
324125,Brisbane
324126,Sydney
324127,Brisbane
324128,Brisbane
324129,Brisbane
324130,Brisbane
324131,Brisbane
324132,Melbourne
324133,Brisbane
324134,Brisbane
324135,Perth
324136,Brisbane
324137,Brisbane
324138,Brisbane
324139,Brisbane
324140,Brisbane
324141,Brisbane
324142,Brisbane
324143,Perth
324144,Brisbane
324145,Brisbane
324146,Brisbane
324147,Brisbane
324148,Melbourne
324149,Brisbane
324150,Brisbane
324151,Brisbane
324152,Brisbane
324153,Brisbane
324154,Brisbane
324155,Brisbane
324156,Brisbane
324157,Brisbane
324158,Brisbane
324159,Brisbane
324160,Brisbane
324161,Brisbane
324162,Brisbane
324163,Brisbane
324164,Brisbane
324165,Brisbane
324166,Brisbane
324167,Brisbane
324168,Brisbane
324169,Brisbane
324170,Brisbane
324171,Perth
324172,Brisbane
324173,Brisbane
324174,Sydney
324175,Brisbane
324176,Perth
324177,Brisbane
324178,Brisbane
324179,Melbourne
324180,Brisbane
324181,Brisbane
324182,Brisbane
324183,Brisbane
324184,Perth
324185,Brisbane
324186,Brisbane
324187,Brisbane
324188,Brisbane
324189,Sydney
324190,Brisbane
324191,Brisbane
324192,Brisbane
324193,Brisbane
324194,Brisbane
324195,Brisbane
324196,Brisbane
324197,Melbourne
324198,Brisbane
324199,Brisbane
324200,Brisbane
324201,Brisbane
324202,Brisbane
324203,Sydney
324204,Brisbane
324205,Brisbane
324206,Brisbane
324207,Brisbane
324208,Brisbane
324209,Brisbane
324210,Brisbane
324211,Brisbane
324212,Brisbane
324213,Brisbane
324214,Brisbane
324215,Brisbane
324216,Brisbane
324217,Melbourne
324218,Brisbane
324219,Brisbane
324220,Brisbane
324221,Brisbane
324222,Brisbane
324223,Brisbane
324224,Brisbane
324225,Sydney
324226,Brisbane
324227,Brisbane
324228,Brisbane
324229,Brisbane
324230,Brisbane
324231,Perth
324232,Brisbane
324233,Brisbane
324234,Brisbane
324235,Brisbane
324236,Brisbane
324237,Brisbane
324238,Brisbane
324239,Brisbane
324240,Brisbane
324241,Brisbane
324242,Brisbane
324243,Sydney
324244,Brisbane
324245,Melbourne
324246,Melbourne
324247,Brisbane
324248,Brisbane
324249,Brisbane
324250,Brisbane
324251,Brisbane
324252,Brisbane
324253,Brisbane
324254,Brisbane
324255,Brisbane
324256,Sydney
324257,Brisbane
324258,Sydney
324259,Brisbane
324260,Brisbane
324261,Brisbane
324262,Sydney
324263,Brisbane
324264,Brisbane
324265,Brisbane
324266,Brisbane
324267,Brisbane
324268,Brisbane
324269,Brisbane
324270,Brisbane
324271,Brisbane
324272,Brisbane
324273,Brisbane
324274,Brisbane
324275,Brisbane
324276,Brisbane
324277,Brisbane
324278,Brisbane
324279,Brisbane
324280,Brisbane
324281,Brisbane
324282,Brisbane
324283,Brisbane
324284,Brisbane
324285,Brisbane
324286,Brisbane
324287,Brisbane
324288,Brisbane
324289,Brisbane
324290,Brisbane
324291,Brisbane
324292,Brisbane
324293,Melbourne
324294,Brisbane
324295,Brisbane
324296,Brisbane
324297,Brisbane
324298,Brisbane
324299,Sydney
324300,Brisbane
324301,Brisbane
324302,Brisbane
324303,Brisbane
324304,Brisbane
324305,Brisbane
324306,Brisbane
324307,Brisbane
324308,Brisbane
324309,Brisbane
324310,Brisbane
324311,Brisbane
324312,Brisbane
324313,Brisbane
324314,Brisbane
324315,Brisbane
324316,Brisbane
324317,Brisbane
324318,Brisbane
324319,Brisbane
324320,Brisbane
324321,Brisbane
324322,Brisbane
324323,Brisbane
324324,Brisbane
324325,Brisbane
324326,Brisbane
324327,Brisbane
324328,Sydney
324329,Perth
324330,Brisbane
324331,Brisbane
324332,Brisbane
324333,Brisbane
324334,Brisbane
324335,Brisbane
324336,Brisbane
324337,Melbourne
324338,Brisbane
324339,Brisbane
324340,Brisbane
324341,Perth
324342,Sydney
324343,Sydney
324344,Brisbane
324345,Brisbane
324346,Brisbane
324347,Brisbane
324348,Brisbane
324349,Brisbane
324350,Sydney
324351,Brisbane
324352,Brisbane
324353,Melbourne
324354,Brisbane
324355,Brisbane
324356,Brisbane
324357,Brisbane
324358,Brisbane
324359,Brisbane
324360,Brisbane
324361,Brisbane
324362,Brisbane
324363,Brisbane
324364,Brisbane
324365,Brisbane
324366,Brisbane
324367,Brisbane
324368,Brisbane
324369,Brisbane
324370,Brisbane
324371,Brisbane
324372,Brisbane
324373,Brisbane
324374,Brisbane
324375,Brisbane
324376,Brisbane
324377,Brisbane
324378,Sydney
324379,Brisbane
324380,Brisbane
324381,Brisbane
324382,Brisbane
324383,Brisbane
324384,Brisbane
324385,Brisbane
324386,Perth
324387,Brisbane
324388,Brisbane
324389,Brisbane
324390,Brisbane
324391,Brisbane
324392,Brisbane
324393,Brisbane
324394,Brisbane
324395,Brisbane
324396,Brisbane
324397,Brisbane
324398,Brisbane
324399,Brisbane
324400,Brisbane
324401,Brisbane
324402,Brisbane
324403,Brisbane
324404,Brisbane
324405,Brisbane
324406,Brisbane
324407,Brisbane
324408,Sydney
324409,Brisbane
324410,Brisbane
324411,Brisbane
324412,Brisbane
324413,Brisbane
324414,Brisbane
324415,Sydney
324416,Brisbane
324417,Brisbane
324418,Brisbane
324419,Brisbane
324420,Brisbane
324421,Brisbane
324422,Brisbane
324423,Brisbane
324424,Brisbane
324425,Brisbane
324426,Brisbane
324427,Brisbane
324428,Brisbane
324429,Brisbane
324430,Brisbane
324431,Brisbane
324432,Brisbane
324433,Perth
324434,Melbourne
324435,Brisbane
324436,Sydney
324437,Brisbane
324438,Brisbane
324439,Brisbane
324440,Brisbane
324441,Brisbane
324442,Brisbane
324443,Brisbane
324444,Brisbane
324445,Brisbane
324446,Brisbane
324447,Melbourne
324448,Brisbane
324449,Brisbane
324450,Brisbane
324451,Brisbane
324452,Brisbane
324453,Brisbane
324454,Brisbane
324455,Brisbane
324456,Brisbane
324457,Brisbane
324458,Brisbane
324459,Brisbane
324460,Brisbane
324461,Brisbane
324462,Brisbane
324463,Brisbane
324464,Brisbane
324465,Brisbane
324466,Brisbane
324467,Brisbane
324468,Brisbane
324469,Brisbane
324470,Brisbane
324471,Brisbane
324472,Brisbane
324473,Brisbane
324474,Brisbane
324475,Brisbane
324476,Brisbane
324477,Brisbane
324478,Brisbane
324479,Brisbane
324480,Brisbane
324481,Brisbane
324482,Brisbane
324483,Brisbane
324484,Brisbane
324485,Brisbane
324486,Brisbane
324487,Brisbane
324488,Brisbane
324489,Brisbane
324490,Brisbane
324491,Brisbane
324492,Brisbane
324493,Brisbane
324494,Sydney
324495,Brisbane
324496,Brisbane
324497,Brisbane
324498,Brisbane
324499,Brisbane
324500,Brisbane
324501,Brisbane
324502,Brisbane
324503,Brisbane
324504,Brisbane
324505,Brisbane
324506,Brisbane
324507,Brisbane
324508,Brisbane
324509,Brisbane
324510,Melbourne
324511,Brisbane
324512,Brisbane
324513,Brisbane
324514,Sydney
324515,Perth
324516,Brisbane
324517,Brisbane
324518,Brisbane
324519,Brisbane
324520,Brisbane
324521,Brisbane
324522,Brisbane
324523,Brisbane
324524,Brisbane
324525,Brisbane
324526,Brisbane
324527,Brisbane
324528,Brisbane
324529,Brisbane
324530,Brisbane
324531,Brisbane
324532,Perth
324533,Brisbane
324534,Sydney
324535,Brisbane
324536,Brisbane
324537,Sydney
324538,Brisbane
324539,Brisbane
324540,Brisbane
324541,Brisbane
324542,Brisbane
324543,Brisbane
324544,Brisbane
324545,Brisbane
324546,Brisbane
324547,Brisbane
324548,Brisbane
324549,Brisbane
324550,Brisbane
324551,Brisbane
324552,Brisbane
324553,Sydney
324554,Brisbane
324555,Sydney
324556,Brisbane
324557,Brisbane
324558,Brisbane
324559,Brisbane
324560,Brisbane
324561,Brisbane
324562,Brisbane
324563,Sydney
324564,Brisbane
324565,Brisbane
324566,Brisbane
324567,Brisbane
324568,Brisbane
324569,Brisbane
324570,Brisbane
324571,Brisbane
324572,Brisbane
324573,Brisbane
324574,Brisbane
324575,Brisbane
324576,Brisbane
324577,Brisbane
324578,Brisbane
324579,Brisbane
324580,Brisbane
324581,Brisbane
324582,Sydney
324583,Brisbane
324584,Brisbane
324585,Brisbane
324586,Brisbane
324587,Brisbane
324588,Brisbane
324589,Brisbane
324590,Brisbane
324591,Melbourne
324592,Brisbane
324593,Brisbane
324594,Sydney
324595,Brisbane
324596,Brisbane
324597,Brisbane
324598,Brisbane
324599,Brisbane
324600,Brisbane
324601,Brisbane
324602,Brisbane
324603,Brisbane
324604,Perth
324605,Brisbane
324606,Brisbane
324607,Brisbane
324608,Brisbane
324609,Sydney
324610,Brisbane
324611,Brisbane
324612,Brisbane
324613,Brisbane
324614,Sydney
324615,Brisbane
324616,Brisbane
324617,Brisbane
324618,Brisbane
324619,Brisbane
324620,Brisbane
324621,Brisbane
324622,Brisbane
324623,Brisbane
324624,Perth
324625,Brisbane
324626,Brisbane
324627,Brisbane
324628,Brisbane
324629,Brisbane
324630,Brisbane
324631,Brisbane
324632,Brisbane
324633,Brisbane
324634,Sydney
324635,Brisbane
324636,Brisbane
324637,Brisbane
324638,Brisbane
324639,Brisbane
324640,Brisbane
324641,Brisbane
324642,Brisbane
324643,Brisbane
324644,Brisbane
324645,Brisbane
324646,Brisbane
324647,Brisbane
324648,Brisbane
324649,Brisbane
324650,Brisbane
324651,Brisbane
324652,Brisbane
324653,Brisbane
324654,Brisbane
324655,Brisbane
324656,Brisbane
324657,Brisbane
324658,Brisbane
324659,Brisbane
324660,Brisbane
324661,Brisbane
324662,Brisbane
324663,Brisbane
324664,Brisbane
324665,Brisbane
324666,Brisbane
324667,Brisbane
324668,Brisbane
324669,Brisbane
324670,Brisbane
324671,Melbourne
324672,Brisbane
324673,Brisbane
324674,Brisbane
324675,Brisbane
324676,Brisbane
324677,Brisbane
324678,Brisbane
324679,Brisbane
324680,Brisbane
324681,Brisbane
324682,Brisbane
324683,Brisbane
324684,Brisbane
324685,Brisbane
324686,Brisbane
324687,Brisbane
324688,Brisbane
324689,Brisbane
324690,Perth
324691,Brisbane
324692,Brisbane
324693,Brisbane
324694,Brisbane
324695,Brisbane
324696,Brisbane
324697,Brisbane
324698,Brisbane
324699,Brisbane
324700,Brisbane
324701,Brisbane
324702,Brisbane
324703,Brisbane
324704,Brisbane
324705,Brisbane
324706,Brisbane
324707,Brisbane
324708,Brisbane
324709,Brisbane
324710,Brisbane
324711,Brisbane
324712,Brisbane
324713,Brisbane
324714,Brisbane
324715,Brisbane
324716,Brisbane
324717,Brisbane
324718,Brisbane
324719,Sydney
324720,Brisbane
324721,Brisbane
324722,Brisbane
324723,Brisbane
324724,Brisbane
324725,Brisbane
324726,Brisbane
324727,Brisbane
324728,Brisbane
324729,Brisbane
324730,Brisbane
324731,Brisbane
324732,Brisbane
324733,Brisbane
324734,Brisbane
324735,Brisbane
324736,Brisbane
324737,Brisbane
324738,Sydney
324739,Brisbane
324740,Sydney
324741,Brisbane
324742,Brisbane
324743,Brisbane
324744,Brisbane
324745,Brisbane
324746,Brisbane
324747,Brisbane
324748,Brisbane
324749,Brisbane
324750,Brisbane
324751,Brisbane
324752,Brisbane
324753,Brisbane
324754,Brisbane
324755,Melbourne
324756,Brisbane
324757,Melbourne
324758,Brisbane
324759,Brisbane
324760,Brisbane
324761,Brisbane
324762,Brisbane
324763,Brisbane
324764,Brisbane
324765,Brisbane
324766,Brisbane
324767,Brisbane
324768,Perth
324769,Brisbane
324770,Perth
324771,Brisbane
324772,Perth
324773,Brisbane
324774,Brisbane
324775,Brisbane
324776,Brisbane
324777,Brisbane
324778,Brisbane
324779,Brisbane
324780,Sydney
324781,Brisbane
324782,Brisbane
324783,Brisbane
324784,Brisbane
324785,Brisbane
324786,Brisbane
324787,Brisbane
324788,Brisbane
324789,Brisbane
324790,Brisbane
324791,Brisbane
324792,Brisbane
324793,Brisbane
324794,Brisbane
324795,Brisbane
324796,Brisbane
324797,Brisbane
324798,Brisbane
324799,Perth
324800,Brisbane
324801,Brisbane
324802,Brisbane
324803,Brisbane
324804,Brisbane
324805,Brisbane
324806,Brisbane
324807,Brisbane
324808,Melbourne
324809,Brisbane
324810,Brisbane
324811,Brisbane
324812,Brisbane
324813,Brisbane
324814,Brisbane
324815,Brisbane
324816,Brisbane
324817,Brisbane
324818,Brisbane
324819,Brisbane
324820,Brisbane
324821,Brisbane
324822,Brisbane
324823,Perth
324824,Brisbane
324825,Brisbane
324826,Brisbane
324827,Sydney
324828,Brisbane
324829,Brisbane
324830,Brisbane
324831,Brisbane
324832,Brisbane
324833,Brisbane
324834,Brisbane
324835,Perth
324836,Brisbane
324837,Brisbane
324838,Brisbane
324839,Brisbane
324840,Brisbane
324841,Brisbane
324842,Brisbane
324843,Brisbane
324844,Brisbane
324845,Brisbane
324846,Brisbane
324847,Brisbane
324848,Brisbane
324849,Brisbane
324850,Sydney
324851,Sydney
324852,Brisbane
324853,Brisbane
324854,Brisbane
324855,Brisbane
324856,Brisbane
324857,Brisbane
324858,Brisbane
324859,Perth
324860,Brisbane
324861,Brisbane
324862,Brisbane
324863,Brisbane
324864,Brisbane
324865,Brisbane
324866,Brisbane
324867,Brisbane
324868,Brisbane
324869,Brisbane
324870,Brisbane
324871,Brisbane
324872,Perth
324873,Sydney
324874,Brisbane
324875,Brisbane
324876,Brisbane
324877,Perth
324878,Brisbane
324879,Brisbane
324880,Brisbane
324881,Brisbane
324882,Melbourne
324883,Brisbane
324884,Brisbane
324885,Brisbane
324886,Brisbane
324887,Brisbane
324888,Brisbane
324889,Brisbane
324890,Brisbane
324891,Brisbane
324892,Brisbane
324893,Brisbane
324894,Brisbane
324895,Brisbane
324896,Brisbane
324897,Brisbane
324898,Brisbane
324899,Brisbane
324900,Brisbane
324901,Brisbane
324902,Brisbane
324903,Brisbane
324904,Brisbane
324905,Brisbane
324906,Brisbane
324907,Melbourne
324908,Brisbane
324909,Brisbane
324910,Sydney
324911,Brisbane
324912,Brisbane
324913,Brisbane
324914,Brisbane
324915,Brisbane
324916,Perth
324917,Brisbane
324918,Brisbane
324919,Brisbane
324920,Brisbane
324921,Brisbane
324922,Brisbane
324923,Brisbane
324924,Sydney
324925,Brisbane
324926,Brisbane
324927,Brisbane
324928,Brisbane
324929,Brisbane
324930,Brisbane
324931,Brisbane
324932,Sydney
324933,Brisbane
324934,Brisbane
324935,Brisbane
324936,Brisbane
324937,Perth
324938,Melbourne
324939,Brisbane
324940,Brisbane
324941,Brisbane
324942,Sydney
324943,Brisbane
324944,Brisbane
324945,Brisbane
324946,Brisbane
324947,Brisbane
324948,Brisbane
324949,Sydney
324950,Brisbane
324951,Brisbane
324952,Brisbane
324953,Perth
324954,Brisbane
324955,Brisbane
324956,Brisbane
324957,Brisbane
324958,Brisbane
324959,Perth
324960,Brisbane
324961,Brisbane
324962,Brisbane
324963,Brisbane
324964,Brisbane
324965,Brisbane
324966,Brisbane
324967,Brisbane
324968,Sydney
324969,Sydney
324970,Melbourne
324971,Brisbane
324972,Brisbane
324973,Brisbane
324974,Brisbane
324975,Brisbane
324976,Brisbane
324977,Brisbane
324978,Brisbane
324979,Brisbane
324980,Brisbane
324981,Melbourne
324982,Sydney
324983,Brisbane
324984,Brisbane
324985,Brisbane
324986,Brisbane
324987,Brisbane
324988,Brisbane
324989,Brisbane
324990,Brisbane
324991,Melbourne
324992,Brisbane
324993,Brisbane
324994,Brisbane
324995,Brisbane
324996,Brisbane
324997,Perth
324998,Brisbane
324999,Sydney
325000,Brisbane
325001,Brisbane
325002,Brisbane
325003,Brisbane
325004,Brisbane
325005,Brisbane
325006,Brisbane
325007,Brisbane
325008,Brisbane
325009,Brisbane
325010,Melbourne
325011,Brisbane
325012,Brisbane
325013,Brisbane
325014,Brisbane
325015,Brisbane
325016,Brisbane
325017,Brisbane
325018,Brisbane
325019,Brisbane
325020,Brisbane
325021,Brisbane
325022,Brisbane
325023,Brisbane
325024,Brisbane
325025,Brisbane
325026,Brisbane
325027,Brisbane
325028,Brisbane
325029,Brisbane
325030,Brisbane
325031,Brisbane
325032,Brisbane
325033,Brisbane
325034,Brisbane
325035,Brisbane
325036,Melbourne
325037,Brisbane
325038,Brisbane
325039,Brisbane
325040,Brisbane
325041,Brisbane
325042,Brisbane
325043,Brisbane
325044,Brisbane
325045,Melbourne
325046,Sydney
325047,Brisbane
325048,Brisbane
325049,Brisbane
325050,Brisbane
325051,Brisbane
325052,Brisbane
325053,Brisbane
325054,Sydney
325055,Brisbane
325056,Brisbane
325057,Brisbane
325058,Brisbane
325059,Brisbane
325060,Brisbane
325061,Perth
325062,Sydney
325063,Brisbane
325064,Brisbane
325065,Brisbane
325066,Brisbane
325067,Perth
325068,Brisbane
325069,Brisbane
325070,Brisbane
325071,Brisbane
325072,Melbourne
325073,Brisbane
325074,Brisbane
325075,Brisbane
325076,Perth
325077,Brisbane
325078,Brisbane
325079,Melbourne
325080,Brisbane
325081,Brisbane
325082,Brisbane
325083,Brisbane
325084,Brisbane
325085,Brisbane
325086,Brisbane
325087,Brisbane
325088,Brisbane
325089,Brisbane
325090,Brisbane
325091,Brisbane
325092,Brisbane
325093,Brisbane
325094,Brisbane
325095,Brisbane
325096,Brisbane
325097,Brisbane
325098,Brisbane
325099,Brisbane
325100,Brisbane
325101,Perth
325102,Brisbane
325103,Brisbane
325104,Sydney
325105,Brisbane
325106,Brisbane
325107,Brisbane
325108,Brisbane
325109,Brisbane
325110,Brisbane
325111,Brisbane
325112,Brisbane
325113,Brisbane
325114,Brisbane
325115,Brisbane
325116,Brisbane
325117,Brisbane
325118,Brisbane
325119,Sydney
325120,Melbourne
325121,Brisbane
325122,Brisbane
325123,Brisbane
325124,Brisbane
325125,Brisbane
325126,Brisbane
325127,Brisbane
325128,Brisbane
325129,Sydney
325130,Brisbane
325131,Brisbane
325132,Brisbane
325133,Brisbane
325134,Brisbane
325135,Brisbane
325136,Brisbane
325137,Brisbane
325138,Brisbane
325139,Brisbane
325140,Brisbane
325141,Brisbane
325142,Brisbane
325143,Brisbane
325144,Melbourne
325145,Brisbane
325146,Brisbane
325147,Brisbane
325148,Brisbane
325149,Brisbane
325150,Brisbane
325151,Brisbane
325152,Brisbane
325153,Perth
325154,Brisbane
325155,Brisbane
325156,Brisbane
325157,Brisbane
325158,Brisbane
325159,Brisbane
325160,Perth
325161,Brisbane
325162,Brisbane
325163,Brisbane
325164,Sydney
325165,Brisbane
325166,Brisbane
325167,Brisbane
325168,Brisbane
325169,Brisbane
325170,Brisbane
325171,Brisbane
325172,Brisbane
325173,Brisbane
325174,Perth
325175,Brisbane
325176,Melbourne
325177,Brisbane
325178,Brisbane
325179,Perth
325180,Brisbane
325181,Brisbane
325182,Perth
325183,Brisbane
325184,Brisbane
325185,Brisbane
325186,Brisbane
325187,Brisbane
325188,Brisbane
325189,Brisbane
325190,Brisbane
325191,Brisbane
325192,Perth
325193,Sydney
325194,Brisbane
325195,Brisbane
325196,Brisbane
325197,Brisbane
325198,Brisbane
325199,Brisbane
325200,Brisbane
325201,Brisbane
325202,Melbourne
325203,Brisbane
325204,Brisbane
325205,Sydney
325206,Brisbane
325207,Brisbane
325208,Brisbane
325209,Brisbane
325210,Brisbane
325211,Brisbane
325212,Brisbane
325213,Brisbane
325214,Brisbane
325215,Brisbane
325216,Brisbane
325217,Brisbane
325218,Brisbane
325219,Brisbane
325220,Brisbane
325221,Brisbane
325222,Brisbane
325223,Brisbane
325224,Brisbane
325225,Sydney
325226,Perth
325227,Brisbane
325228,Brisbane
325229,Brisbane
325230,Brisbane
325231,Sydney
325232,Brisbane
325233,Brisbane
325234,Brisbane
325235,Brisbane
325236,Brisbane
325237,Brisbane
325238,Brisbane
325239,Brisbane
325240,Brisbane
325241,Perth
325242,Brisbane
325243,Brisbane
325244,Brisbane
325245,Brisbane
325246,Brisbane
325247,Brisbane
325248,Brisbane
325249,Brisbane
325250,Brisbane
325251,Brisbane
325252,Brisbane
325253,Brisbane
325254,Brisbane
325255,Brisbane
325256,Brisbane
325257,Brisbane
325258,Brisbane
325259,Brisbane
325260,Brisbane
325261,Perth
325262,Brisbane
325263,Brisbane
325264,Brisbane
325265,Brisbane
325266,Sydney
325267,Brisbane
325268,Brisbane
325269,Brisbane
325270,Brisbane
325271,Brisbane
325272,Brisbane
325273,Brisbane
325274,Brisbane
325275,Brisbane
325276,Brisbane
325277,Perth
325278,Brisbane
325279,Brisbane
325280,Brisbane
325281,Brisbane
325282,Brisbane
325283,Brisbane
325284,Brisbane
325285,Brisbane
325286,Brisbane
325287,Brisbane
325288,Brisbane
325289,Brisbane
325290,Brisbane
325291,Brisbane
325292,Brisbane
325293,Brisbane
325294,Sydney
325295,Brisbane
325296,Brisbane
325297,Brisbane
325298,Brisbane
325299,Brisbane
325300,Brisbane
325301,Brisbane
325302,Brisbane
325303,Brisbane
325304,Brisbane
325305,Brisbane
325306,Brisbane
325307,Brisbane
325308,Brisbane
325309,Brisbane
325310,Perth
325311,Brisbane
325312,Brisbane
325313,Perth
325314,Brisbane
325315,Brisbane
325316,Brisbane
325317,Sydney
325318,Brisbane
325319,Melbourne
325320,Brisbane
325321,Brisbane
325322,Brisbane
325323,Brisbane
325324,Brisbane
325325,Brisbane
325326,Brisbane
325327,Brisbane
325328,Brisbane
325329,Brisbane
325330,Brisbane
325331,Brisbane
325332,Brisbane
325333,Brisbane
325334,Brisbane
325335,Brisbane
325336,Brisbane
325337,Brisbane
325338,Perth
325339,Brisbane
325340,Brisbane
325341,Brisbane
325342,Brisbane
325343,Brisbane
325344,Perth
325345,Brisbane
325346,Sydney
325347,Brisbane
325348,Brisbane
325349,Brisbane
325350,Perth
325351,Melbourne
325352,Brisbane
325353,Brisbane
325354,Brisbane
325355,Brisbane
325356,Brisbane
325357,Brisbane
325358,Brisbane
325359,Melbourne
325360,Brisbane
325361,Brisbane
325362,Brisbane
325363,Brisbane
325364,Brisbane
325365,Brisbane
325366,Brisbane
325367,Brisbane
325368,Brisbane
325369,Brisbane
325370,Brisbane
325371,Brisbane
325372,Brisbane
325373,Brisbane
325374,Brisbane
325375,Brisbane
325376,Brisbane
325377,Brisbane
325378,Brisbane
325379,Brisbane
325380,Brisbane
325381,Brisbane
325382,Brisbane
325383,Brisbane
325384,Brisbane
325385,Perth
325386,Brisbane
325387,Brisbane
325388,Brisbane
325389,Brisbane
325390,Brisbane
325391,Brisbane
325392,Brisbane
325393,Perth
325394,Brisbane
325395,Brisbane
325396,Brisbane
325397,Sydney
325398,Brisbane
325399,Brisbane
325400,Brisbane
325401,Brisbane
325402,Brisbane
325403,Brisbane
325404,Brisbane
325405,Melbourne
325406,Brisbane
325407,Brisbane
325408,Brisbane
325409,Brisbane
325410,Brisbane
325411,Brisbane
325412,Brisbane
325413,Brisbane
325414,Brisbane
325415,Brisbane
325416,Brisbane
325417,Brisbane
325418,Brisbane
325419,Brisbane
325420,Brisbane
325421,Perth
325422,Brisbane
325423,Brisbane
325424,Brisbane
325425,Brisbane
325426,Brisbane
325427,Brisbane
325428,Brisbane
325429,Brisbane
325430,Brisbane
325431,Brisbane
325432,Brisbane
325433,Sydney
325434,Brisbane
325435,Brisbane
325436,Brisbane
325437,Brisbane
325438,Brisbane
325439,Brisbane
325440,Melbourne
325441,Brisbane
325442,Brisbane
325443,Brisbane
325444,Brisbane
325445,Perth
325446,Brisbane
325447,Brisbane
325448,Brisbane
325449,Melbourne
325450,Brisbane
325451,Sydney
325452,Brisbane
325453,Brisbane
325454,Brisbane
325455,Brisbane
325456,Sydney
325457,Sydney
325458,Brisbane
325459,Brisbane
325460,Brisbane
325461,Brisbane
325462,Brisbane
325463,Brisbane
325464,Melbourne
325465,Brisbane
325466,Brisbane
325467,Sydney
325468,Brisbane
325469,Sydney
325470,Brisbane
325471,Brisbane
325472,Brisbane
325473,Brisbane
325474,Perth
325475,Sydney
325476,Brisbane
325477,Melbourne
325478,Brisbane
325479,Brisbane
325480,Brisbane
325481,Brisbane
325482,Brisbane
325483,Brisbane
325484,Brisbane
325485,Brisbane
325486,Brisbane
325487,Brisbane
325488,Brisbane
325489,Perth
325490,Brisbane
325491,Brisbane
325492,Brisbane
325493,Brisbane
325494,Brisbane
325495,Brisbane
325496,Brisbane
325497,Brisbane
325498,Brisbane
325499,Brisbane
325500,Brisbane
325501,Brisbane
325502,Perth
325503,Brisbane
325504,Brisbane
325505,Brisbane
325506,Brisbane
325507,Brisbane
325508,Brisbane
325509,Brisbane
325510,Brisbane
325511,Brisbane
325512,Brisbane
325513,Brisbane
325514,Perth
325515,Brisbane
325516,Brisbane
325517,Brisbane
325518,Brisbane
325519,Brisbane
325520,Sydney
325521,Brisbane
325522,Brisbane
325523,Brisbane
325524,Brisbane
325525,Brisbane
325526,Brisbane
325527,Brisbane
325528,Brisbane
325529,Brisbane
325530,Brisbane
325531,Brisbane
325532,Brisbane
325533,Brisbane
325534,Brisbane
325535,Brisbane
325536,Brisbane
325537,Melbourne
325538,Brisbane
325539,Brisbane
325540,Sydney
325541,Perth
325542,Brisbane
325543,Brisbane
325544,Brisbane
325545,Brisbane
325546,Brisbane
325547,Sydney
325548,Brisbane
325549,Brisbane
325550,Brisbane
325551,Brisbane
325552,Brisbane
325553,Brisbane
325554,Brisbane
325555,Brisbane
325556,Sydney
325557,Brisbane
325558,Perth
325559,Brisbane
325560,Brisbane
325561,Brisbane
325562,Brisbane
325563,Sydney
325564,Melbourne
325565,Brisbane
325566,Brisbane
325567,Sydney
325568,Brisbane
325569,Brisbane
325570,Brisbane
325571,Brisbane
325572,Brisbane
325573,Sydney
325574,Brisbane
325575,Brisbane
325576,Brisbane
325577,Perth
325578,Sydney
325579,Brisbane
325580,Sydney
325581,Brisbane
325582,Brisbane
325583,Brisbane
325584,Brisbane
325585,Brisbane
325586,Brisbane
325587,Brisbane
325588,Brisbane
325589,Brisbane
325590,Brisbane
325591,Perth
325592,Brisbane
325593,Brisbane
325594,Brisbane
325595,Brisbane
325596,Brisbane
325597,Brisbane
325598,Sydney
325599,Brisbane
325600,Brisbane
325601,Brisbane
325602,Sydney
325603,Brisbane
325604,Sydney
325605,Brisbane
325606,Brisbane
325607,Brisbane
325608,Brisbane
325609,Brisbane
325610,Brisbane
325611,Brisbane
325612,Brisbane
325613,Brisbane
325614,Brisbane
325615,Brisbane
325616,Brisbane
325617,Brisbane
325618,Brisbane
325619,Brisbane
325620,Brisbane
325621,Brisbane
325622,Brisbane
325623,Brisbane
325624,Brisbane
325625,Brisbane
325626,Brisbane
325627,Brisbane
325628,Brisbane
325629,Brisbane
325630,Brisbane
325631,Brisbane
325632,Brisbane
325633,Brisbane
325634,Brisbane
325635,Brisbane
325636,Brisbane
325637,Brisbane
325638,Melbourne
325639,Brisbane
325640,Brisbane
325641,Brisbane
325642,Brisbane
325643,Brisbane
325644,Brisbane
325645,Brisbane
325646,Brisbane
325647,Perth
325648,Brisbane
325649,Brisbane
325650,Brisbane
325651,Brisbane
325652,Brisbane
325653,Brisbane
325654,Brisbane
325655,Brisbane
325656,Brisbane
325657,Brisbane
325658,Brisbane
325659,Brisbane
325660,Brisbane
325661,Brisbane
325662,Brisbane
325663,Brisbane
325664,Brisbane
325665,Brisbane
325666,Brisbane
325667,Brisbane
325668,Brisbane
325669,Brisbane
325670,Brisbane
325671,Brisbane
325672,Brisbane
325673,Brisbane
325674,Brisbane
325675,Brisbane
325676,Brisbane
325677,Perth
325678,Brisbane
325679,Brisbane
325680,Brisbane
325681,Brisbane
325682,Brisbane
325683,Brisbane
325684,Brisbane
325685,Brisbane
325686,Brisbane
325687,Brisbane
325688,Brisbane
325689,Brisbane
325690,Brisbane
325691,Brisbane
325692,Brisbane
325693,Brisbane
325694,Sydney
325695,Brisbane
325696,Brisbane
325697,Brisbane
325698,Brisbane
325699,Brisbane
325700,Brisbane
325701,Brisbane
325702,Brisbane
325703,Brisbane
325704,Brisbane
325705,Brisbane
325706,Brisbane
325707,Brisbane
325708,Brisbane
325709,Brisbane
325710,Brisbane
325711,Brisbane
325712,Perth
325713,Brisbane
325714,Brisbane
325715,Brisbane
325716,Brisbane
325717,Brisbane
325718,Brisbane
325719,Brisbane
325720,Brisbane
325721,Brisbane
325722,Brisbane
325723,Brisbane
325724,Brisbane
325725,Brisbane
325726,Brisbane
325727,Brisbane
325728,Brisbane
325729,Brisbane
325730,Brisbane
325731,Brisbane
325732,Brisbane
325733,Brisbane
325734,Brisbane
325735,Brisbane
325736,Brisbane
325737,Brisbane
325738,Brisbane
325739,Brisbane
325740,Brisbane
325741,Brisbane
325742,Brisbane
325743,Brisbane
325744,Brisbane
325745,Perth
325746,Brisbane
325747,Brisbane
325748,Perth
325749,Sydney
325750,Brisbane
325751,Brisbane
325752,Brisbane
325753,Brisbane
325754,Brisbane
325755,Brisbane
325756,Brisbane
325757,Brisbane
325758,Brisbane
325759,Brisbane
325760,Brisbane
325761,Brisbane
325762,Brisbane
325763,Brisbane
325764,Brisbane
325765,Brisbane
325766,Brisbane
325767,Brisbane
325768,Brisbane
325769,Brisbane
325770,Brisbane
325771,Brisbane
325772,Brisbane
325773,Brisbane
325774,Brisbane
325775,Melbourne
325776,Brisbane
325777,Sydney
325778,Brisbane
325779,Brisbane
325780,Brisbane
325781,Brisbane
325782,Brisbane
325783,Brisbane
325784,Brisbane
325785,Brisbane
325786,Brisbane
325787,Brisbane
325788,Sydney
325789,Brisbane
325790,Brisbane
325791,Brisbane
325792,Brisbane
325793,Sydney
325794,Brisbane
325795,Brisbane
325796,Brisbane
325797,Brisbane
325798,Brisbane
325799,Brisbane
325800,Brisbane
325801,Brisbane
325802,Sydney
325803,Brisbane
325804,Brisbane
325805,Brisbane
325806,Brisbane
325807,Brisbane
325808,Brisbane
325809,Brisbane
325810,Brisbane
325811,Brisbane
325812,Brisbane
325813,Brisbane
325814,Brisbane
325815,Brisbane
325816,Brisbane
325817,Brisbane
325818,Brisbane
325819,Brisbane
325820,Brisbane
325821,Brisbane
325822,Melbourne
325823,Brisbane
325824,Perth
325825,Perth
325826,Brisbane
325827,Brisbane
325828,Brisbane
325829,Brisbane
325830,Brisbane
325831,Brisbane
325832,Brisbane
325833,Brisbane
325834,Sydney
325835,Brisbane
325836,Brisbane
325837,Brisbane
325838,Brisbane
325839,Melbourne
325840,Brisbane
325841,Brisbane
325842,Brisbane
325843,Brisbane
325844,Brisbane
325845,Brisbane
325846,Brisbane
325847,Brisbane
325848,Brisbane
325849,Brisbane
325850,Brisbane
325851,Brisbane
325852,Brisbane
325853,Brisbane
325854,Brisbane
325855,Brisbane
325856,Brisbane
325857,Perth
325858,Brisbane
325859,Brisbane
325860,Brisbane
325861,Brisbane
325862,Brisbane
325863,Brisbane
325864,Perth
325865,Brisbane
325866,Brisbane
325867,Brisbane
325868,Brisbane
325869,Brisbane
325870,Sydney
325871,Brisbane
325872,Brisbane
325873,Brisbane
325874,Brisbane
325875,Brisbane
325876,Brisbane
325877,Brisbane
325878,Brisbane
325879,Brisbane
325880,Brisbane
325881,Brisbane
325882,Brisbane
325883,Brisbane
325884,Brisbane
325885,Brisbane
325886,Brisbane
325887,Brisbane
325888,Perth
325889,Brisbane
325890,Brisbane
325891,Brisbane
325892,Brisbane
325893,Brisbane
325894,Brisbane
325895,Perth
325896,Brisbane
325897,Sydney
325898,Sydney
325899,Brisbane
325900,Brisbane
325901,Brisbane
325902,Brisbane
325903,Perth
325904,Sydney
325905,Brisbane
325906,Brisbane
325907,Brisbane
325908,Brisbane
325909,Brisbane
325910,Brisbane
325911,Brisbane
325912,Brisbane
325913,Brisbane
325914,Brisbane
325915,Brisbane
325916,Brisbane
325917,Brisbane
325918,Brisbane
325919,Brisbane
325920,Sydney
325921,Brisbane
325922,Brisbane
325923,Brisbane
325924,Brisbane
325925,Brisbane
325926,Brisbane
325927,Brisbane
325928,Brisbane
325929,Perth
325930,Brisbane
325931,Brisbane
325932,Brisbane
325933,Brisbane
325934,Brisbane
325935,Brisbane
325936,Perth
325937,Perth
325938,Brisbane
325939,Brisbane
325940,Brisbane
325941,Brisbane
325942,Brisbane
325943,Brisbane
325944,Brisbane
325945,Brisbane
325946,Brisbane
325947,Brisbane
325948,Brisbane
325949,Brisbane
325950,Brisbane
325951,Brisbane
325952,Brisbane
325953,Brisbane
325954,Brisbane
325955,Brisbane
325956,Brisbane
325957,Melbourne
325958,Brisbane
325959,Sydney
325960,Brisbane
325961,Brisbane
325962,Brisbane
325963,Brisbane
325964,Brisbane
325965,Brisbane
325966,Brisbane
325967,Brisbane
325968,Brisbane
325969,Brisbane
325970,Brisbane
325971,Sydney
325972,Brisbane
325973,Brisbane
325974,Brisbane
325975,Brisbane
325976,Brisbane
325977,Brisbane
325978,Brisbane
325979,Brisbane
325980,Brisbane
325981,Brisbane
325982,Brisbane
325983,Brisbane
325984,Brisbane
325985,Melbourne
325986,Brisbane
325987,Brisbane
325988,Brisbane
325989,Brisbane
325990,Brisbane
325991,Sydney
325992,Brisbane
325993,Brisbane
325994,Melbourne
325995,Brisbane
325996,Brisbane
325997,Brisbane
325998,Sydney
325999,Brisbane
326000,Brisbane
326001,Brisbane
326002,Brisbane
326003,Brisbane
326004,Brisbane
326005,Brisbane
326006,Brisbane
326007,Brisbane
326008,Brisbane
326009,Perth
326010,Sydney
326011,Brisbane
326012,Brisbane
326013,Brisbane
326014,Brisbane
326015,Brisbane
326016,Sydney
326017,Brisbane
326018,Brisbane
326019,Brisbane
326020,Brisbane
326021,Brisbane
326022,Brisbane
326023,Perth
326024,Brisbane
326025,Brisbane
326026,Brisbane
326027,Brisbane
326028,Sydney
326029,Brisbane
326030,Brisbane
326031,Melbourne
326032,Brisbane
326033,Brisbane
326034,Brisbane
326035,Brisbane
326036,Brisbane
326037,Brisbane
326038,Brisbane
326039,Brisbane
326040,Brisbane
326041,Brisbane
326042,Brisbane
326043,Brisbane
326044,Brisbane
326045,Brisbane
326046,Brisbane
326047,Brisbane
326048,Brisbane
326049,Brisbane
326050,Brisbane
326051,Brisbane
326052,Brisbane
326053,Brisbane
326054,Brisbane
326055,Brisbane
326056,Brisbane
326057,Brisbane
326058,Brisbane
326059,Brisbane
326060,Sydney
326061,Perth
326062,Melbourne
326063,Brisbane
326064,Brisbane
326065,Brisbane
326066,Brisbane
326067,Brisbane
326068,Brisbane
326069,Brisbane
326070,Brisbane
326071,Brisbane
326072,Brisbane
326073,Brisbane
326074,Brisbane
326075,Brisbane
326076,Brisbane
326077,Perth
326078,Brisbane
326079,Brisbane
326080,Brisbane
326081,Brisbane
326082,Brisbane
326083,Sydney
326084,Brisbane
326085,Brisbane
326086,Brisbane
326087,Brisbane
326088,Brisbane
326089,Brisbane
326090,Brisbane
326091,Brisbane
326092,Brisbane
326093,Brisbane
326094,Brisbane
326095,Brisbane
326096,Brisbane
326097,Brisbane
326098,Brisbane
326099,Brisbane
326100,Perth
326101,Brisbane
326102,Brisbane
326103,Brisbane
326104,Melbourne
326105,Brisbane
326106,Brisbane
326107,Brisbane
326108,Brisbane
326109,Sydney
326110,Brisbane
326111,Brisbane
326112,Brisbane
326113,Sydney
326114,Brisbane
326115,Brisbane
326116,Brisbane
326117,Brisbane
326118,Brisbane
326119,Sydney
326120,Brisbane
326121,Brisbane
326122,Brisbane
326123,Sydney
326124,Brisbane
326125,Brisbane
326126,Brisbane
326127,Brisbane
326128,Brisbane
326129,Brisbane
326130,Brisbane
326131,Brisbane
326132,Brisbane
326133,Sydney
326134,Brisbane
326135,Sydney
326136,Brisbane
326137,Brisbane
326138,Brisbane
326139,Brisbane
326140,Brisbane
326141,Brisbane
326142,Sydney
326143,Sydney
326144,Sydney
326145,Brisbane
326146,Brisbane
326147,Brisbane
326148,Brisbane
326149,Brisbane
326150,Brisbane
326151,Brisbane
326152,Brisbane
326153,Brisbane
326154,Brisbane
326155,Brisbane
326156,Brisbane
326157,Brisbane
326158,Brisbane
326159,Brisbane
326160,Brisbane
326161,Brisbane
326162,Brisbane
326163,Brisbane
326164,Brisbane
326165,Brisbane
326166,Brisbane
326167,Brisbane
326168,Brisbane
326169,Brisbane
326170,Sydney
326171,Brisbane
326172,Brisbane
326173,Brisbane
326174,Brisbane
326175,Brisbane
326176,Brisbane
326177,Brisbane
326178,Brisbane
326179,Brisbane
326180,Brisbane
326181,Brisbane
326182,Brisbane
326183,Brisbane
326184,Brisbane
326185,Brisbane
326186,Brisbane
326187,Brisbane
326188,Brisbane
326189,Brisbane
326190,Brisbane
326191,Brisbane
326192,Brisbane
326193,Brisbane
326194,Melbourne
326195,Brisbane
326196,Brisbane
326197,Brisbane
326198,Brisbane
326199,Brisbane
326200,Brisbane
326201,Brisbane
326202,Brisbane
326203,Brisbane
326204,Brisbane
326205,Sydney
326206,Brisbane
326207,Brisbane
326208,Brisbane
326209,Brisbane
326210,Brisbane
326211,Brisbane
326212,Brisbane
326213,Brisbane
326214,Brisbane
326215,Brisbane
326216,Brisbane
326217,Brisbane
326218,Brisbane
326219,Brisbane
326220,Brisbane
326221,Brisbane
326222,Brisbane
326223,Brisbane
326224,Brisbane
326225,Brisbane
326226,Brisbane
326227,Brisbane
326228,Brisbane
326229,Brisbane
326230,Brisbane
326231,Brisbane
326232,Brisbane
326233,Brisbane
326234,Brisbane
326235,Brisbane
326236,Perth
326237,Brisbane
326238,Brisbane
326239,Brisbane
326240,Brisbane
326241,Sydney
326242,Melbourne
326243,Brisbane
326244,Brisbane
326245,Brisbane
326246,Brisbane
326247,Brisbane
326248,Sydney
326249,Sydney
326250,Sydney
326251,Brisbane
326252,Brisbane
326253,Brisbane
326254,Brisbane
326255,Brisbane
326256,Brisbane
326257,Brisbane
326258,Brisbane
326259,Brisbane
326260,Brisbane
326261,Brisbane
326262,Brisbane
326263,Brisbane
326264,Brisbane
326265,Brisbane
326266,Brisbane
326267,Melbourne
326268,Brisbane
326269,Brisbane
326270,Brisbane
326271,Sydney
326272,Perth
326273,Brisbane
326274,Brisbane
326275,Sydney
326276,Brisbane
326277,Brisbane
326278,Brisbane
326279,Brisbane
326280,Brisbane
326281,Brisbane
326282,Brisbane
326283,Brisbane
326284,Brisbane
326285,Brisbane
326286,Brisbane
326287,Brisbane
326288,Brisbane
326289,Brisbane
326290,Brisbane
326291,Brisbane
326292,Brisbane
326293,Brisbane
326294,Brisbane
326295,Brisbane
326296,Sydney
326297,Brisbane
326298,Brisbane
326299,Brisbane
326300,Brisbane
326301,Brisbane
326302,Brisbane
326303,Brisbane
326304,Sydney
326305,Brisbane
326306,Brisbane
326307,Brisbane
326308,Brisbane
326309,Brisbane
326310,Sydney
326311,Perth
326312,Sydney
326313,Brisbane
326314,Brisbane
326315,Brisbane
326316,Brisbane
326317,Brisbane
326318,Brisbane
326319,Brisbane
326320,Brisbane
326321,Brisbane
326322,Brisbane
326323,Brisbane
326324,Brisbane
326325,Brisbane
326326,Brisbane
326327,Brisbane
326328,Brisbane
326329,Brisbane
326330,Brisbane
326331,Brisbane
326332,Brisbane
326333,Brisbane
326334,Brisbane
326335,Brisbane
326336,Brisbane
326337,Brisbane
326338,Brisbane
326339,Brisbane
326340,Brisbane
326341,Brisbane
326342,Brisbane
326343,Brisbane
326344,Brisbane
326345,Brisbane
326346,Brisbane
326347,Brisbane
326348,Brisbane
326349,Brisbane
326350,Brisbane
326351,Brisbane
326352,Brisbane
326353,Brisbane
326354,Brisbane
326355,Brisbane
326356,Brisbane
326357,Brisbane
326358,Brisbane
326359,Brisbane
326360,Brisbane
326361,Brisbane
326362,Brisbane
326363,Brisbane
326364,Melbourne
326365,Brisbane
326366,Melbourne
326367,Brisbane
326368,Brisbane
326369,Melbourne
326370,Brisbane
326371,Brisbane
326372,Brisbane
326373,Brisbane
326374,Brisbane
326375,Brisbane
326376,Brisbane
326377,Perth
326378,Brisbane
326379,Brisbane
326380,Brisbane
326381,Brisbane
326382,Brisbane
326383,Brisbane
326384,Brisbane
326385,Brisbane
326386,Brisbane
326387,Brisbane
326388,Brisbane
326389,Brisbane
326390,Brisbane
326391,Brisbane
326392,Brisbane
326393,Brisbane
326394,Brisbane
326395,Brisbane
326396,Brisbane
326397,Brisbane
326398,Brisbane
326399,Brisbane
326400,Brisbane
326401,Brisbane
326402,Perth
326403,Brisbane
326404,Sydney
326405,Brisbane
326406,Brisbane
326407,Brisbane
326408,Brisbane
326409,Sydney
326410,Sydney
326411,Brisbane
326412,Brisbane
326413,Brisbane
326414,Melbourne
326415,Brisbane
326416,Brisbane
326417,Brisbane
326418,Brisbane
326419,Melbourne
326420,Brisbane
326421,Perth
326422,Brisbane
326423,Brisbane
326424,Brisbane
326425,Brisbane
326426,Brisbane
326427,Brisbane
326428,Brisbane
326429,Brisbane
326430,Brisbane
326431,Brisbane
326432,Perth
326433,Brisbane
326434,Brisbane
326435,Brisbane
326436,Brisbane
326437,Brisbane
326438,Brisbane
326439,Brisbane
326440,Brisbane
326441,Brisbane
326442,Brisbane
326443,Brisbane
326444,Brisbane
326445,Perth
326446,Brisbane
326447,Brisbane
326448,Brisbane
326449,Brisbane
326450,Brisbane
326451,Brisbane
326452,Brisbane
326453,Brisbane
326454,Brisbane
326455,Brisbane
326456,Brisbane
326457,Melbourne
326458,Brisbane
326459,Sydney
326460,Brisbane
326461,Brisbane
326462,Perth
326463,Perth
326464,Brisbane
326465,Brisbane
326466,Brisbane
326467,Brisbane
326468,Sydney
326469,Brisbane
326470,Brisbane
326471,Brisbane
326472,Melbourne
326473,Brisbane
326474,Brisbane
326475,Brisbane
326476,Brisbane
326477,Brisbane
326478,Brisbane
326479,Brisbane
326480,Brisbane
326481,Brisbane
326482,Brisbane
326483,Brisbane
326484,Brisbane
326485,Brisbane
326486,Brisbane
326487,Brisbane
326488,Brisbane
326489,Brisbane
326490,Brisbane
326491,Brisbane
326492,Brisbane
326493,Brisbane
326494,Brisbane
326495,Brisbane
326496,Brisbane
326497,Sydney
326498,Brisbane
326499,Brisbane
326500,Brisbane
326501,Brisbane
326502,Brisbane
326503,Brisbane
326504,Brisbane
326505,Brisbane
326506,Brisbane
326507,Sydney
326508,Brisbane
326509,Sydney
326510,Brisbane
326511,Brisbane
326512,Brisbane
326513,Sydney
326514,Brisbane
326515,Brisbane
326516,Brisbane
326517,Brisbane
326518,Brisbane
326519,Brisbane
326520,Brisbane
326521,Brisbane
326522,Brisbane
326523,Sydney
326524,Brisbane
326525,Brisbane
326526,Brisbane
326527,Sydney
326528,Brisbane
326529,Brisbane
326530,Brisbane
326531,Brisbane
326532,Brisbane
326533,Brisbane
326534,Brisbane
326535,Perth
326536,Brisbane
326537,Brisbane
326538,Brisbane
326539,Brisbane
326540,Brisbane
326541,Brisbane
326542,Perth
326543,Brisbane
326544,Perth
326545,Brisbane
326546,Brisbane
326547,Brisbane
326548,Brisbane
326549,Brisbane
326550,Brisbane
326551,Brisbane
326552,Brisbane
326553,Brisbane
326554,Brisbane
326555,Brisbane
326556,Sydney
326557,Brisbane
326558,Brisbane
326559,Brisbane
326560,Brisbane
326561,Brisbane
326562,Brisbane
326563,Brisbane
326564,Brisbane
326565,Brisbane
326566,Brisbane
326567,Brisbane
326568,Brisbane
326569,Brisbane
326570,Brisbane
326571,Brisbane
326572,Brisbane
326573,Brisbane
326574,Brisbane
326575,Brisbane
326576,Brisbane
326577,Brisbane
326578,Brisbane
326579,Brisbane
326580,Brisbane
326581,Brisbane
326582,Brisbane
326583,Brisbane
326584,Brisbane
326585,Brisbane
326586,Brisbane
326587,Brisbane
326588,Brisbane
326589,Melbourne
326590,Perth
326591,Brisbane
326592,Brisbane
326593,Brisbane
326594,Brisbane
326595,Brisbane
326596,Brisbane
326597,Sydney
326598,Sydney
326599,Brisbane
326600,Brisbane
326601,Brisbane
326602,Brisbane
326603,Brisbane
326604,Brisbane
326605,Brisbane
326606,Brisbane
326607,Brisbane
326608,Brisbane
326609,Brisbane
326610,Brisbane
326611,Brisbane
326612,Brisbane
326613,Brisbane
326614,Brisbane
326615,Brisbane
326616,Brisbane
326617,Brisbane
326618,Brisbane
326619,Brisbane
326620,Brisbane
326621,Brisbane
326622,Sydney
326623,Brisbane
326624,Brisbane
326625,Brisbane
326626,Brisbane
326627,Brisbane
326628,Brisbane
326629,Brisbane
326630,Sydney
326631,Brisbane
326632,Brisbane
326633,Brisbane
326634,Brisbane
326635,Brisbane
326636,Brisbane
326637,Brisbane
326638,Brisbane
326639,Sydney
326640,Melbourne
326641,Brisbane
326642,Brisbane
326643,Brisbane
326644,Brisbane
326645,Brisbane
326646,Brisbane
326647,Brisbane
326648,Perth
326649,Brisbane
326650,Brisbane
326651,Brisbane
326652,Brisbane
326653,Brisbane
326654,Sydney
326655,Brisbane
326656,Brisbane
326657,Brisbane
326658,Brisbane
326659,Brisbane
326660,Melbourne
326661,Brisbane
326662,Brisbane
326663,Brisbane
326664,Brisbane
326665,Brisbane
326666,Perth
326667,Brisbane
326668,Brisbane
326669,Brisbane
326670,Brisbane
326671,Brisbane
326672,Brisbane
326673,Sydney
326674,Brisbane
326675,Brisbane
326676,Brisbane
326677,Brisbane
326678,Melbourne
326679,Brisbane
326680,Brisbane
326681,Brisbane
326682,Brisbane
326683,Melbourne
326684,Brisbane
326685,Brisbane
326686,Brisbane
326687,Brisbane
326688,Brisbane
326689,Brisbane
326690,Brisbane
326691,Brisbane
326692,Brisbane
326693,Brisbane
326694,Sydney
326695,Brisbane
326696,Brisbane
326697,Brisbane
326698,Perth
326699,Brisbane
326700,Brisbane
326701,Melbourne
326702,Brisbane
326703,Brisbane
326704,Brisbane
326705,Brisbane
326706,Brisbane
326707,Brisbane
326708,Brisbane
326709,Brisbane
326710,Brisbane
326711,Brisbane
326712,Brisbane
326713,Brisbane
326714,Brisbane
326715,Brisbane
326716,Brisbane
326717,Sydney
326718,Brisbane
326719,Sydney
326720,Brisbane
326721,Brisbane
326722,Brisbane
326723,Brisbane
326724,Brisbane
326725,Sydney
326726,Brisbane
326727,Brisbane
326728,Brisbane
326729,Brisbane
326730,Brisbane
326731,Brisbane
326732,Brisbane
326733,Brisbane
326734,Brisbane
326735,Brisbane
326736,Brisbane
326737,Brisbane
326738,Brisbane
326739,Brisbane
326740,Brisbane
326741,Brisbane
326742,Brisbane
326743,Brisbane
326744,Brisbane
326745,Brisbane
326746,Brisbane
326747,Brisbane
326748,Brisbane
326749,Brisbane
326750,Brisbane
326751,Brisbane
326752,Brisbane
326753,Brisbane
326754,Brisbane
326755,Brisbane
326756,Brisbane
326757,Brisbane
326758,Brisbane
326759,Brisbane
326760,Brisbane
326761,Brisbane
326762,Brisbane
326763,Brisbane
326764,Brisbane
326765,Brisbane
326766,Brisbane
326767,Brisbane
326768,Brisbane
326769,Brisbane
326770,Brisbane
326771,Brisbane
326772,Brisbane
326773,Brisbane
326774,Brisbane
326775,Brisbane
326776,Brisbane
326777,Brisbane
326778,Brisbane
326779,Brisbane
326780,Brisbane
326781,Brisbane
326782,Brisbane
326783,Brisbane
326784,Brisbane
326785,Brisbane
326786,Brisbane
326787,Brisbane
326788,Brisbane
326789,Brisbane
326790,Brisbane
326791,Brisbane
326792,Brisbane
326793,Brisbane
326794,Brisbane
326795,Brisbane
326796,Brisbane
326797,Brisbane
326798,Brisbane
326799,Brisbane
326800,Brisbane
326801,Brisbane
326802,Brisbane
326803,Brisbane
326804,Brisbane
326805,Brisbane
326806,Brisbane
326807,Brisbane
326808,Brisbane
326809,Brisbane
326810,Brisbane
326811,Melbourne
326812,Brisbane
326813,Brisbane
326814,Brisbane
326815,Brisbane
326816,Brisbane
326817,Brisbane
326818,Brisbane
326819,Brisbane
326820,Brisbane
326821,Brisbane
326822,Brisbane
326823,Brisbane
326824,Brisbane
326825,Brisbane
326826,Brisbane
326827,Perth
326828,Brisbane
326829,Brisbane
326830,Brisbane
326831,Brisbane
326832,Melbourne
326833,Brisbane
326834,Brisbane
326835,Brisbane
326836,Brisbane
326837,Brisbane
326838,Brisbane
326839,Brisbane
326840,Brisbane
326841,Brisbane
326842,Brisbane
326843,Brisbane
326844,Perth
326845,Brisbane
326846,Brisbane
326847,Brisbane
326848,Brisbane
326849,Sydney
326850,Sydney
326851,Brisbane
326852,Brisbane
326853,Brisbane
326854,Brisbane
326855,Brisbane
326856,Melbourne
326857,Brisbane
326858,Brisbane
326859,Brisbane
326860,Brisbane
326861,Perth
326862,Brisbane
326863,Brisbane
326864,Brisbane
326865,Brisbane
326866,Brisbane
326867,Brisbane
326868,Brisbane
326869,Brisbane
326870,Brisbane
326871,Brisbane
326872,Brisbane
326873,Brisbane
326874,Brisbane
326875,Sydney
326876,Brisbane
326877,Brisbane
326878,Brisbane
326879,Brisbane
326880,Brisbane
326881,Brisbane
326882,Brisbane
326883,Brisbane
326884,Brisbane
326885,Brisbane
326886,Brisbane
326887,Brisbane
326888,Brisbane
326889,Brisbane
326890,Brisbane
326891,Brisbane
326892,Perth
326893,Brisbane
326894,Brisbane
326895,Brisbane
326896,Brisbane
326897,Brisbane
326898,Brisbane
326899,Brisbane
326900,Brisbane
326901,Brisbane
326902,Brisbane
326903,Brisbane
326904,Sydney
326905,Brisbane
326906,Brisbane
326907,Brisbane
326908,Brisbane
326909,Brisbane
326910,Perth
326911,Brisbane
326912,Sydney
326913,Brisbane
326914,Brisbane
326915,Brisbane
326916,Brisbane
326917,Brisbane
326918,Brisbane
326919,Brisbane
326920,Brisbane
326921,Brisbane
326922,Brisbane
326923,Brisbane
326924,Sydney
326925,Brisbane
326926,Brisbane
326927,Brisbane
326928,Brisbane
326929,Brisbane
326930,Brisbane
326931,Brisbane
326932,Perth
326933,Brisbane
326934,Brisbane
326935,Brisbane
326936,Brisbane
326937,Brisbane
326938,Brisbane
326939,Brisbane
326940,Brisbane
326941,Brisbane
326942,Brisbane
326943,Brisbane
326944,Sydney
326945,Brisbane
326946,Brisbane
326947,Brisbane
326948,Sydney
326949,Brisbane
326950,Brisbane
326951,Brisbane
326952,Brisbane
326953,Brisbane
326954,Brisbane
326955,Brisbane
326956,Brisbane
326957,Brisbane
326958,Brisbane
326959,Brisbane
326960,Brisbane
326961,Brisbane
326962,Brisbane
326963,Brisbane
326964,Brisbane
326965,Brisbane
326966,Brisbane
326967,Brisbane
326968,Brisbane
326969,Melbourne
326970,Brisbane
326971,Perth
326972,Brisbane
326973,Brisbane
326974,Brisbane
326975,Brisbane
326976,Brisbane
326977,Brisbane
326978,Brisbane
326979,Brisbane
326980,Brisbane
326981,Brisbane
326982,Sydney
326983,Sydney
326984,Brisbane
326985,Brisbane
326986,Brisbane
326987,Brisbane
326988,Brisbane
326989,Brisbane
326990,Brisbane
326991,Brisbane
326992,Brisbane
326993,Brisbane
326994,Brisbane
326995,Brisbane
326996,Brisbane
326997,Sydney
326998,Brisbane
326999,Brisbane
327000,Melbourne
327001,Brisbane
327002,Brisbane
327003,Sydney
327004,Sydney
327005,Brisbane
327006,Brisbane
327007,Brisbane
327008,Brisbane
327009,Brisbane
327010,Brisbane
327011,Brisbane
327012,Brisbane
327013,Brisbane
327014,Brisbane
327015,Brisbane
327016,Brisbane
327017,Brisbane
327018,Brisbane
327019,Brisbane
327020,Brisbane
327021,Brisbane
327022,Brisbane
327023,Melbourne
327024,Sydney
327025,Brisbane
327026,Brisbane
327027,Brisbane
327028,Brisbane
327029,Brisbane
327030,Sydney
327031,Brisbane
327032,Brisbane
327033,Perth
327034,Brisbane
327035,Brisbane
327036,Brisbane
327037,Brisbane
327038,Brisbane
327039,Brisbane
327040,Brisbane
327041,Brisbane
327042,Brisbane
327043,Sydney
327044,Brisbane
327045,Brisbane
327046,Brisbane
327047,Brisbane
327048,Brisbane
327049,Brisbane
327050,Sydney
327051,Brisbane
327052,Brisbane
327053,Brisbane
327054,Brisbane
327055,Brisbane
327056,Brisbane
327057,Brisbane
327058,Brisbane
327059,Brisbane
327060,Brisbane
327061,Brisbane
327062,Brisbane
327063,Brisbane
327064,Brisbane
327065,Brisbane
327066,Brisbane
327067,Brisbane
327068,Brisbane
327069,Brisbane
327070,Brisbane
327071,Brisbane
327072,Brisbane
327073,Brisbane
327074,Brisbane
327075,Perth
327076,Brisbane
327077,Brisbane
327078,Brisbane
327079,Brisbane
327080,Brisbane
327081,Perth
327082,Brisbane
327083,Brisbane
327084,Brisbane
327085,Brisbane
327086,Brisbane
327087,Brisbane
327088,Brisbane
327089,Brisbane
327090,Brisbane
327091,Melbourne
327092,Brisbane
327093,Sydney
327094,Perth
327095,Brisbane
327096,Brisbane
327097,Brisbane
327098,Brisbane
327099,Brisbane
327100,Brisbane
327101,Brisbane
327102,Sydney
327103,Brisbane
327104,Brisbane
327105,Brisbane
327106,Brisbane
327107,Brisbane
327108,Brisbane
327109,Brisbane
327110,Sydney
327111,Brisbane
327112,Brisbane
327113,Brisbane
327114,Brisbane
327115,Brisbane
327116,Brisbane
327117,Brisbane
327118,Brisbane
327119,Sydney
327120,Brisbane
327121,Brisbane
327122,Brisbane
327123,Brisbane
327124,Sydney
327125,Brisbane
327126,Brisbane
327127,Brisbane
327128,Brisbane
327129,Brisbane
327130,Brisbane
327131,Brisbane
327132,Brisbane
327133,Brisbane
327134,Brisbane
327135,Brisbane
327136,Brisbane
327137,Brisbane
327138,Brisbane
327139,Brisbane
327140,Brisbane
327141,Brisbane
327142,Brisbane
327143,Brisbane
327144,Brisbane
327145,Brisbane
327146,Perth
327147,Sydney
327148,Melbourne
327149,Brisbane
327150,Brisbane
327151,Brisbane
327152,Brisbane
327153,Brisbane
327154,Brisbane
327155,Brisbane
327156,Perth
327157,Brisbane
327158,Perth
327159,Brisbane
327160,Brisbane
327161,Brisbane
327162,Perth
327163,Brisbane
327164,Sydney
327165,Brisbane
327166,Brisbane
327167,Brisbane
327168,Brisbane
327169,Brisbane
327170,Brisbane
327171,Brisbane
327172,Perth
327173,Brisbane
327174,Brisbane
327175,Brisbane
327176,Brisbane
327177,Brisbane
327178,Brisbane
327179,Brisbane
327180,Brisbane
327181,Brisbane
327182,Brisbane
327183,Brisbane
327184,Brisbane
327185,Brisbane
327186,Sydney
327187,Brisbane
327188,Brisbane
327189,Brisbane
327190,Brisbane
327191,Brisbane
327192,Melbourne
327193,Perth
327194,Brisbane
327195,Brisbane
327196,Perth
327197,Brisbane
327198,Brisbane
327199,Brisbane
327200,Sydney
327201,Brisbane
327202,Brisbane
327203,Brisbane
327204,Brisbane
327205,Brisbane
327206,Brisbane
327207,Brisbane
327208,Brisbane
327209,Brisbane
327210,Brisbane
327211,Brisbane
327212,Brisbane
327213,Brisbane
327214,Brisbane
327215,Brisbane
327216,Brisbane
327217,Brisbane
327218,Sydney
327219,Brisbane
327220,Brisbane
327221,Brisbane
327222,Melbourne
327223,Brisbane
327224,Brisbane
327225,Brisbane
327226,Brisbane
327227,Brisbane
327228,Brisbane
327229,Brisbane
327230,Brisbane
327231,Brisbane
327232,Brisbane
327233,Brisbane
327234,Brisbane
327235,Brisbane
327236,Brisbane
327237,Brisbane
327238,Brisbane
327239,Sydney
327240,Brisbane
327241,Brisbane
327242,Brisbane
327243,Melbourne
327244,Brisbane
327245,Brisbane
327246,Brisbane
327247,Brisbane
327248,Brisbane
327249,Brisbane
327250,Brisbane
327251,Brisbane
327252,Brisbane
327253,Brisbane
327254,Brisbane
327255,Brisbane
327256,Sydney
327257,Brisbane
327258,Brisbane
327259,Brisbane
327260,Brisbane
327261,Brisbane
327262,Brisbane
327263,Brisbane
327264,Brisbane
327265,Brisbane
327266,Brisbane
327267,Brisbane
327268,Brisbane
327269,Brisbane
327270,Brisbane
327271,Brisbane
327272,Brisbane
327273,Brisbane
327274,Melbourne
327275,Brisbane
327276,Brisbane
327277,Brisbane
327278,Brisbane
327279,Brisbane
327280,Brisbane
327281,Brisbane
327282,Brisbane
327283,Brisbane
327284,Perth
327285,Brisbane
327286,Brisbane
327287,Brisbane
327288,Brisbane
327289,Brisbane
327290,Brisbane
327291,Brisbane
327292,Brisbane
327293,Brisbane
327294,Brisbane
327295,Brisbane
327296,Brisbane
327297,Brisbane
327298,Brisbane
327299,Brisbane
327300,Brisbane
327301,Brisbane
327302,Brisbane
327303,Brisbane
327304,Brisbane
327305,Brisbane
327306,Brisbane
327307,Brisbane
327308,Brisbane
327309,Brisbane
327310,Brisbane
327311,Brisbane
327312,Sydney
327313,Brisbane
327314,Brisbane
327315,Brisbane
327316,Brisbane
327317,Brisbane
327318,Brisbane
327319,Brisbane
327320,Brisbane
327321,Perth
327322,Melbourne
327323,Melbourne
327324,Brisbane
327325,Brisbane
327326,Brisbane
327327,Brisbane
327328,Brisbane
327329,Brisbane
327330,Brisbane
327331,Melbourne
327332,Brisbane
327333,Brisbane
327334,Brisbane
327335,Brisbane
327336,Brisbane
327337,Brisbane
327338,Brisbane
327339,Brisbane
327340,Brisbane
327341,Brisbane
327342,Brisbane
327343,Brisbane
327344,Brisbane
327345,Brisbane
327346,Brisbane
327347,Brisbane
327348,Brisbane
327349,Brisbane
327350,Melbourne
327351,Brisbane
327352,Brisbane
327353,Brisbane
327354,Brisbane
327355,Brisbane
327356,Brisbane
327357,Brisbane
327358,Brisbane
327359,Brisbane
327360,Brisbane
327361,Brisbane
327362,Sydney
327363,Brisbane
327364,Brisbane
327365,Brisbane
327366,Brisbane
327367,Brisbane
327368,Brisbane
327369,Brisbane
327370,Brisbane
327371,Brisbane
327372,Brisbane
327373,Brisbane
327374,Brisbane
327375,Brisbane
327376,Brisbane
327377,Brisbane
327378,Sydney
327379,Brisbane
327380,Brisbane
327381,Brisbane
327382,Brisbane
327383,Brisbane
327384,Brisbane
327385,Brisbane
327386,Brisbane
327387,Brisbane
327388,Melbourne
327389,Brisbane
327390,Brisbane
327391,Brisbane
327392,Brisbane
327393,Brisbane
327394,Brisbane
327395,Perth
327396,Brisbane
327397,Brisbane
327398,Brisbane
327399,Brisbane
327400,Brisbane
327401,Brisbane
327402,Brisbane
327403,Sydney
327404,Brisbane
327405,Brisbane
327406,Brisbane
327407,Brisbane
327408,Brisbane
327409,Brisbane
327410,Perth
327411,Perth
327412,Brisbane
327413,Melbourne
327414,Brisbane
327415,Sydney
327416,Sydney
327417,Brisbane
327418,Brisbane
327419,Brisbane
327420,Brisbane
327421,Brisbane
327422,Brisbane
327423,Brisbane
327424,Brisbane
327425,Brisbane
327426,Brisbane
327427,Brisbane
327428,Brisbane
327429,Perth
327430,Perth
327431,Brisbane
327432,Brisbane
327433,Brisbane
327434,Brisbane
327435,Brisbane
327436,Brisbane
327437,Brisbane
327438,Brisbane
327439,Brisbane
327440,Melbourne
327441,Brisbane
327442,Brisbane
327443,Brisbane
327444,Brisbane
327445,Brisbane
327446,Brisbane
327447,Brisbane
327448,Brisbane
327449,Brisbane
327450,Brisbane
327451,Brisbane
327452,Brisbane
327453,Brisbane
327454,Brisbane
327455,Brisbane
327456,Brisbane
327457,Brisbane
327458,Sydney
327459,Brisbane
327460,Brisbane
327461,Brisbane
327462,Brisbane
327463,Brisbane
327464,Brisbane
327465,Brisbane
327466,Brisbane
327467,Brisbane
327468,Brisbane
327469,Brisbane
327470,Brisbane
327471,Brisbane
327472,Brisbane
327473,Brisbane
327474,Brisbane
327475,Brisbane
327476,Brisbane
327477,Brisbane
327478,Brisbane
327479,Brisbane
327480,Brisbane
327481,Brisbane
327482,Brisbane
327483,Brisbane
327484,Brisbane
327485,Brisbane
327486,Brisbane
327487,Melbourne
327488,Brisbane
327489,Brisbane
327490,Brisbane
327491,Brisbane
327492,Melbourne
327493,Brisbane
327494,Brisbane
327495,Brisbane
327496,Perth
327497,Brisbane
327498,Brisbane
327499,Brisbane
327500,Brisbane
327501,Brisbane
327502,Brisbane
327503,Brisbane
327504,Brisbane
327505,Brisbane
327506,Brisbane
327507,Brisbane
327508,Brisbane
327509,Brisbane
327510,Brisbane
327511,Brisbane
327512,Brisbane
327513,Brisbane
327514,Brisbane
327515,Brisbane
327516,Brisbane
327517,Brisbane
327518,Brisbane
327519,Brisbane
327520,Brisbane
327521,Brisbane
327522,Brisbane
327523,Brisbane
327524,Brisbane
327525,Brisbane
327526,Brisbane
327527,Brisbane
327528,Brisbane
327529,Brisbane
327530,Brisbane
327531,Brisbane
327532,Melbourne
327533,Brisbane
327534,Brisbane
327535,Brisbane
327536,Brisbane
327537,Perth
327538,Brisbane
327539,Brisbane
327540,Brisbane
327541,Brisbane
327542,Brisbane
327543,Perth
327544,Brisbane
327545,Brisbane
327546,Brisbane
327547,Brisbane
327548,Brisbane
327549,Brisbane
327550,Brisbane
327551,Brisbane
327552,Brisbane
327553,Brisbane
327554,Brisbane
327555,Sydney
327556,Sydney
327557,Brisbane
327558,Brisbane
327559,Brisbane
327560,Brisbane
327561,Brisbane
327562,Brisbane
327563,Brisbane
327564,Perth
327565,Brisbane
327566,Brisbane
327567,Brisbane
327568,Sydney
327569,Brisbane
327570,Brisbane
327571,Brisbane
327572,Brisbane
327573,Brisbane
327574,Brisbane
327575,Sydney
327576,Brisbane
327577,Brisbane
327578,Brisbane
327579,Brisbane
327580,Sydney
327581,Brisbane
327582,Brisbane
327583,Brisbane
327584,Brisbane
327585,Brisbane
327586,Brisbane
327587,Brisbane
327588,Brisbane
327589,Brisbane
327590,Brisbane
327591,Sydney
327592,Brisbane
327593,Brisbane
327594,Sydney
327595,Sydney
327596,Brisbane
327597,Brisbane
327598,Perth
327599,Perth
327600,Sydney
327601,Brisbane
327602,Brisbane
327603,Brisbane
327604,Brisbane
327605,Brisbane
327606,Melbourne
327607,Brisbane
327608,Brisbane
327609,Perth
327610,Brisbane
327611,Brisbane
327612,Brisbane
327613,Brisbane
327614,Brisbane
327615,Brisbane
327616,Sydney
327617,Brisbane
327618,Brisbane
327619,Sydney
327620,Brisbane
327621,Brisbane
327622,Sydney
327623,Brisbane
327624,Brisbane
327625,Brisbane
327626,Brisbane
327627,Brisbane
327628,Brisbane
327629,Brisbane
327630,Brisbane
327631,Brisbane
327632,Brisbane
327633,Brisbane
327634,Brisbane
327635,Brisbane
327636,Brisbane
327637,Brisbane
327638,Brisbane
327639,Brisbane
327640,Sydney
327641,Sydney
327642,Brisbane
327643,Brisbane
327644,Brisbane
327645,Brisbane
327646,Brisbane
327647,Brisbane
327648,Melbourne
327649,Brisbane
327650,Perth
327651,Brisbane
327652,Brisbane
327653,Brisbane
327654,Brisbane
327655,Brisbane
327656,Brisbane
327657,Brisbane
327658,Brisbane
327659,Brisbane
327660,Brisbane
327661,Brisbane
327662,Brisbane
327663,Brisbane
327664,Brisbane
327665,Brisbane
327666,Brisbane
327667,Brisbane
327668,Brisbane
327669,Brisbane
327670,Brisbane
327671,Sydney
327672,Brisbane
327673,Brisbane
327674,Brisbane
327675,Brisbane
327676,Brisbane
327677,Brisbane
327678,Sydney
327679,Brisbane
327680,Brisbane
327681,Sydney
327682,Brisbane
327683,Brisbane
327684,Brisbane
327685,Brisbane
327686,Brisbane
327687,Brisbane
327688,Brisbane
327689,Brisbane
327690,Brisbane
327691,Brisbane
327692,Brisbane
327693,Brisbane
327694,Brisbane
327695,Brisbane
327696,Brisbane
327697,Brisbane
327698,Brisbane
327699,Brisbane
327700,Brisbane
327701,Brisbane
327702,Brisbane
327703,Perth
327704,Brisbane
327705,Melbourne
327706,Brisbane
327707,Brisbane
327708,Brisbane
327709,Brisbane
327710,Brisbane
327711,Brisbane
327712,Brisbane
327713,Melbourne
327714,Brisbane
327715,Perth
327716,Brisbane
327717,Brisbane
327718,Brisbane
327719,Brisbane
327720,Brisbane
327721,Brisbane
327722,Brisbane
327723,Brisbane
327724,Brisbane
327725,Brisbane
327726,Sydney
327727,Brisbane
327728,Brisbane
327729,Brisbane
327730,Brisbane
327731,Brisbane
327732,Brisbane
327733,Sydney
327734,Brisbane
327735,Brisbane
327736,Melbourne
327737,Sydney
327738,Melbourne
327739,Brisbane
327740,Brisbane
327741,Brisbane
327742,Brisbane
327743,Brisbane
327744,Brisbane
327745,Brisbane
327746,Brisbane
327747,Brisbane
327748,Brisbane
327749,Brisbane
327750,Brisbane
327751,Brisbane
327752,Sydney
327753,Brisbane
327754,Brisbane
327755,Sydney
327756,Brisbane
327757,Brisbane
327758,Brisbane
327759,Brisbane
327760,Brisbane
327761,Perth
327762,Sydney
327763,Sydney
327764,Brisbane
327765,Brisbane
327766,Brisbane
327767,Brisbane
327768,Brisbane
327769,Brisbane
327770,Sydney
327771,Brisbane
327772,Brisbane
327773,Brisbane
327774,Brisbane
327775,Melbourne
327776,Brisbane
327777,Melbourne
327778,Sydney
327779,Brisbane
327780,Brisbane
327781,Brisbane
327782,Melbourne
327783,Brisbane
327784,Brisbane
327785,Brisbane
327786,Brisbane
327787,Brisbane
327788,Brisbane
327789,Brisbane
327790,Brisbane
327791,Brisbane
327792,Brisbane
327793,Brisbane
327794,Brisbane
327795,Brisbane
327796,Brisbane
327797,Brisbane
327798,Sydney
327799,Brisbane
327800,Brisbane
327801,Brisbane
327802,Melbourne
327803,Brisbane
327804,Brisbane
327805,Brisbane
327806,Perth
327807,Brisbane
327808,Brisbane
327809,Brisbane
327810,Brisbane
327811,Brisbane
327812,Brisbane
327813,Brisbane
327814,Melbourne
327815,Brisbane
327816,Brisbane
327817,Brisbane
327818,Brisbane
327819,Brisbane
327820,Brisbane
327821,Brisbane
327822,Brisbane
327823,Brisbane
327824,Brisbane
327825,Brisbane
327826,Brisbane
327827,Brisbane
327828,Melbourne
327829,Brisbane
327830,Brisbane
327831,Perth
327832,Brisbane
327833,Brisbane
327834,Brisbane
327835,Brisbane
327836,Brisbane
327837,Brisbane
327838,Brisbane
327839,Brisbane
327840,Brisbane
327841,Brisbane
327842,Brisbane
327843,Brisbane
327844,Brisbane
327845,Brisbane
327846,Brisbane
327847,Brisbane
327848,Brisbane
327849,Brisbane
327850,Brisbane
327851,Brisbane
327852,Brisbane
327853,Brisbane
327854,Brisbane
327855,Brisbane
327856,Sydney
327857,Brisbane
327858,Brisbane
327859,Brisbane
327860,Brisbane
327861,Brisbane
327862,Brisbane
327863,Brisbane
327864,Brisbane
327865,Brisbane
327866,Brisbane
327867,Perth
327868,Brisbane
327869,Brisbane
327870,Brisbane
327871,Brisbane
327872,Brisbane
327873,Brisbane
327874,Brisbane
327875,Brisbane
327876,Brisbane
327877,Brisbane
327878,Brisbane
327879,Brisbane
327880,Brisbane
327881,Brisbane
327882,Brisbane
327883,Perth
327884,Brisbane
327885,Brisbane
327886,Brisbane
327887,Brisbane
327888,Perth
327889,Brisbane
327890,Brisbane
327891,Brisbane
327892,Brisbane
327893,Brisbane
327894,Sydney
327895,Brisbane
327896,Brisbane
327897,Brisbane
327898,Brisbane
327899,Brisbane
327900,Brisbane
327901,Sydney
327902,Brisbane
327903,Brisbane
327904,Brisbane
327905,Perth
327906,Brisbane
327907,Brisbane
327908,Brisbane
327909,Brisbane
327910,Melbourne
327911,Brisbane
327912,Brisbane
327913,Brisbane
327914,Brisbane
327915,Brisbane
327916,Brisbane
327917,Brisbane
327918,Brisbane
327919,Brisbane
327920,Brisbane
327921,Brisbane
327922,Brisbane
327923,Brisbane
327924,Brisbane
327925,Brisbane
327926,Brisbane
327927,Brisbane
327928,Perth
327929,Brisbane
327930,Brisbane
327931,Brisbane
327932,Brisbane
327933,Brisbane
327934,Brisbane
327935,Brisbane
327936,Brisbane
327937,Brisbane
327938,Brisbane
327939,Brisbane
327940,Brisbane
327941,Brisbane
327942,Brisbane
327943,Brisbane
327944,Perth
327945,Brisbane
327946,Brisbane
327947,Perth
327948,Brisbane
327949,Brisbane
327950,Brisbane
327951,Brisbane
327952,Brisbane
327953,Brisbane
327954,Brisbane
327955,Brisbane
327956,Brisbane
327957,Brisbane
327958,Sydney
327959,Brisbane
327960,Brisbane
327961,Brisbane
327962,Brisbane
327963,Perth
327964,Brisbane
327965,Brisbane
327966,Brisbane
327967,Brisbane
327968,Brisbane
327969,Brisbane
327970,Sydney
327971,Brisbane
327972,Brisbane
327973,Brisbane
327974,Brisbane
327975,Brisbane
327976,Brisbane
327977,Brisbane
327978,Brisbane
327979,Brisbane
327980,Sydney
327981,Brisbane
327982,Brisbane
327983,Brisbane
327984,Brisbane
327985,Melbourne
327986,Brisbane
327987,Brisbane
327988,Perth
327989,Brisbane
327990,Brisbane
327991,Brisbane
327992,Brisbane
327993,Brisbane
327994,Brisbane
327995,Brisbane
327996,Brisbane
327997,Sydney
327998,Brisbane
327999,Brisbane
328000,Melbourne
328001,Brisbane
328002,Brisbane
328003,Brisbane
328004,Brisbane
328005,Brisbane
328006,Brisbane
328007,Brisbane
328008,Brisbane
328009,Brisbane
328010,Brisbane
328011,Sydney
328012,Brisbane
328013,Melbourne
328014,Brisbane
328015,Brisbane
328016,Brisbane
328017,Brisbane
328018,Brisbane
328019,Brisbane
328020,Brisbane
328021,Brisbane
328022,Brisbane
328023,Brisbane
328024,Brisbane
328025,Brisbane
328026,Brisbane
328027,Brisbane
328028,Brisbane
328029,Brisbane
328030,Brisbane
328031,Brisbane
328032,Brisbane
328033,Brisbane
328034,Brisbane
328035,Brisbane
328036,Brisbane
328037,Brisbane
328038,Brisbane
328039,Brisbane
328040,Brisbane
328041,Brisbane
328042,Brisbane
328043,Brisbane
328044,Brisbane
328045,Brisbane
328046,Brisbane
328047,Perth
328048,Brisbane
328049,Brisbane
328050,Brisbane
328051,Brisbane
328052,Brisbane
328053,Brisbane
328054,Brisbane
328055,Brisbane
328056,Brisbane
328057,Brisbane
328058,Brisbane
328059,Brisbane
328060,Brisbane
328061,Brisbane
328062,Perth
328063,Brisbane
328064,Brisbane
328065,Brisbane
328066,Brisbane
328067,Brisbane
328068,Brisbane
328069,Brisbane
328070,Brisbane
328071,Brisbane
328072,Brisbane
328073,Perth
328074,Brisbane
328075,Brisbane
328076,Brisbane
328077,Brisbane
328078,Brisbane
328079,Brisbane
328080,Sydney
328081,Brisbane
328082,Brisbane
328083,Brisbane
328084,Brisbane
328085,Brisbane
328086,Brisbane
328087,Brisbane
328088,Brisbane
328089,Brisbane
328090,Sydney
328091,Brisbane
328092,Brisbane
328093,Brisbane
328094,Brisbane
328095,Brisbane
328096,Brisbane
328097,Brisbane
328098,Brisbane
328099,Brisbane
328100,Brisbane
328101,Brisbane
328102,Brisbane
328103,Brisbane
328104,Brisbane
328105,Brisbane
328106,Brisbane
328107,Brisbane
328108,Brisbane
328109,Brisbane
328110,Brisbane
328111,Brisbane
328112,Brisbane
328113,Brisbane
328114,Brisbane
328115,Brisbane
328116,Brisbane
328117,Brisbane
328118,Brisbane
328119,Brisbane
328120,Brisbane
328121,Brisbane
328122,Sydney
328123,Brisbane
328124,Brisbane
328125,Brisbane
328126,Brisbane
328127,Brisbane
328128,Brisbane
328129,Sydney
328130,Brisbane
328131,Melbourne
328132,Brisbane
328133,Brisbane
328134,Brisbane
328135,Brisbane
328136,Brisbane
328137,Brisbane
328138,Brisbane
328139,Brisbane
328140,Brisbane
328141,Sydney
328142,Brisbane
328143,Brisbane
328144,Brisbane
328145,Brisbane
328146,Brisbane
328147,Brisbane
328148,Brisbane
328149,Brisbane
328150,Brisbane
328151,Melbourne
328152,Brisbane
328153,Brisbane
328154,Brisbane
328155,Brisbane
328156,Brisbane
328157,Brisbane
328158,Brisbane
328159,Brisbane
328160,Perth
328161,Sydney
328162,Brisbane
328163,Perth
328164,Melbourne
328165,Brisbane
328166,Brisbane
328167,Brisbane
328168,Brisbane
328169,Brisbane
328170,Brisbane
328171,Brisbane
328172,Brisbane
328173,Brisbane
328174,Brisbane
328175,Brisbane
328176,Brisbane
328177,Brisbane
328178,Brisbane
328179,Brisbane
328180,Brisbane
328181,Brisbane
328182,Brisbane
328183,Brisbane
328184,Brisbane
328185,Brisbane
328186,Brisbane
328187,Brisbane
328188,Brisbane
328189,Brisbane
328190,Brisbane
328191,Brisbane
328192,Brisbane
328193,Brisbane
328194,Brisbane
328195,Brisbane
328196,Brisbane
328197,Brisbane
328198,Brisbane
328199,Brisbane
328200,Brisbane
328201,Brisbane
328202,Brisbane
328203,Brisbane
328204,Brisbane
328205,Brisbane
328206,Brisbane
328207,Brisbane
328208,Brisbane
328209,Brisbane
328210,Brisbane
328211,Brisbane
328212,Perth
328213,Brisbane
328214,Brisbane
328215,Brisbane
328216,Brisbane
328217,Brisbane
328218,Brisbane
328219,Brisbane
328220,Brisbane
328221,Brisbane
328222,Brisbane
328223,Brisbane
328224,Brisbane
328225,Brisbane
328226,Brisbane
328227,Brisbane
328228,Brisbane
328229,Brisbane
328230,Brisbane
328231,Brisbane
328232,Melbourne
328233,Brisbane
328234,Brisbane
328235,Brisbane
328236,Brisbane
328237,Brisbane
328238,Brisbane
328239,Brisbane
328240,Brisbane
328241,Sydney
328242,Brisbane
328243,Brisbane
328244,Brisbane
328245,Brisbane
328246,Sydney
328247,Brisbane
328248,Brisbane
328249,Perth
328250,Brisbane
328251,Brisbane
328252,Brisbane
328253,Brisbane
328254,Perth
328255,Brisbane
328256,Brisbane
328257,Brisbane
328258,Brisbane
328259,Brisbane
328260,Melbourne
328261,Brisbane
328262,Brisbane
328263,Brisbane
328264,Sydney
328265,Brisbane
328266,Brisbane
328267,Brisbane
328268,Brisbane
328269,Brisbane
328270,Brisbane
328271,Brisbane
328272,Perth
328273,Brisbane
328274,Brisbane
328275,Brisbane
328276,Brisbane
328277,Sydney
328278,Brisbane
328279,Brisbane
328280,Brisbane
328281,Brisbane
328282,Brisbane
328283,Brisbane
328284,Brisbane
328285,Perth
328286,Sydney
328287,Brisbane
328288,Sydney
328289,Brisbane
328290,Brisbane
328291,Brisbane
328292,Brisbane
328293,Brisbane
328294,Brisbane
328295,Brisbane
328296,Perth
328297,Brisbane
328298,Brisbane
328299,Brisbane
328300,Brisbane
328301,Brisbane
328302,Brisbane
328303,Brisbane
328304,Brisbane
328305,Brisbane
328306,Sydney
328307,Brisbane
328308,Brisbane
328309,Brisbane
328310,Brisbane
328311,Brisbane
328312,Sydney
328313,Brisbane
328314,Brisbane
328315,Brisbane
328316,Brisbane
328317,Brisbane
328318,Brisbane
328319,Brisbane
328320,Brisbane
328321,Brisbane
328322,Brisbane
328323,Brisbane
328324,Perth
328325,Brisbane
328326,Brisbane
328327,Brisbane
328328,Brisbane
328329,Perth
328330,Brisbane
328331,Brisbane
328332,Brisbane
328333,Brisbane
328334,Perth
328335,Brisbane
328336,Brisbane
328337,Brisbane
328338,Brisbane
328339,Brisbane
328340,Brisbane
328341,Brisbane
328342,Brisbane
328343,Brisbane
328344,Brisbane
328345,Perth
328346,Brisbane
328347,Brisbane
328348,Brisbane
328349,Brisbane
328350,Brisbane
328351,Brisbane
328352,Brisbane
328353,Brisbane
328354,Brisbane
328355,Brisbane
328356,Brisbane
328357,Brisbane
328358,Brisbane
328359,Brisbane
328360,Perth
328361,Brisbane
328362,Brisbane
328363,Perth
328364,Brisbane
328365,Brisbane
328366,Brisbane
328367,Brisbane
328368,Brisbane
328369,Brisbane
328370,Brisbane
328371,Brisbane
328372,Brisbane
328373,Brisbane
328374,Brisbane
328375,Brisbane
328376,Brisbane
328377,Brisbane
328378,Brisbane
328379,Brisbane
328380,Brisbane
328381,Brisbane
328382,Sydney
328383,Brisbane
328384,Melbourne
328385,Brisbane
328386,Brisbane
328387,Brisbane
328388,Brisbane
328389,Brisbane
328390,Brisbane
328391,Brisbane
328392,Brisbane
328393,Brisbane
328394,Brisbane
328395,Brisbane
328396,Brisbane
328397,Brisbane
328398,Brisbane
328399,Brisbane
328400,Brisbane
328401,Brisbane
328402,Brisbane
328403,Brisbane
328404,Perth
328405,Brisbane
328406,Brisbane
328407,Brisbane
328408,Brisbane
328409,Brisbane
328410,Brisbane
328411,Brisbane
328412,Brisbane
328413,Brisbane
328414,Brisbane
328415,Sydney
328416,Brisbane
328417,Brisbane
328418,Brisbane
328419,Brisbane
328420,Brisbane
328421,Brisbane
328422,Perth
328423,Brisbane
328424,Brisbane
328425,Brisbane
328426,Brisbane
328427,Brisbane
328428,Brisbane
328429,Brisbane
328430,Brisbane
328431,Brisbane
328432,Brisbane
328433,Brisbane
328434,Brisbane
328435,Brisbane
328436,Sydney
328437,Brisbane
328438,Brisbane
328439,Brisbane
328440,Brisbane
328441,Brisbane
328442,Brisbane
328443,Brisbane
328444,Brisbane
328445,Brisbane
328446,Sydney
328447,Brisbane
328448,Brisbane
328449,Brisbane
328450,Brisbane
328451,Brisbane
328452,Brisbane
328453,Brisbane
328454,Brisbane
328455,Brisbane
328456,Brisbane
328457,Brisbane
328458,Sydney
328459,Perth
328460,Brisbane
328461,Brisbane
328462,Brisbane
328463,Brisbane
328464,Brisbane
328465,Brisbane
328466,Brisbane
328467,Brisbane
328468,Brisbane
328469,Brisbane
328470,Brisbane
328471,Brisbane
328472,Brisbane
328473,Sydney
328474,Brisbane
328475,Brisbane
328476,Brisbane
328477,Brisbane
328478,Brisbane
328479,Brisbane
328480,Brisbane
328481,Brisbane
328482,Brisbane
328483,Brisbane
328484,Brisbane
328485,Brisbane
328486,Sydney
328487,Brisbane
328488,Brisbane
328489,Brisbane
328490,Brisbane
328491,Brisbane
328492,Brisbane
328493,Perth
328494,Melbourne
328495,Brisbane
328496,Brisbane
328497,Brisbane
328498,Brisbane
328499,Perth
328500,Melbourne
328501,Brisbane
328502,Brisbane
328503,Brisbane
328504,Brisbane
328505,Brisbane
328506,Sydney
328507,Melbourne
328508,Brisbane
328509,Brisbane
328510,Brisbane
328511,Brisbane
328512,Brisbane
328513,Brisbane
328514,Brisbane
328515,Brisbane
328516,Brisbane
328517,Brisbane
328518,Brisbane
328519,Brisbane
328520,Brisbane
328521,Brisbane
328522,Brisbane
328523,Brisbane
328524,Melbourne
328525,Brisbane
328526,Brisbane
328527,Brisbane
328528,Brisbane
328529,Brisbane
328530,Brisbane
328531,Brisbane
328532,Brisbane
328533,Brisbane
328534,Sydney
328535,Brisbane
328536,Brisbane
328537,Brisbane
328538,Brisbane
328539,Sydney
328540,Brisbane
328541,Brisbane
328542,Brisbane
328543,Brisbane
328544,Brisbane
328545,Brisbane
328546,Brisbane
328547,Brisbane
328548,Brisbane
328549,Brisbane
328550,Brisbane
328551,Brisbane
328552,Brisbane
328553,Melbourne
328554,Brisbane
328555,Brisbane
328556,Brisbane
328557,Brisbane
328558,Sydney
328559,Brisbane
328560,Brisbane
328561,Brisbane
328562,Brisbane
328563,Brisbane
328564,Brisbane
328565,Sydney
328566,Brisbane
328567,Melbourne
328568,Perth
328569,Brisbane
328570,Brisbane
328571,Brisbane
328572,Brisbane
328573,Brisbane
328574,Brisbane
328575,Sydney
328576,Brisbane
328577,Sydney
328578,Brisbane
328579,Brisbane
328580,Brisbane
328581,Brisbane
328582,Brisbane
328583,Brisbane
328584,Brisbane
328585,Brisbane
328586,Brisbane
328587,Brisbane
328588,Brisbane
328589,Brisbane
328590,Brisbane
328591,Brisbane
328592,Brisbane
328593,Brisbane
328594,Brisbane
328595,Brisbane
328596,Brisbane
328597,Sydney
328598,Brisbane
328599,Brisbane
328600,Brisbane
328601,Brisbane
328602,Brisbane
328603,Brisbane
328604,Perth
328605,Sydney
328606,Brisbane
328607,Brisbane
328608,Brisbane
328609,Brisbane
328610,Sydney
328611,Sydney
328612,Brisbane
328613,Brisbane
328614,Brisbane
328615,Brisbane
328616,Brisbane
328617,Brisbane
328618,Brisbane
328619,Brisbane
328620,Brisbane
328621,Brisbane
328622,Sydney
328623,Brisbane
328624,Brisbane
328625,Brisbane
328626,Brisbane
328627,Brisbane
328628,Brisbane
328629,Brisbane
328630,Brisbane
328631,Brisbane
328632,Brisbane
328633,Brisbane
328634,Brisbane
328635,Brisbane
328636,Brisbane
328637,Brisbane
328638,Brisbane
328639,Brisbane
328640,Brisbane
328641,Brisbane
328642,Brisbane
328643,Brisbane
328644,Sydney
328645,Brisbane
328646,Brisbane
328647,Brisbane
328648,Brisbane
328649,Brisbane
328650,Perth
328651,Brisbane
328652,Sydney
328653,Brisbane
328654,Brisbane
328655,Perth
328656,Brisbane
328657,Brisbane
328658,Brisbane
328659,Brisbane
328660,Brisbane
328661,Melbourne
328662,Brisbane
328663,Brisbane
328664,Brisbane
328665,Brisbane
328666,Brisbane
328667,Perth
328668,Perth
328669,Brisbane
328670,Brisbane
328671,Brisbane
328672,Perth
328673,Brisbane
328674,Brisbane
328675,Brisbane
328676,Brisbane
328677,Brisbane
328678,Brisbane
328679,Brisbane
328680,Brisbane
328681,Brisbane
328682,Brisbane
328683,Brisbane
328684,Brisbane
328685,Brisbane
328686,Brisbane
328687,Brisbane
328688,Melbourne
328689,Brisbane
328690,Brisbane
328691,Brisbane
328692,Brisbane
328693,Brisbane
328694,Brisbane
328695,Brisbane
328696,Brisbane
328697,Brisbane
328698,Perth
328699,Brisbane
328700,Brisbane
328701,Brisbane
328702,Brisbane
328703,Brisbane
328704,Brisbane
328705,Brisbane
328706,Brisbane
328707,Brisbane
328708,Brisbane
328709,Brisbane
328710,Brisbane
328711,Brisbane
328712,Brisbane
328713,Brisbane
328714,Brisbane
328715,Brisbane
328716,Brisbane
328717,Brisbane
328718,Brisbane
328719,Brisbane
328720,Brisbane
328721,Perth
328722,Brisbane
328723,Brisbane
328724,Brisbane
328725,Perth
328726,Brisbane
328727,Brisbane
328728,Brisbane
328729,Brisbane
328730,Brisbane
328731,Brisbane
328732,Brisbane
328733,Melbourne
328734,Brisbane
328735,Brisbane
328736,Brisbane
328737,Brisbane
328738,Brisbane
328739,Perth
328740,Brisbane
328741,Brisbane
328742,Sydney
328743,Brisbane
328744,Brisbane
328745,Brisbane
328746,Brisbane
328747,Brisbane
328748,Brisbane
328749,Brisbane
328750,Brisbane
328751,Brisbane
328752,Brisbane
328753,Sydney
328754,Brisbane
328755,Brisbane
328756,Brisbane
328757,Brisbane
328758,Brisbane
328759,Brisbane
328760,Brisbane
328761,Brisbane
328762,Brisbane
328763,Perth
328764,Brisbane
328765,Brisbane
328766,Brisbane
328767,Brisbane
328768,Brisbane
328769,Brisbane
328770,Brisbane
328771,Brisbane
328772,Brisbane
328773,Brisbane
328774,Brisbane
328775,Melbourne
328776,Brisbane
328777,Brisbane
328778,Brisbane
328779,Brisbane
328780,Melbourne
328781,Brisbane
328782,Brisbane
328783,Brisbane
328784,Sydney
328785,Sydney
328786,Brisbane
328787,Brisbane
328788,Brisbane
328789,Brisbane
328790,Brisbane
328791,Brisbane
328792,Brisbane
328793,Brisbane
328794,Brisbane
328795,Brisbane
328796,Brisbane
328797,Brisbane
328798,Brisbane
328799,Brisbane
328800,Brisbane
328801,Brisbane
328802,Brisbane
328803,Brisbane
328804,Brisbane
328805,Brisbane
328806,Brisbane
328807,Brisbane
328808,Brisbane
328809,Brisbane
328810,Brisbane
328811,Brisbane
328812,Perth
328813,Brisbane
328814,Brisbane
328815,Brisbane
328816,Brisbane
328817,Brisbane
328818,Brisbane
328819,Brisbane
328820,Brisbane
328821,Brisbane
328822,Brisbane
328823,Brisbane
328824,Brisbane
328825,Sydney
328826,Brisbane
328827,Brisbane
328828,Brisbane
328829,Perth
328830,Brisbane
328831,Brisbane
328832,Brisbane
328833,Brisbane
328834,Brisbane
328835,Brisbane
328836,Brisbane
328837,Brisbane
328838,Brisbane
328839,Brisbane
328840,Brisbane
328841,Brisbane
328842,Brisbane
328843,Brisbane
328844,Brisbane
328845,Brisbane
328846,Brisbane
328847,Brisbane
328848,Melbourne
328849,Perth
328850,Brisbane
328851,Brisbane
328852,Brisbane
328853,Brisbane
328854,Brisbane
328855,Brisbane
328856,Brisbane
328857,Brisbane
328858,Brisbane
328859,Brisbane
328860,Brisbane
328861,Brisbane
328862,Perth
328863,Brisbane
328864,Brisbane
328865,Brisbane
328866,Brisbane
328867,Brisbane
328868,Perth
328869,Brisbane
328870,Brisbane
328871,Brisbane
328872,Brisbane
328873,Brisbane
328874,Brisbane
328875,Brisbane
328876,Melbourne
328877,Brisbane
328878,Brisbane
328879,Brisbane
328880,Brisbane
328881,Brisbane
328882,Perth
328883,Brisbane
328884,Brisbane
328885,Brisbane
328886,Brisbane
328887,Brisbane
328888,Brisbane
328889,Brisbane
328890,Brisbane
328891,Brisbane
328892,Brisbane
328893,Brisbane
328894,Sydney
328895,Brisbane
328896,Brisbane
328897,Brisbane
328898,Brisbane
328899,Brisbane
328900,Brisbane
328901,Brisbane
328902,Brisbane
328903,Brisbane
328904,Brisbane
328905,Brisbane
328906,Brisbane
328907,Brisbane
328908,Brisbane
328909,Brisbane
328910,Brisbane
328911,Brisbane
328912,Brisbane
328913,Brisbane
328914,Melbourne
328915,Brisbane
328916,Brisbane
328917,Brisbane
328918,Brisbane
328919,Brisbane
328920,Brisbane
328921,Brisbane
328922,Brisbane
328923,Brisbane
328924,Brisbane
328925,Brisbane
328926,Sydney
328927,Brisbane
328928,Brisbane
328929,Brisbane
328930,Brisbane
328931,Brisbane
328932,Sydney
328933,Brisbane
328934,Brisbane
328935,Brisbane
328936,Brisbane
328937,Brisbane
328938,Brisbane
328939,Brisbane
328940,Brisbane
328941,Brisbane
328942,Brisbane
328943,Brisbane
328944,Brisbane
328945,Brisbane
328946,Sydney
328947,Brisbane
328948,Brisbane
328949,Brisbane
328950,Brisbane
328951,Brisbane
328952,Brisbane
328953,Brisbane
328954,Brisbane
328955,Brisbane
328956,Brisbane
328957,Brisbane
328958,Brisbane
328959,Brisbane
328960,Brisbane
328961,Brisbane
328962,Perth
328963,Brisbane
328964,Brisbane
328965,Brisbane
328966,Brisbane
328967,Brisbane
328968,Sydney
328969,Brisbane
328970,Brisbane
328971,Brisbane
328972,Brisbane
328973,Brisbane
328974,Brisbane
328975,Brisbane
328976,Brisbane
328977,Brisbane
328978,Brisbane
328979,Brisbane
328980,Perth
328981,Brisbane
328982,Brisbane
328983,Brisbane
328984,Brisbane
328985,Brisbane
328986,Brisbane
328987,Brisbane
328988,Brisbane
328989,Brisbane
328990,Melbourne
328991,Brisbane
328992,Brisbane
328993,Brisbane
328994,Brisbane
328995,Brisbane
328996,Brisbane
328997,Brisbane
328998,Brisbane
328999,Brisbane
329000,Brisbane
329001,Brisbane
329002,Melbourne
329003,Brisbane
329004,Brisbane
329005,Brisbane
329006,Brisbane
329007,Brisbane
329008,Perth
329009,Brisbane
329010,Brisbane
329011,Brisbane
329012,Brisbane
329013,Brisbane
329014,Brisbane
329015,Brisbane
329016,Brisbane
329017,Brisbane
329018,Brisbane
329019,Brisbane
329020,Brisbane
329021,Brisbane
329022,Brisbane
329023,Brisbane
329024,Brisbane
329025,Melbourne
329026,Brisbane
329027,Brisbane
329028,Brisbane
329029,Melbourne
329030,Brisbane
329031,Brisbane
329032,Brisbane
329033,Brisbane
329034,Brisbane
329035,Brisbane
329036,Brisbane
329037,Brisbane
329038,Brisbane
329039,Brisbane
329040,Brisbane
329041,Brisbane
329042,Brisbane
329043,Brisbane
329044,Brisbane
329045,Brisbane
329046,Brisbane
329047,Brisbane
329048,Melbourne
329049,Brisbane
329050,Brisbane
329051,Perth
329052,Brisbane
329053,Brisbane
329054,Brisbane
329055,Perth
329056,Brisbane
329057,Brisbane
329058,Perth
329059,Brisbane
329060,Brisbane
329061,Brisbane
329062,Brisbane
329063,Brisbane
329064,Brisbane
329065,Brisbane
329066,Brisbane
329067,Brisbane
329068,Brisbane
329069,Sydney
329070,Brisbane
329071,Brisbane
329072,Perth
329073,Brisbane
329074,Brisbane
329075,Brisbane
329076,Perth
329077,Brisbane
329078,Brisbane
329079,Brisbane
329080,Brisbane
329081,Brisbane
329082,Brisbane
329083,Brisbane
329084,Brisbane
329085,Brisbane
329086,Perth
329087,Brisbane
329088,Brisbane
329089,Brisbane
329090,Brisbane
329091,Brisbane
329092,Brisbane
329093,Brisbane
329094,Brisbane
329095,Brisbane
329096,Brisbane
329097,Brisbane
329098,Brisbane
329099,Brisbane
329100,Brisbane
329101,Brisbane
329102,Brisbane
329103,Brisbane
329104,Brisbane
329105,Brisbane
329106,Sydney
329107,Brisbane
329108,Brisbane
329109,Brisbane
329110,Sydney
329111,Brisbane
329112,Brisbane
329113,Brisbane
329114,Brisbane
329115,Brisbane
329116,Brisbane
329117,Brisbane
329118,Brisbane
329119,Brisbane
329120,Brisbane
329121,Sydney
329122,Brisbane
329123,Brisbane
329124,Brisbane
329125,Brisbane
329126,Brisbane
329127,Brisbane
329128,Brisbane
329129,Brisbane
329130,Brisbane
329131,Brisbane
329132,Brisbane
329133,Brisbane
329134,Brisbane
329135,Sydney
329136,Brisbane
329137,Brisbane
329138,Brisbane
329139,Brisbane
329140,Brisbane
329141,Brisbane
329142,Brisbane
329143,Brisbane
329144,Brisbane
329145,Brisbane
329146,Brisbane
329147,Brisbane
329148,Brisbane
329149,Brisbane
329150,Brisbane
329151,Brisbane
329152,Brisbane
329153,Brisbane
329154,Brisbane
329155,Brisbane
329156,Brisbane
329157,Brisbane
329158,Brisbane
329159,Brisbane
329160,Brisbane
329161,Perth
329162,Brisbane
329163,Brisbane
329164,Brisbane
329165,Brisbane
329166,Brisbane
329167,Brisbane
329168,Brisbane
329169,Brisbane
329170,Brisbane
329171,Brisbane
329172,Brisbane
329173,Perth
329174,Brisbane
329175,Brisbane
329176,Brisbane
329177,Brisbane
329178,Brisbane
329179,Brisbane
329180,Brisbane
329181,Brisbane
329182,Sydney
329183,Brisbane
329184,Brisbane
329185,Brisbane
329186,Brisbane
329187,Brisbane
329188,Brisbane
329189,Brisbane
329190,Sydney
329191,Brisbane
329192,Brisbane
329193,Brisbane
329194,Brisbane
329195,Brisbane
329196,Brisbane
329197,Brisbane
329198,Brisbane
329199,Sydney
329200,Brisbane
329201,Brisbane
329202,Brisbane
329203,Brisbane
329204,Brisbane
329205,Brisbane
329206,Brisbane
329207,Brisbane
329208,Brisbane
329209,Brisbane
329210,Brisbane
329211,Perth
329212,Brisbane
329213,Brisbane
329214,Brisbane
329215,Brisbane
329216,Brisbane
329217,Brisbane
329218,Brisbane
329219,Brisbane
329220,Brisbane
329221,Brisbane
329222,Brisbane
329223,Brisbane
329224,Sydney
329225,Brisbane
329226,Sydney
329227,Brisbane
329228,Brisbane
329229,Brisbane
329230,Brisbane
329231,Brisbane
329232,Brisbane
329233,Brisbane
329234,Brisbane
329235,Brisbane
329236,Perth
329237,Brisbane
329238,Brisbane
329239,Brisbane
329240,Perth
329241,Brisbane
329242,Brisbane
329243,Sydney
329244,Brisbane
329245,Brisbane
329246,Brisbane
329247,Brisbane
329248,Brisbane
329249,Sydney
329250,Brisbane
329251,Brisbane
329252,Brisbane
329253,Brisbane
329254,Brisbane
329255,Brisbane
329256,Brisbane
329257,Brisbane
329258,Brisbane
329259,Brisbane
329260,Brisbane
329261,Brisbane
329262,Brisbane
329263,Brisbane
329264,Brisbane
329265,Brisbane
329266,Brisbane
329267,Melbourne
329268,Brisbane
329269,Brisbane
329270,Brisbane
329271,Brisbane
329272,Brisbane
329273,Perth
329274,Brisbane
329275,Brisbane
329276,Brisbane
329277,Brisbane
329278,Brisbane
329279,Brisbane
329280,Brisbane
329281,Sydney
329282,Brisbane
329283,Brisbane
329284,Brisbane
329285,Brisbane
329286,Brisbane
329287,Brisbane
329288,Brisbane
329289,Brisbane
329290,Brisbane
329291,Brisbane
329292,Brisbane
329293,Brisbane
329294,Brisbane
329295,Brisbane
329296,Brisbane
329297,Brisbane
329298,Perth
329299,Brisbane
329300,Brisbane
329301,Brisbane
329302,Brisbane
329303,Brisbane
329304,Brisbane
329305,Brisbane
329306,Brisbane
329307,Brisbane
329308,Brisbane
329309,Brisbane
329310,Perth
329311,Brisbane
329312,Brisbane
329313,Sydney
329314,Brisbane
329315,Brisbane
329316,Brisbane
329317,Brisbane
329318,Brisbane
329319,Brisbane
329320,Brisbane
329321,Perth
329322,Brisbane
329323,Brisbane
329324,Brisbane
329325,Brisbane
329326,Brisbane
329327,Brisbane
329328,Brisbane
329329,Brisbane
329330,Brisbane
329331,Brisbane
329332,Brisbane
329333,Brisbane
329334,Brisbane
329335,Melbourne
329336,Brisbane
329337,Brisbane
329338,Brisbane
329339,Brisbane
329340,Brisbane
329341,Brisbane
329342,Brisbane
329343,Brisbane
329344,Brisbane
329345,Brisbane
329346,Brisbane
329347,Brisbane
329348,Brisbane
329349,Brisbane
329350,Brisbane
329351,Brisbane
329352,Brisbane
329353,Brisbane
329354,Brisbane
329355,Brisbane
329356,Brisbane
329357,Melbourne
329358,Brisbane
329359,Brisbane
329360,Brisbane
329361,Brisbane
329362,Sydney
329363,Brisbane
329364,Brisbane
329365,Brisbane
329366,Melbourne
329367,Brisbane
329368,Perth
329369,Brisbane
329370,Brisbane
329371,Brisbane
329372,Brisbane
329373,Brisbane
329374,Brisbane
329375,Brisbane
329376,Brisbane
329377,Perth
329378,Brisbane
329379,Brisbane
329380,Brisbane
329381,Perth
329382,Brisbane
329383,Brisbane
329384,Brisbane
329385,Brisbane
329386,Brisbane
329387,Brisbane
329388,Brisbane
329389,Brisbane
329390,Sydney
329391,Brisbane
329392,Brisbane
329393,Brisbane
329394,Brisbane
329395,Brisbane
329396,Brisbane
329397,Brisbane
329398,Brisbane
329399,Perth
329400,Brisbane
329401,Brisbane
329402,Perth
329403,Sydney
329404,Brisbane
329405,Brisbane
329406,Brisbane
329407,Brisbane
329408,Brisbane
329409,Brisbane
329410,Brisbane
329411,Brisbane
329412,Brisbane
329413,Brisbane
329414,Brisbane
329415,Brisbane
329416,Brisbane
329417,Brisbane
329418,Brisbane
329419,Brisbane
329420,Brisbane
329421,Brisbane
329422,Brisbane
329423,Brisbane
329424,Brisbane
329425,Brisbane
329426,Brisbane
329427,Brisbane
329428,Sydney
329429,Brisbane
329430,Brisbane
329431,Brisbane
329432,Brisbane
329433,Brisbane
329434,Brisbane
329435,Brisbane
329436,Brisbane
329437,Brisbane
329438,Brisbane
329439,Brisbane
329440,Brisbane
329441,Brisbane
329442,Brisbane
329443,Perth
329444,Brisbane
329445,Brisbane
329446,Brisbane
329447,Brisbane
329448,Brisbane
329449,Brisbane
329450,Brisbane
329451,Brisbane
329452,Brisbane
329453,Sydney
329454,Brisbane
329455,Brisbane
329456,Brisbane
329457,Brisbane
329458,Brisbane
329459,Brisbane
329460,Brisbane
329461,Brisbane
329462,Brisbane
329463,Sydney
329464,Brisbane
329465,Brisbane
329466,Brisbane
329467,Brisbane
329468,Brisbane
329469,Sydney
329470,Brisbane
329471,Brisbane
329472,Brisbane
329473,Brisbane
329474,Brisbane
329475,Brisbane
329476,Brisbane
329477,Brisbane
329478,Brisbane
329479,Brisbane
329480,Brisbane
329481,Brisbane
329482,Brisbane
329483,Brisbane
329484,Brisbane
329485,Brisbane
329486,Brisbane
329487,Brisbane
329488,Brisbane
329489,Brisbane
329490,Brisbane
329491,Brisbane
329492,Brisbane
329493,Brisbane
329494,Brisbane
329495,Brisbane
329496,Brisbane
329497,Brisbane
329498,Brisbane
329499,Brisbane
329500,Brisbane
329501,Brisbane
329502,Brisbane
329503,Brisbane
329504,Brisbane
329505,Perth
329506,Brisbane
329507,Brisbane
329508,Sydney
329509,Brisbane
329510,Melbourne
329511,Brisbane
329512,Brisbane
329513,Brisbane
329514,Brisbane
329515,Brisbane
329516,Brisbane
329517,Brisbane
329518,Brisbane
329519,Brisbane
329520,Perth
329521,Brisbane
329522,Sydney
329523,Brisbane
329524,Brisbane
329525,Brisbane
329526,Brisbane
329527,Brisbane
329528,Brisbane
329529,Brisbane
329530,Brisbane
329531,Brisbane
329532,Brisbane
329533,Brisbane
329534,Brisbane
329535,Perth
329536,Perth
329537,Brisbane
329538,Brisbane
329539,Brisbane
329540,Brisbane
329541,Brisbane
329542,Brisbane
329543,Brisbane
329544,Brisbane
329545,Brisbane
329546,Brisbane
329547,Brisbane
329548,Brisbane
329549,Sydney
329550,Brisbane
329551,Brisbane
329552,Brisbane
329553,Brisbane
329554,Brisbane
329555,Perth
329556,Brisbane
329557,Brisbane
329558,Brisbane
329559,Brisbane
329560,Brisbane
329561,Brisbane
329562,Brisbane
329563,Brisbane
329564,Brisbane
329565,Brisbane
329566,Sydney
329567,Brisbane
329568,Brisbane
329569,Brisbane
329570,Brisbane
329571,Brisbane
329572,Brisbane
329573,Brisbane
329574,Brisbane
329575,Brisbane
329576,Perth
329577,Perth
329578,Sydney
329579,Brisbane
329580,Brisbane
329581,Brisbane
329582,Brisbane
329583,Brisbane
329584,Brisbane
329585,Brisbane
329586,Brisbane
329587,Brisbane
329588,Brisbane
329589,Brisbane
329590,Brisbane
329591,Brisbane
329592,Brisbane
329593,Brisbane
329594,Brisbane
329595,Brisbane
329596,Brisbane
329597,Brisbane
329598,Brisbane
329599,Brisbane
329600,Brisbane
329601,Brisbane
329602,Brisbane
329603,Sydney
329604,Brisbane
329605,Brisbane
329606,Sydney
329607,Brisbane
329608,Brisbane
329609,Brisbane
329610,Brisbane
329611,Brisbane
329612,Brisbane
329613,Brisbane
329614,Brisbane
329615,Perth
329616,Brisbane
329617,Brisbane
329618,Brisbane
329619,Perth
329620,Brisbane
329621,Brisbane
329622,Brisbane
329623,Brisbane
329624,Brisbane
329625,Brisbane
329626,Brisbane
329627,Brisbane
329628,Brisbane
329629,Brisbane
329630,Brisbane
329631,Brisbane
329632,Brisbane
329633,Brisbane
329634,Brisbane
329635,Brisbane
329636,Brisbane
329637,Perth
329638,Brisbane
329639,Brisbane
329640,Brisbane
329641,Brisbane
329642,Brisbane
329643,Brisbane
329644,Brisbane
329645,Perth
329646,Brisbane
329647,Brisbane
329648,Brisbane
329649,Brisbane
329650,Brisbane
329651,Brisbane
329652,Brisbane
329653,Brisbane
329654,Brisbane
329655,Brisbane
329656,Brisbane
329657,Brisbane
329658,Brisbane
329659,Brisbane
329660,Brisbane
329661,Brisbane
329662,Brisbane
329663,Perth
329664,Brisbane
329665,Brisbane
329666,Brisbane
329667,Brisbane
329668,Brisbane
329669,Sydney
329670,Brisbane
329671,Brisbane
329672,Brisbane
329673,Brisbane
329674,Brisbane
329675,Sydney
329676,Brisbane
329677,Brisbane
329678,Brisbane
329679,Perth
329680,Brisbane
329681,Brisbane
329682,Brisbane
329683,Brisbane
329684,Brisbane
329685,Brisbane
329686,Perth
329687,Brisbane
329688,Brisbane
329689,Brisbane
329690,Brisbane
329691,Brisbane
329692,Sydney
329693,Brisbane
329694,Brisbane
329695,Brisbane
329696,Brisbane
329697,Brisbane
329698,Perth
329699,Brisbane
329700,Brisbane
329701,Brisbane
329702,Melbourne
329703,Brisbane
329704,Brisbane
329705,Brisbane
329706,Brisbane
329707,Perth
329708,Melbourne
329709,Brisbane
329710,Brisbane
329711,Brisbane
329712,Brisbane
329713,Brisbane
329714,Brisbane
329715,Brisbane
329716,Sydney
329717,Brisbane
329718,Brisbane
329719,Melbourne
329720,Sydney
329721,Brisbane
329722,Brisbane
329723,Brisbane
329724,Brisbane
329725,Brisbane
329726,Brisbane
329727,Brisbane
329728,Brisbane
329729,Brisbane
329730,Brisbane
329731,Brisbane
329732,Brisbane
329733,Brisbane
329734,Brisbane
329735,Brisbane
329736,Brisbane
329737,Perth
329738,Brisbane
329739,Brisbane
329740,Melbourne
329741,Brisbane
329742,Brisbane
329743,Brisbane
329744,Brisbane
329745,Brisbane
329746,Brisbane
329747,Brisbane
329748,Sydney
329749,Brisbane
329750,Brisbane
329751,Brisbane
329752,Brisbane
329753,Brisbane
329754,Brisbane
329755,Brisbane
329756,Brisbane
329757,Brisbane
329758,Brisbane
329759,Brisbane
329760,Brisbane
329761,Brisbane
329762,Brisbane
329763,Brisbane
329764,Brisbane
329765,Brisbane
329766,Brisbane
329767,Brisbane
329768,Brisbane
329769,Brisbane
329770,Brisbane
329771,Brisbane
329772,Brisbane
329773,Brisbane
329774,Sydney
329775,Brisbane
329776,Melbourne
329777,Brisbane
329778,Brisbane
329779,Brisbane
329780,Brisbane
329781,Sydney
329782,Brisbane
329783,Brisbane
329784,Brisbane
329785,Brisbane
329786,Melbourne
329787,Brisbane
329788,Brisbane
329789,Brisbane
329790,Brisbane
329791,Brisbane
329792,Brisbane
329793,Brisbane
329794,Brisbane
329795,Brisbane
329796,Brisbane
329797,Brisbane
329798,Brisbane
329799,Brisbane
329800,Brisbane
329801,Brisbane
329802,Brisbane
329803,Brisbane
329804,Brisbane
329805,Brisbane
329806,Brisbane
329807,Brisbane
329808,Brisbane
329809,Brisbane
329810,Brisbane
329811,Brisbane
329812,Brisbane
329813,Brisbane
329814,Brisbane
329815,Brisbane
329816,Brisbane
329817,Brisbane
329818,Brisbane
329819,Brisbane
329820,Melbourne
329821,Brisbane
329822,Brisbane
329823,Brisbane
329824,Brisbane
329825,Brisbane
329826,Brisbane
329827,Brisbane
329828,Brisbane
329829,Brisbane
329830,Brisbane
329831,Brisbane
329832,Brisbane
329833,Brisbane
329834,Brisbane
329835,Sydney
329836,Brisbane
329837,Brisbane
329838,Brisbane
329839,Brisbane
329840,Brisbane
329841,Brisbane
329842,Brisbane
329843,Brisbane
329844,Brisbane
329845,Brisbane
329846,Brisbane
329847,Melbourne
329848,Perth
329849,Sydney
329850,Brisbane
329851,Perth
329852,Brisbane
329853,Brisbane
329854,Brisbane
329855,Brisbane
329856,Brisbane
329857,Brisbane
329858,Perth
329859,Brisbane
329860,Brisbane
329861,Brisbane
329862,Brisbane
329863,Brisbane
329864,Brisbane
329865,Melbourne
329866,Sydney
329867,Brisbane
329868,Brisbane
329869,Brisbane
329870,Brisbane
329871,Brisbane
329872,Brisbane
329873,Brisbane
329874,Brisbane
329875,Brisbane
329876,Brisbane
329877,Brisbane
329878,Brisbane
329879,Brisbane
329880,Brisbane
329881,Brisbane
329882,Brisbane
329883,Brisbane
329884,Brisbane
329885,Brisbane
329886,Brisbane
329887,Brisbane
329888,Brisbane
329889,Brisbane
329890,Brisbane
329891,Brisbane
329892,Brisbane
329893,Sydney
329894,Brisbane
329895,Perth
329896,Brisbane
329897,Brisbane
329898,Brisbane
329899,Brisbane
329900,Perth
329901,Brisbane
329902,Brisbane
329903,Brisbane
329904,Brisbane
329905,Brisbane
329906,Sydney
329907,Brisbane
329908,Brisbane
329909,Sydney
329910,Brisbane
329911,Brisbane
329912,Brisbane
329913,Brisbane
329914,Brisbane
329915,Brisbane
329916,Brisbane
329917,Brisbane
329918,Brisbane
329919,Brisbane
329920,Melbourne
329921,Brisbane
329922,Brisbane
329923,Brisbane
329924,Brisbane
329925,Brisbane
329926,Brisbane
329927,Brisbane
329928,Brisbane
329929,Brisbane
329930,Sydney
329931,Sydney
329932,Brisbane
329933,Brisbane
329934,Brisbane
329935,Brisbane
329936,Brisbane
329937,Brisbane
329938,Perth
329939,Brisbane
329940,Brisbane
329941,Perth
329942,Brisbane
329943,Brisbane
329944,Brisbane
329945,Brisbane
329946,Brisbane
329947,Brisbane
329948,Brisbane
329949,Brisbane
329950,Brisbane
329951,Brisbane
329952,Brisbane
329953,Brisbane
329954,Brisbane
329955,Brisbane
329956,Brisbane
329957,Brisbane
329958,Brisbane
329959,Sydney
329960,Brisbane
329961,Sydney
329962,Brisbane
329963,Brisbane
329964,Brisbane
329965,Melbourne
329966,Brisbane
329967,Brisbane
329968,Brisbane
329969,Brisbane
329970,Brisbane
329971,Sydney
329972,Brisbane
329973,Brisbane
329974,Brisbane
329975,Brisbane
329976,Brisbane
329977,Brisbane
329978,Brisbane
329979,Brisbane
329980,Brisbane
329981,Melbourne
329982,Brisbane
329983,Brisbane
329984,Brisbane
329985,Brisbane
329986,Brisbane
329987,Brisbane
329988,Brisbane
329989,Brisbane
329990,Brisbane
329991,Brisbane
329992,Brisbane
329993,Brisbane
329994,Brisbane
329995,Brisbane
329996,Brisbane
329997,Brisbane
329998,Brisbane
329999,Brisbane
330000,Sydney
330001,Brisbane
330002,Brisbane
330003,Sydney
330004,Sydney
330005,Perth
330006,Brisbane
330007,Sydney
330008,Brisbane
330009,Brisbane
330010,Brisbane
330011,Brisbane
330012,Brisbane
330013,Brisbane
330014,Brisbane
330015,Brisbane
330016,Brisbane
330017,Brisbane
330018,Brisbane
330019,Brisbane
330020,Brisbane
330021,Brisbane
330022,Brisbane
330023,Brisbane
330024,Brisbane
330025,Brisbane
330026,Sydney
330027,Brisbane
330028,Brisbane
330029,Brisbane
330030,Brisbane
330031,Brisbane
330032,Brisbane
330033,Brisbane
330034,Brisbane
330035,Brisbane
330036,Brisbane
330037,Brisbane
330038,Brisbane
330039,Perth
330040,Brisbane
330041,Brisbane
330042,Brisbane
330043,Brisbane
330044,Brisbane
330045,Brisbane
330046,Brisbane
330047,Brisbane
330048,Brisbane
330049,Brisbane
330050,Brisbane
330051,Brisbane
330052,Brisbane
330053,Brisbane
330054,Brisbane
330055,Brisbane
330056,Brisbane
330057,Brisbane
330058,Brisbane
330059,Brisbane
330060,Melbourne
330061,Brisbane
330062,Brisbane
330063,Brisbane
330064,Brisbane
330065,Brisbane
330066,Brisbane
330067,Brisbane
330068,Sydney
330069,Brisbane
330070,Brisbane
330071,Brisbane
330072,Brisbane
330073,Brisbane
330074,Brisbane
330075,Brisbane
330076,Brisbane
330077,Brisbane
330078,Brisbane
330079,Brisbane
330080,Brisbane
330081,Brisbane
330082,Brisbane
330083,Brisbane
330084,Brisbane
330085,Brisbane
330086,Brisbane
330087,Brisbane
330088,Brisbane
330089,Brisbane
330090,Brisbane
330091,Melbourne
330092,Brisbane
330093,Brisbane
330094,Brisbane
330095,Brisbane
330096,Brisbane
330097,Brisbane
330098,Brisbane
330099,Brisbane
330100,Sydney
330101,Brisbane
330102,Brisbane
330103,Brisbane
330104,Brisbane
330105,Brisbane
330106,Brisbane
330107,Brisbane
330108,Brisbane
330109,Brisbane
330110,Brisbane
330111,Brisbane
330112,Brisbane
330113,Brisbane
330114,Brisbane
330115,Brisbane
330116,Brisbane
330117,Brisbane
330118,Brisbane
330119,Brisbane
330120,Brisbane
330121,Brisbane
330122,Brisbane
330123,Brisbane
330124,Sydney
330125,Brisbane
330126,Brisbane
330127,Brisbane
330128,Brisbane
330129,Brisbane
330130,Brisbane
330131,Brisbane
330132,Brisbane
330133,Brisbane
330134,Brisbane
330135,Brisbane
330136,Sydney
330137,Brisbane
330138,Sydney
330139,Brisbane
330140,Brisbane
330141,Brisbane
330142,Brisbane
330143,Brisbane
330144,Brisbane
330145,Brisbane
330146,Brisbane
330147,Perth
330148,Brisbane
330149,Brisbane
330150,Sydney
330151,Brisbane
330152,Brisbane
330153,Melbourne
330154,Brisbane
330155,Brisbane
330156,Sydney
330157,Brisbane
330158,Brisbane
330159,Brisbane
330160,Brisbane
330161,Brisbane
330162,Brisbane
330163,Brisbane
330164,Brisbane
330165,Melbourne
330166,Brisbane
330167,Brisbane
330168,Brisbane
330169,Brisbane
330170,Brisbane
330171,Brisbane
330172,Sydney
330173,Brisbane
330174,Brisbane
330175,Brisbane
330176,Brisbane
330177,Brisbane
330178,Brisbane
330179,Brisbane
330180,Brisbane
330181,Brisbane
330182,Brisbane
330183,Sydney
330184,Brisbane
330185,Brisbane
330186,Brisbane
330187,Brisbane
330188,Brisbane
330189,Brisbane
330190,Brisbane
330191,Brisbane
330192,Brisbane
330193,Brisbane
330194,Brisbane
330195,Perth
330196,Brisbane
330197,Brisbane
330198,Brisbane
330199,Brisbane
330200,Brisbane
330201,Brisbane
330202,Brisbane
330203,Brisbane
330204,Brisbane
330205,Brisbane
330206,Brisbane
330207,Brisbane
330208,Perth
330209,Sydney
330210,Brisbane
330211,Brisbane
330212,Brisbane
330213,Brisbane
330214,Brisbane
330215,Perth
330216,Brisbane
330217,Sydney
330218,Brisbane
330219,Brisbane
330220,Brisbane
330221,Brisbane
330222,Brisbane
330223,Brisbane
330224,Brisbane
330225,Brisbane
330226,Brisbane
330227,Brisbane
330228,Brisbane
330229,Brisbane
330230,Brisbane
330231,Brisbane
330232,Sydney
330233,Brisbane
330234,Brisbane
330235,Brisbane
330236,Brisbane
330237,Melbourne
330238,Brisbane
330239,Brisbane
330240,Brisbane
330241,Perth
330242,Brisbane
330243,Brisbane
330244,Brisbane
330245,Brisbane
330246,Brisbane
330247,Brisbane
330248,Brisbane
330249,Brisbane
330250,Brisbane
330251,Brisbane
330252,Brisbane
330253,Brisbane
330254,Brisbane
330255,Brisbane
330256,Brisbane
330257,Brisbane
330258,Brisbane
330259,Brisbane
330260,Brisbane
330261,Brisbane
330262,Brisbane
330263,Brisbane
330264,Brisbane
330265,Brisbane
330266,Brisbane
330267,Brisbane
330268,Brisbane
330269,Brisbane
330270,Brisbane
330271,Brisbane
330272,Brisbane
330273,Brisbane
330274,Brisbane
330275,Brisbane
330276,Brisbane
330277,Brisbane
330278,Brisbane
330279,Brisbane
330280,Brisbane
330281,Brisbane
330282,Brisbane
330283,Melbourne
330284,Brisbane
330285,Melbourne
330286,Brisbane
330287,Brisbane
330288,Brisbane
330289,Brisbane
330290,Brisbane
330291,Brisbane
330292,Brisbane
330293,Brisbane
330294,Sydney
330295,Melbourne
330296,Brisbane
330297,Brisbane
330298,Brisbane
330299,Brisbane
330300,Melbourne
330301,Brisbane
330302,Brisbane
330303,Sydney
330304,Brisbane
330305,Melbourne
330306,Brisbane
330307,Brisbane
330308,Brisbane
330309,Brisbane
330310,Melbourne
330311,Brisbane
330312,Brisbane
330313,Brisbane
330314,Brisbane
330315,Brisbane
330316,Perth
330317,Brisbane
330318,Melbourne
330319,Brisbane
330320,Brisbane
330321,Brisbane
330322,Brisbane
330323,Brisbane
330324,Brisbane
330325,Brisbane
330326,Melbourne
330327,Sydney
330328,Brisbane
330329,Melbourne
330330,Brisbane
330331,Sydney
330332,Brisbane
330333,Sydney
330334,Brisbane
330335,Brisbane
330336,Brisbane
330337,Brisbane
330338,Brisbane
330339,Sydney
330340,Perth
330341,Brisbane
330342,Brisbane
330343,Brisbane
330344,Brisbane
330345,Brisbane
330346,Sydney
330347,Brisbane
330348,Brisbane
330349,Melbourne
330350,Brisbane
330351,Brisbane
330352,Sydney
330353,Brisbane
330354,Brisbane
330355,Brisbane
330356,Brisbane
330357,Sydney
330358,Brisbane
330359,Brisbane
330360,Brisbane
330361,Brisbane
330362,Melbourne
330363,Brisbane
330364,Brisbane
330365,Sydney
330366,Brisbane
330367,Brisbane
330368,Brisbane
330369,Brisbane
330370,Brisbane
330371,Perth
330372,Brisbane
330373,Brisbane
330374,Brisbane
330375,Brisbane
330376,Brisbane
330377,Brisbane
330378,Melbourne
330379,Brisbane
330380,Brisbane
330381,Brisbane
330382,Brisbane
330383,Brisbane
330384,Brisbane
330385,Brisbane
330386,Brisbane
330387,Brisbane
330388,Brisbane
330389,Brisbane
330390,Brisbane
330391,Brisbane
330392,Brisbane
330393,Brisbane
330394,Brisbane
330395,Brisbane
330396,Brisbane
330397,Brisbane
330398,Brisbane
330399,Brisbane
330400,Brisbane
330401,Brisbane
330402,Brisbane
330403,Sydney
330404,Brisbane
330405,Brisbane
330406,Brisbane
330407,Brisbane
330408,Brisbane
330409,Brisbane
330410,Brisbane
330411,Brisbane
330412,Brisbane
330413,Brisbane
330414,Melbourne
330415,Brisbane
330416,Melbourne
330417,Brisbane
330418,Melbourne
330419,Brisbane
330420,Brisbane
330421,Brisbane
330422,Brisbane
330423,Brisbane
330424,Brisbane
330425,Melbourne
330426,Brisbane
330427,Brisbane
330428,Brisbane
330429,Brisbane
330430,Melbourne
330431,Brisbane
330432,Perth
330433,Brisbane
330434,Brisbane
330435,Brisbane
330436,Perth
330437,Brisbane
330438,Brisbane
330439,Brisbane
330440,Brisbane
330441,Sydney
330442,Brisbane
330443,Brisbane
330444,Brisbane
330445,Brisbane
330446,Brisbane
330447,Brisbane
330448,Brisbane
330449,Brisbane
330450,Brisbane
330451,Brisbane
330452,Sydney
330453,Brisbane
330454,Brisbane
330455,Brisbane
330456,Brisbane
330457,Brisbane
330458,Brisbane
330459,Brisbane
330460,Brisbane
330461,Brisbane
330462,Brisbane
330463,Brisbane
330464,Brisbane
330465,Brisbane
330466,Brisbane
330467,Brisbane
330468,Brisbane
330469,Brisbane
330470,Brisbane
330471,Perth
330472,Brisbane
330473,Brisbane
330474,Brisbane
330475,Brisbane
330476,Brisbane
330477,Brisbane
330478,Brisbane
330479,Brisbane
330480,Brisbane
330481,Perth
330482,Brisbane
330483,Brisbane
330484,Brisbane
330485,Brisbane
330486,Brisbane
330487,Brisbane
330488,Brisbane
330489,Brisbane
330490,Brisbane
330491,Brisbane
330492,Brisbane
330493,Brisbane
330494,Melbourne
330495,Perth
330496,Perth
330497,Brisbane
330498,Brisbane
330499,Brisbane
330500,Brisbane
330501,Brisbane
330502,Brisbane
330503,Sydney
330504,Brisbane
330505,Brisbane
330506,Brisbane
330507,Brisbane
330508,Brisbane
330509,Brisbane
330510,Brisbane
330511,Perth
330512,Brisbane
330513,Brisbane
330514,Sydney
330515,Brisbane
330516,Brisbane
330517,Brisbane
330518,Melbourne
330519,Brisbane
330520,Brisbane
330521,Brisbane
330522,Brisbane
330523,Brisbane
330524,Perth
330525,Sydney
330526,Brisbane
330527,Brisbane
330528,Brisbane
330529,Brisbane
330530,Brisbane
330531,Brisbane
330532,Brisbane
330533,Brisbane
330534,Brisbane
330535,Brisbane
330536,Brisbane
330537,Brisbane
330538,Brisbane
330539,Brisbane
330540,Brisbane
330541,Brisbane
330542,Brisbane
330543,Brisbane
330544,Perth
330545,Sydney
330546,Brisbane
330547,Brisbane
330548,Brisbane
330549,Brisbane
330550,Brisbane
330551,Brisbane
330552,Brisbane
330553,Brisbane
330554,Brisbane
330555,Brisbane
330556,Brisbane
330557,Brisbane
330558,Brisbane
330559,Brisbane
330560,Brisbane
330561,Brisbane
330562,Brisbane
330563,Brisbane
330564,Brisbane
330565,Brisbane
330566,Brisbane
330567,Brisbane
330568,Brisbane
330569,Brisbane
330570,Sydney
330571,Brisbane
330572,Brisbane
330573,Brisbane
330574,Brisbane
330575,Brisbane
330576,Brisbane
330577,Brisbane
330578,Brisbane
330579,Brisbane
330580,Brisbane
330581,Brisbane
330582,Brisbane
330583,Brisbane
330584,Brisbane
330585,Brisbane
330586,Brisbane
330587,Brisbane
330588,Brisbane
330589,Brisbane
330590,Perth
330591,Brisbane
330592,Melbourne
330593,Brisbane
330594,Brisbane
330595,Brisbane
330596,Brisbane
330597,Brisbane
330598,Brisbane
330599,Brisbane
330600,Brisbane
330601,Brisbane
330602,Brisbane
330603,Brisbane
330604,Brisbane
330605,Brisbane
330606,Sydney
330607,Brisbane
330608,Sydney
330609,Perth
330610,Brisbane
330611,Brisbane
330612,Brisbane
330613,Brisbane
330614,Brisbane
330615,Brisbane
330616,Sydney
330617,Brisbane
330618,Brisbane
330619,Brisbane
330620,Brisbane
330621,Brisbane
330622,Brisbane
330623,Brisbane
330624,Brisbane
330625,Brisbane
330626,Brisbane
330627,Brisbane
330628,Brisbane
330629,Brisbane
330630,Brisbane
330631,Brisbane
330632,Brisbane
330633,Melbourne
330634,Brisbane
330635,Sydney
330636,Brisbane
330637,Brisbane
330638,Brisbane
330639,Brisbane
330640,Brisbane
330641,Brisbane
330642,Brisbane
330643,Brisbane
330644,Brisbane
330645,Brisbane
330646,Brisbane
330647,Brisbane
330648,Brisbane
330649,Brisbane
330650,Brisbane
330651,Brisbane
330652,Brisbane
330653,Brisbane
330654,Brisbane
330655,Sydney
330656,Sydney
330657,Brisbane
330658,Brisbane
330659,Brisbane
330660,Brisbane
330661,Brisbane
330662,Brisbane
330663,Perth
330664,Brisbane
330665,Brisbane
330666,Brisbane
330667,Brisbane
330668,Brisbane
330669,Brisbane
330670,Brisbane
330671,Brisbane
330672,Sydney
330673,Brisbane
330674,Brisbane
330675,Brisbane
330676,Brisbane
330677,Brisbane
330678,Brisbane
330679,Brisbane
330680,Brisbane
330681,Brisbane
330682,Brisbane
330683,Brisbane
330684,Brisbane
330685,Sydney
330686,Brisbane
330687,Brisbane
330688,Brisbane
330689,Brisbane
330690,Brisbane
330691,Brisbane
330692,Brisbane
330693,Brisbane
330694,Brisbane
330695,Brisbane
330696,Brisbane
330697,Brisbane
330698,Brisbane
330699,Brisbane
330700,Brisbane
330701,Brisbane
330702,Brisbane
330703,Brisbane
330704,Brisbane
330705,Brisbane
330706,Brisbane
330707,Brisbane
330708,Brisbane
330709,Brisbane
330710,Brisbane
330711,Brisbane
330712,Perth
330713,Brisbane
330714,Brisbane
330715,Brisbane
330716,Brisbane
330717,Brisbane
330718,Brisbane
330719,Brisbane
330720,Brisbane
330721,Brisbane
330722,Melbourne
330723,Brisbane
330724,Brisbane
330725,Brisbane
330726,Brisbane
330727,Brisbane
330728,Brisbane
330729,Sydney
330730,Brisbane
330731,Brisbane
330732,Brisbane
330733,Brisbane
330734,Brisbane
330735,Brisbane
330736,Brisbane
330737,Brisbane
330738,Brisbane
330739,Brisbane
330740,Brisbane
330741,Sydney
330742,Brisbane
330743,Sydney
330744,Brisbane
330745,Brisbane
330746,Brisbane
330747,Brisbane
330748,Brisbane
330749,Perth
330750,Brisbane
330751,Brisbane
330752,Brisbane
330753,Brisbane
330754,Brisbane
330755,Brisbane
330756,Brisbane
330757,Brisbane
330758,Brisbane
330759,Brisbane
330760,Brisbane
330761,Brisbane
330762,Brisbane
330763,Melbourne
330764,Brisbane
330765,Brisbane
330766,Sydney
330767,Brisbane
330768,Brisbane
330769,Brisbane
330770,Brisbane
330771,Brisbane
330772,Brisbane
330773,Brisbane
330774,Sydney
330775,Brisbane
330776,Brisbane
330777,Brisbane
330778,Brisbane
330779,Brisbane
330780,Brisbane
330781,Brisbane
330782,Brisbane
330783,Brisbane
330784,Brisbane
330785,Brisbane
330786,Brisbane
330787,Brisbane
330788,Brisbane
330789,Brisbane
330790,Brisbane
330791,Sydney
330792,Brisbane
330793,Brisbane
330794,Brisbane
330795,Brisbane
330796,Brisbane
330797,Brisbane
330798,Brisbane
330799,Brisbane
330800,Brisbane
330801,Brisbane
330802,Brisbane
330803,Brisbane
330804,Brisbane
330805,Brisbane
330806,Brisbane
330807,Brisbane
330808,Brisbane
330809,Brisbane
330810,Brisbane
330811,Perth
330812,Brisbane
330813,Brisbane
330814,Brisbane
330815,Brisbane
330816,Brisbane
330817,Brisbane
330818,Brisbane
330819,Brisbane
330820,Brisbane
330821,Brisbane
330822,Sydney
330823,Brisbane
330824,Brisbane
330825,Brisbane
330826,Brisbane
330827,Brisbane
330828,Brisbane
330829,Brisbane
330830,Brisbane
330831,Brisbane
330832,Brisbane
330833,Brisbane
330834,Brisbane
330835,Brisbane
330836,Brisbane
330837,Brisbane
330838,Brisbane
330839,Brisbane
330840,Brisbane
330841,Brisbane
330842,Brisbane
330843,Brisbane
330844,Brisbane
330845,Brisbane
330846,Brisbane
330847,Brisbane
330848,Brisbane
330849,Brisbane
330850,Brisbane
330851,Brisbane
330852,Brisbane
330853,Brisbane
330854,Perth
330855,Perth
330856,Brisbane
330857,Brisbane
330858,Brisbane
330859,Brisbane
330860,Brisbane
330861,Brisbane
330862,Brisbane
330863,Brisbane
330864,Brisbane
330865,Brisbane
330866,Brisbane
330867,Brisbane
330868,Melbourne
330869,Brisbane
330870,Brisbane
330871,Brisbane
330872,Brisbane
330873,Brisbane
330874,Brisbane
330875,Brisbane
330876,Brisbane
330877,Brisbane
330878,Brisbane
330879,Brisbane
330880,Brisbane
330881,Sydney
330882,Brisbane
330883,Brisbane
330884,Brisbane
330885,Brisbane
330886,Brisbane
330887,Brisbane
330888,Perth
330889,Sydney
330890,Brisbane
330891,Brisbane
330892,Brisbane
330893,Perth
330894,Melbourne
330895,Melbourne
330896,Brisbane
330897,Brisbane
330898,Brisbane
330899,Brisbane
330900,Brisbane
330901,Brisbane
330902,Brisbane
330903,Brisbane
330904,Brisbane
330905,Brisbane
330906,Brisbane
330907,Brisbane
330908,Brisbane
330909,Brisbane
330910,Brisbane
330911,Brisbane
330912,Brisbane
330913,Brisbane
330914,Brisbane
330915,Brisbane
330916,Brisbane
330917,Sydney
330918,Brisbane
330919,Brisbane
330920,Brisbane
330921,Brisbane
330922,Brisbane
330923,Brisbane
330924,Brisbane
330925,Brisbane
330926,Brisbane
330927,Brisbane
330928,Perth
330929,Brisbane
330930,Perth
330931,Brisbane
330932,Brisbane
330933,Sydney
330934,Brisbane
330935,Brisbane
330936,Brisbane
330937,Brisbane
330938,Brisbane
330939,Perth
330940,Brisbane
330941,Brisbane
330942,Brisbane
330943,Brisbane
330944,Brisbane
330945,Brisbane
330946,Brisbane
330947,Brisbane
330948,Brisbane
330949,Brisbane
330950,Sydney
330951,Brisbane
330952,Brisbane
330953,Brisbane
330954,Brisbane
330955,Brisbane
330956,Brisbane
330957,Brisbane
330958,Brisbane
330959,Brisbane
330960,Brisbane
330961,Brisbane
330962,Sydney
330963,Brisbane
330964,Brisbane
330965,Brisbane
330966,Sydney
330967,Perth
330968,Brisbane
330969,Brisbane
330970,Brisbane
330971,Brisbane
330972,Brisbane
330973,Brisbane
330974,Brisbane
330975,Brisbane
330976,Brisbane
330977,Brisbane
330978,Brisbane
330979,Melbourne
330980,Brisbane
330981,Brisbane
330982,Brisbane
330983,Brisbane
330984,Sydney
330985,Brisbane
330986,Brisbane
330987,Brisbane
330988,Brisbane
330989,Brisbane
330990,Brisbane
330991,Brisbane
330992,Brisbane
330993,Brisbane
330994,Brisbane
330995,Brisbane
330996,Brisbane
330997,Brisbane
330998,Brisbane
330999,Brisbane
331000,Brisbane
331001,Brisbane
331002,Brisbane
331003,Brisbane
331004,Melbourne
331005,Sydney
331006,Brisbane
331007,Brisbane
331008,Brisbane
331009,Brisbane
331010,Brisbane
331011,Brisbane
331012,Brisbane
331013,Brisbane
331014,Brisbane
331015,Brisbane
331016,Brisbane
331017,Brisbane
331018,Brisbane
331019,Brisbane
331020,Sydney
331021,Melbourne
331022,Brisbane
331023,Brisbane
331024,Brisbane
331025,Brisbane
331026,Brisbane
331027,Brisbane
331028,Brisbane
331029,Brisbane
331030,Brisbane
331031,Sydney
331032,Brisbane
331033,Brisbane
331034,Brisbane
331035,Brisbane
331036,Brisbane
331037,Brisbane
331038,Sydney
331039,Brisbane
331040,Brisbane
331041,Brisbane
331042,Brisbane
331043,Brisbane
331044,Melbourne
331045,Brisbane
331046,Brisbane
331047,Brisbane
331048,Brisbane
331049,Brisbane
331050,Brisbane
331051,Brisbane
331052,Brisbane
331053,Brisbane
331054,Brisbane
331055,Brisbane
331056,Brisbane
331057,Brisbane
331058,Brisbane
331059,Brisbane
331060,Brisbane
331061,Perth
331062,Brisbane
331063,Brisbane
331064,Brisbane
331065,Brisbane
331066,Brisbane
331067,Brisbane
331068,Brisbane
331069,Sydney
331070,Brisbane
331071,Brisbane
331072,Brisbane
331073,Brisbane
331074,Brisbane
331075,Brisbane
331076,Brisbane
331077,Brisbane
331078,Brisbane
331079,Brisbane
331080,Brisbane
331081,Brisbane
331082,Sydney
331083,Brisbane
331084,Brisbane
331085,Brisbane
331086,Brisbane
331087,Brisbane
331088,Brisbane
331089,Brisbane
331090,Brisbane
331091,Brisbane
331092,Brisbane
331093,Brisbane
331094,Brisbane
331095,Brisbane
331096,Brisbane
331097,Brisbane
331098,Brisbane
331099,Brisbane
331100,Brisbane
331101,Brisbane
331102,Brisbane
331103,Brisbane
331104,Brisbane
331105,Brisbane
331106,Brisbane
331107,Brisbane
331108,Brisbane
331109,Brisbane
331110,Brisbane
331111,Brisbane
331112,Brisbane
331113,Brisbane
331114,Brisbane
331115,Melbourne
331116,Brisbane
331117,Brisbane
331118,Sydney
331119,Brisbane
331120,Brisbane
331121,Brisbane
331122,Brisbane
331123,Brisbane
331124,Brisbane
331125,Brisbane
331126,Brisbane
331127,Brisbane
331128,Brisbane
331129,Brisbane
331130,Sydney
331131,Brisbane
331132,Brisbane
331133,Brisbane
331134,Perth
331135,Brisbane
331136,Brisbane
331137,Brisbane
331138,Brisbane
331139,Brisbane
331140,Brisbane
331141,Sydney
331142,Brisbane
331143,Brisbane
331144,Brisbane
331145,Brisbane
331146,Brisbane
331147,Brisbane
331148,Brisbane
331149,Brisbane
331150,Brisbane
331151,Brisbane
331152,Brisbane
331153,Brisbane
331154,Perth
331155,Brisbane
331156,Sydney
331157,Brisbane
331158,Brisbane
331159,Brisbane
331160,Brisbane
331161,Perth
331162,Brisbane
331163,Brisbane
331164,Brisbane
331165,Sydney
331166,Brisbane
331167,Brisbane
331168,Brisbane
331169,Brisbane
331170,Brisbane
331171,Brisbane
331172,Brisbane
331173,Sydney
331174,Brisbane
331175,Brisbane
331176,Brisbane
331177,Brisbane
331178,Brisbane
331179,Melbourne
331180,Perth
331181,Brisbane
331182,Brisbane
331183,Brisbane
331184,Perth
331185,Brisbane
331186,Perth
331187,Brisbane
331188,Brisbane
331189,Brisbane
331190,Brisbane
331191,Brisbane
331192,Melbourne
331193,Melbourne
331194,Brisbane
331195,Brisbane
331196,Brisbane
331197,Brisbane
331198,Brisbane
331199,Brisbane
331200,Perth
331201,Brisbane
331202,Brisbane
331203,Brisbane
331204,Brisbane
331205,Brisbane
331206,Perth
331207,Brisbane
331208,Brisbane
331209,Brisbane
331210,Brisbane
331211,Brisbane
331212,Brisbane
331213,Brisbane
331214,Brisbane
331215,Sydney
331216,Sydney
331217,Brisbane
331218,Brisbane
331219,Brisbane
331220,Brisbane
331221,Brisbane
331222,Brisbane
331223,Brisbane
331224,Brisbane
331225,Brisbane
331226,Brisbane
331227,Brisbane
331228,Brisbane
331229,Brisbane
331230,Brisbane
331231,Brisbane
331232,Brisbane
331233,Brisbane
331234,Brisbane
331235,Brisbane
331236,Sydney
331237,Brisbane
331238,Brisbane
331239,Brisbane
331240,Brisbane
331241,Brisbane
331242,Brisbane
331243,Brisbane
331244,Brisbane
331245,Brisbane
331246,Brisbane
331247,Perth
331248,Brisbane
331249,Brisbane
331250,Brisbane
331251,Brisbane
331252,Brisbane
331253,Brisbane
331254,Brisbane
331255,Brisbane
331256,Brisbane
331257,Brisbane
331258,Brisbane
331259,Brisbane
331260,Sydney
331261,Perth
331262,Brisbane
331263,Brisbane
331264,Brisbane
331265,Brisbane
331266,Brisbane
331267,Brisbane
331268,Brisbane
331269,Brisbane
331270,Brisbane
331271,Brisbane
331272,Brisbane
331273,Brisbane
331274,Brisbane
331275,Brisbane
331276,Melbourne
331277,Brisbane
331278,Brisbane
331279,Brisbane
331280,Brisbane
331281,Brisbane
331282,Brisbane
331283,Brisbane
331284,Brisbane
331285,Brisbane
331286,Brisbane
331287,Brisbane
331288,Sydney
331289,Brisbane
331290,Brisbane
331291,Brisbane
331292,Brisbane
331293,Brisbane
331294,Brisbane
331295,Brisbane
331296,Brisbane
331297,Sydney
331298,Sydney
331299,Brisbane
331300,Brisbane
331301,Brisbane
331302,Brisbane
331303,Brisbane
331304,Brisbane
331305,Brisbane
331306,Brisbane
331307,Brisbane
331308,Brisbane
331309,Brisbane
331310,Brisbane
331311,Brisbane
331312,Brisbane
331313,Brisbane
331314,Brisbane
331315,Brisbane
331316,Sydney
331317,Brisbane
331318,Brisbane
331319,Brisbane
331320,Brisbane
331321,Brisbane
331322,Brisbane
331323,Brisbane
331324,Brisbane
331325,Brisbane
331326,Brisbane
331327,Brisbane
331328,Melbourne
331329,Brisbane
331330,Brisbane
331331,Brisbane
331332,Brisbane
331333,Brisbane
331334,Brisbane
331335,Brisbane
331336,Brisbane
331337,Brisbane
331338,Brisbane
331339,Brisbane
331340,Brisbane
331341,Brisbane
331342,Brisbane
331343,Brisbane
331344,Brisbane
331345,Brisbane
331346,Brisbane
331347,Brisbane
331348,Brisbane
331349,Sydney
331350,Brisbane
331351,Brisbane
331352,Brisbane
331353,Brisbane
331354,Brisbane
331355,Brisbane
331356,Brisbane
331357,Perth
331358,Brisbane
331359,Melbourne
331360,Brisbane
331361,Brisbane
331362,Brisbane
331363,Brisbane
331364,Brisbane
331365,Brisbane
331366,Brisbane
331367,Brisbane
331368,Brisbane
331369,Brisbane
331370,Brisbane
331371,Brisbane
331372,Brisbane
331373,Brisbane
331374,Brisbane
331375,Brisbane
331376,Brisbane
331377,Brisbane
331378,Melbourne
331379,Brisbane
331380,Brisbane
331381,Brisbane
331382,Brisbane
331383,Brisbane
331384,Brisbane
331385,Brisbane
331386,Brisbane
331387,Brisbane
331388,Brisbane
331389,Brisbane
331390,Brisbane
331391,Brisbane
331392,Sydney
331393,Sydney
331394,Brisbane
331395,Brisbane
331396,Brisbane
331397,Brisbane
331398,Brisbane
331399,Brisbane
331400,Brisbane
331401,Perth
331402,Brisbane
331403,Sydney
331404,Brisbane
331405,Brisbane
331406,Sydney
331407,Brisbane
331408,Sydney
331409,Brisbane
331410,Brisbane
331411,Brisbane
331412,Brisbane
331413,Sydney
331414,Brisbane
331415,Brisbane
331416,Brisbane
331417,Brisbane
331418,Brisbane
331419,Brisbane
331420,Melbourne
331421,Brisbane
331422,Brisbane
331423,Brisbane
331424,Brisbane
331425,Brisbane
331426,Brisbane
331427,Brisbane
331428,Brisbane
331429,Brisbane
331430,Brisbane
331431,Brisbane
331432,Brisbane
331433,Brisbane
331434,Brisbane
331435,Brisbane
331436,Brisbane
331437,Perth
331438,Brisbane
331439,Brisbane
331440,Brisbane
331441,Melbourne
331442,Brisbane
331443,Brisbane
331444,Perth
331445,Brisbane
331446,Brisbane
331447,Brisbane
331448,Brisbane
331449,Brisbane
331450,Brisbane
331451,Brisbane
331452,Brisbane
331453,Brisbane
331454,Brisbane
331455,Sydney
331456,Brisbane
331457,Brisbane
331458,Brisbane
331459,Melbourne
331460,Brisbane
331461,Brisbane
331462,Brisbane
331463,Brisbane
331464,Melbourne
331465,Brisbane
331466,Brisbane
331467,Brisbane
331468,Brisbane
331469,Brisbane
331470,Brisbane
331471,Brisbane
331472,Brisbane
331473,Brisbane
331474,Brisbane
331475,Brisbane
331476,Brisbane
331477,Sydney
331478,Brisbane
331479,Brisbane
331480,Brisbane
331481,Brisbane
331482,Brisbane
331483,Sydney
331484,Brisbane
331485,Brisbane
331486,Brisbane
331487,Brisbane
331488,Brisbane
331489,Brisbane
331490,Brisbane
331491,Brisbane
331492,Brisbane
331493,Brisbane
331494,Brisbane
331495,Brisbane
331496,Brisbane
331497,Brisbane
331498,Brisbane
331499,Brisbane
331500,Brisbane
331501,Brisbane
331502,Brisbane
331503,Brisbane
331504,Brisbane
331505,Brisbane
331506,Brisbane
331507,Brisbane
331508,Brisbane
331509,Brisbane
331510,Brisbane
331511,Brisbane
331512,Brisbane
331513,Brisbane
331514,Brisbane
331515,Brisbane
331516,Brisbane
331517,Brisbane
331518,Brisbane
331519,Brisbane
331520,Brisbane
331521,Brisbane
331522,Brisbane
331523,Brisbane
331524,Brisbane
331525,Brisbane
331526,Brisbane
331527,Brisbane
331528,Brisbane
331529,Brisbane
331530,Brisbane
331531,Brisbane
331532,Brisbane
331533,Brisbane
331534,Brisbane
331535,Brisbane
331536,Sydney
331537,Brisbane
331538,Brisbane
331539,Brisbane
331540,Brisbane
331541,Sydney
331542,Brisbane
331543,Brisbane
331544,Brisbane
331545,Brisbane
331546,Sydney
331547,Brisbane
331548,Brisbane
331549,Brisbane
331550,Brisbane
331551,Brisbane
331552,Brisbane
331553,Brisbane
331554,Brisbane
331555,Brisbane
331556,Brisbane
331557,Brisbane
331558,Brisbane
331559,Brisbane
331560,Brisbane
331561,Brisbane
331562,Brisbane
331563,Brisbane
331564,Brisbane
331565,Melbourne
331566,Brisbane
331567,Sydney
331568,Brisbane
331569,Melbourne
331570,Brisbane
331571,Brisbane
331572,Brisbane
331573,Brisbane
331574,Brisbane
331575,Brisbane
331576,Brisbane
331577,Brisbane
331578,Brisbane
331579,Brisbane
331580,Brisbane
331581,Brisbane
331582,Brisbane
331583,Brisbane
331584,Brisbane
331585,Brisbane
331586,Brisbane
331587,Brisbane
331588,Brisbane
331589,Brisbane
331590,Brisbane
331591,Brisbane
331592,Brisbane
331593,Brisbane
331594,Perth
331595,Brisbane
331596,Brisbane
331597,Brisbane
331598,Brisbane
331599,Brisbane
331600,Brisbane
331601,Brisbane
331602,Brisbane
331603,Brisbane
331604,Brisbane
331605,Brisbane
331606,Brisbane
331607,Brisbane
331608,Brisbane
331609,Brisbane
331610,Brisbane
331611,Brisbane
331612,Brisbane
331613,Brisbane
331614,Brisbane
331615,Brisbane
331616,Sydney
331617,Perth
331618,Brisbane
331619,Brisbane
331620,Brisbane
331621,Brisbane
331622,Brisbane
331623,Perth
331624,Brisbane
331625,Brisbane
331626,Brisbane
331627,Brisbane
331628,Brisbane
331629,Brisbane
331630,Brisbane
331631,Brisbane
331632,Brisbane
331633,Brisbane
331634,Melbourne
331635,Brisbane
331636,Brisbane
331637,Brisbane
331638,Brisbane
331639,Sydney
331640,Melbourne
331641,Brisbane
331642,Brisbane
331643,Brisbane
331644,Brisbane
331645,Brisbane
331646,Brisbane
331647,Brisbane
331648,Brisbane
331649,Brisbane
331650,Brisbane
331651,Brisbane
331652,Brisbane
331653,Brisbane
331654,Brisbane
331655,Brisbane
331656,Brisbane
331657,Melbourne
331658,Brisbane
331659,Brisbane
331660,Brisbane
331661,Brisbane
331662,Brisbane
331663,Brisbane
331664,Brisbane
331665,Brisbane
331666,Brisbane
331667,Brisbane
331668,Brisbane
331669,Brisbane
331670,Brisbane
331671,Brisbane
331672,Brisbane
331673,Brisbane
331674,Brisbane
331675,Brisbane
331676,Brisbane
331677,Brisbane
331678,Brisbane
331679,Brisbane
331680,Brisbane
331681,Brisbane
331682,Brisbane
331683,Brisbane
331684,Brisbane
331685,Brisbane
331686,Brisbane
331687,Brisbane
331688,Brisbane
331689,Brisbane
331690,Brisbane
331691,Brisbane
331692,Brisbane
331693,Brisbane
331694,Brisbane
331695,Brisbane
331696,Brisbane
331697,Brisbane
331698,Brisbane
331699,Brisbane
331700,Brisbane
331701,Brisbane
331702,Brisbane
331703,Brisbane
331704,Brisbane
331705,Brisbane
331706,Brisbane
331707,Brisbane
331708,Brisbane
331709,Brisbane
331710,Brisbane
331711,Brisbane
331712,Brisbane
331713,Brisbane
331714,Brisbane
331715,Brisbane
331716,Brisbane
331717,Brisbane
331718,Brisbane
331719,Brisbane
331720,Brisbane
331721,Brisbane
331722,Brisbane
331723,Brisbane
331724,Brisbane
331725,Sydney
331726,Brisbane
331727,Brisbane
331728,Brisbane
331729,Brisbane
331730,Brisbane
331731,Brisbane
331732,Brisbane
331733,Brisbane
331734,Brisbane
331735,Sydney
331736,Brisbane
331737,Perth
331738,Brisbane
331739,Brisbane
331740,Brisbane
331741,Brisbane
331742,Brisbane
331743,Brisbane
331744,Brisbane
331745,Brisbane
331746,Brisbane
331747,Brisbane
331748,Brisbane
331749,Brisbane
331750,Perth
331751,Perth
331752,Brisbane
331753,Brisbane
331754,Brisbane
331755,Brisbane
331756,Brisbane
331757,Brisbane
331758,Brisbane
331759,Brisbane
331760,Brisbane
331761,Brisbane
331762,Brisbane
331763,Brisbane
331764,Brisbane
331765,Brisbane
331766,Brisbane
331767,Brisbane
331768,Brisbane
331769,Brisbane
331770,Brisbane
331771,Brisbane
331772,Brisbane
331773,Brisbane
331774,Brisbane
331775,Brisbane
331776,Brisbane
331777,Brisbane
331778,Brisbane
331779,Brisbane
331780,Brisbane
331781,Melbourne
331782,Brisbane
331783,Brisbane
331784,Brisbane
331785,Brisbane
331786,Brisbane
331787,Sydney
331788,Brisbane
331789,Brisbane
331790,Melbourne
331791,Brisbane
331792,Brisbane
331793,Brisbane
331794,Sydney
331795,Brisbane
331796,Melbourne
331797,Brisbane
331798,Brisbane
331799,Brisbane
331800,Brisbane
331801,Brisbane
331802,Brisbane
331803,Brisbane
331804,Brisbane
331805,Brisbane
331806,Perth
331807,Brisbane
331808,Brisbane
331809,Brisbane
331810,Brisbane
331811,Brisbane
331812,Brisbane
331813,Melbourne
331814,Brisbane
331815,Melbourne
331816,Brisbane
331817,Brisbane
331818,Brisbane
331819,Brisbane
331820,Melbourne
331821,Brisbane
331822,Brisbane
331823,Melbourne
331824,Brisbane
331825,Brisbane
331826,Perth
331827,Brisbane
331828,Brisbane
331829,Brisbane
331830,Melbourne
331831,Brisbane
331832,Brisbane
331833,Perth
331834,Brisbane
331835,Brisbane
331836,Brisbane
331837,Brisbane
331838,Brisbane
331839,Brisbane
331840,Brisbane
331841,Brisbane
331842,Sydney
331843,Perth
331844,Melbourne
331845,Brisbane
331846,Brisbane
331847,Brisbane
331848,Brisbane
331849,Brisbane
331850,Brisbane
331851,Brisbane
331852,Sydney
331853,Brisbane
331854,Brisbane
331855,Perth
331856,Brisbane
331857,Brisbane
331858,Brisbane
331859,Brisbane
331860,Brisbane
331861,Brisbane
331862,Brisbane
331863,Brisbane
331864,Brisbane
331865,Brisbane
331866,Brisbane
331867,Brisbane
331868,Brisbane
331869,Brisbane
331870,Brisbane
331871,Brisbane
331872,Brisbane
331873,Brisbane
331874,Sydney
331875,Brisbane
331876,Brisbane
331877,Brisbane
331878,Brisbane
331879,Brisbane
331880,Brisbane
331881,Brisbane
331882,Brisbane
331883,Brisbane
331884,Brisbane
331885,Perth
331886,Brisbane
331887,Brisbane
331888,Brisbane
331889,Brisbane
331890,Brisbane
331891,Brisbane
331892,Brisbane
331893,Brisbane
331894,Brisbane
331895,Brisbane
331896,Brisbane
331897,Brisbane
331898,Brisbane
331899,Sydney
331900,Brisbane
331901,Melbourne
331902,Brisbane
331903,Brisbane
331904,Brisbane
331905,Brisbane
331906,Brisbane
331907,Brisbane
331908,Sydney
331909,Brisbane
331910,Brisbane
331911,Brisbane
331912,Perth
331913,Brisbane
331914,Brisbane
331915,Brisbane
331916,Brisbane
331917,Brisbane
331918,Brisbane
331919,Brisbane
331920,Brisbane
331921,Brisbane
331922,Perth
331923,Brisbane
331924,Brisbane
331925,Brisbane
331926,Brisbane
331927,Brisbane
331928,Brisbane
331929,Perth
331930,Brisbane
331931,Brisbane
331932,Brisbane
331933,Brisbane
331934,Perth
331935,Brisbane
331936,Brisbane
331937,Sydney
331938,Brisbane
331939,Brisbane
331940,Perth
331941,Brisbane
331942,Perth
331943,Brisbane
331944,Brisbane
331945,Brisbane
331946,Brisbane
331947,Brisbane
331948,Brisbane
331949,Perth
331950,Brisbane
331951,Brisbane
331952,Brisbane
331953,Brisbane
331954,Brisbane
331955,Brisbane
331956,Melbourne
331957,Brisbane
331958,Brisbane
331959,Brisbane
331960,Brisbane
331961,Brisbane
331962,Brisbane
331963,Brisbane
331964,Brisbane
331965,Brisbane
331966,Sydney
331967,Brisbane
331968,Brisbane
331969,Sydney
331970,Brisbane
331971,Brisbane
331972,Melbourne
331973,Brisbane
331974,Brisbane
331975,Brisbane
331976,Sydney
331977,Brisbane
331978,Melbourne
331979,Sydney
331980,Melbourne
331981,Perth
331982,Brisbane
331983,Brisbane
331984,Brisbane
331985,Brisbane
331986,Perth
331987,Brisbane
331988,Brisbane
331989,Brisbane
331990,Brisbane
331991,Brisbane
331992,Brisbane
331993,Brisbane
331994,Brisbane
331995,Brisbane
331996,Brisbane
331997,Brisbane
331998,Brisbane
331999,Melbourne
332000,Brisbane
332001,Brisbane
332002,Brisbane
332003,Brisbane
332004,Brisbane
332005,Melbourne
332006,Brisbane
332007,Brisbane
332008,Brisbane
332009,Brisbane
332010,Brisbane
332011,Brisbane
332012,Brisbane
332013,Brisbane
332014,Brisbane
332015,Brisbane
332016,Brisbane
332017,Brisbane
332018,Brisbane
332019,Brisbane
332020,Brisbane
332021,Perth
332022,Brisbane
332023,Brisbane
332024,Brisbane
332025,Brisbane
332026,Brisbane
332027,Brisbane
332028,Brisbane
332029,Brisbane
332030,Brisbane
332031,Brisbane
332032,Sydney
332033,Brisbane
332034,Brisbane
332035,Brisbane
332036,Brisbane
332037,Brisbane
332038,Brisbane
332039,Brisbane
332040,Brisbane
332041,Brisbane
332042,Brisbane
332043,Brisbane
332044,Brisbane
332045,Brisbane
332046,Brisbane
332047,Brisbane
332048,Sydney
332049,Melbourne
332050,Brisbane
332051,Brisbane
332052,Brisbane
332053,Brisbane
332054,Brisbane
332055,Brisbane
332056,Brisbane
332057,Brisbane
332058,Brisbane
332059,Brisbane
332060,Brisbane
332061,Brisbane
332062,Brisbane
332063,Brisbane
332064,Brisbane
332065,Brisbane
332066,Brisbane
332067,Brisbane
332068,Brisbane
332069,Brisbane
332070,Brisbane
332071,Brisbane
332072,Perth
332073,Brisbane
332074,Brisbane
332075,Brisbane
332076,Brisbane
332077,Brisbane
332078,Brisbane
332079,Brisbane
332080,Brisbane
332081,Brisbane
332082,Brisbane
332083,Brisbane
332084,Brisbane
332085,Brisbane
332086,Brisbane
332087,Brisbane
332088,Brisbane
332089,Brisbane
332090,Brisbane
332091,Sydney
332092,Brisbane
332093,Brisbane
332094,Brisbane
332095,Sydney
332096,Brisbane
332097,Brisbane
332098,Brisbane
332099,Melbourne
332100,Brisbane
332101,Brisbane
332102,Brisbane
332103,Sydney
332104,Brisbane
332105,Brisbane
332106,Brisbane
332107,Brisbane
332108,Brisbane
332109,Perth
332110,Brisbane
332111,Brisbane
332112,Brisbane
332113,Brisbane
332114,Brisbane
332115,Brisbane
332116,Brisbane
332117,Brisbane
332118,Brisbane
332119,Brisbane
332120,Sydney
332121,Brisbane
332122,Brisbane
332123,Brisbane
332124,Brisbane
332125,Brisbane
332126,Brisbane
332127,Brisbane
332128,Brisbane
332129,Brisbane
332130,Brisbane
332131,Brisbane
332132,Perth
332133,Brisbane
332134,Brisbane
332135,Brisbane
332136,Brisbane
332137,Brisbane
332138,Brisbane
332139,Brisbane
332140,Brisbane
332141,Brisbane
332142,Brisbane
332143,Brisbane
332144,Brisbane
332145,Brisbane
332146,Brisbane
332147,Brisbane
332148,Brisbane
332149,Brisbane
332150,Brisbane
332151,Sydney
332152,Brisbane
332153,Brisbane
332154,Brisbane
332155,Brisbane
332156,Brisbane
332157,Brisbane
332158,Brisbane
332159,Brisbane
332160,Sydney
332161,Brisbane
332162,Brisbane
332163,Brisbane
332164,Brisbane
332165,Brisbane
332166,Perth
332167,Brisbane
332168,Brisbane
332169,Brisbane
332170,Brisbane
332171,Melbourne
332172,Sydney
332173,Brisbane
332174,Brisbane
332175,Brisbane
332176,Perth
332177,Brisbane
332178,Brisbane
332179,Brisbane
332180,Brisbane
332181,Melbourne
332182,Brisbane
332183,Brisbane
332184,Brisbane
332185,Brisbane
332186,Brisbane
332187,Brisbane
332188,Brisbane
332189,Brisbane
332190,Brisbane
332191,Brisbane
332192,Brisbane
332193,Brisbane
332194,Brisbane
332195,Brisbane
332196,Brisbane
332197,Brisbane
332198,Brisbane
332199,Brisbane
332200,Brisbane
332201,Brisbane
332202,Brisbane
332203,Brisbane
332204,Brisbane
332205,Brisbane
332206,Brisbane
332207,Brisbane
332208,Brisbane
332209,Brisbane
332210,Brisbane
332211,Brisbane
332212,Brisbane
332213,Brisbane
332214,Brisbane
332215,Brisbane
332216,Brisbane
332217,Brisbane
332218,Brisbane
332219,Brisbane
332220,Brisbane
332221,Brisbane
332222,Brisbane
332223,Brisbane
332224,Brisbane
332225,Brisbane
332226,Brisbane
332227,Brisbane
332228,Brisbane
332229,Brisbane
332230,Brisbane
332231,Brisbane
332232,Brisbane
332233,Sydney
332234,Brisbane
332235,Brisbane
332236,Brisbane
332237,Melbourne
332238,Melbourne
332239,Brisbane
332240,Brisbane
332241,Brisbane
332242,Perth
332243,Brisbane
332244,Brisbane
332245,Sydney
332246,Brisbane
332247,Brisbane
332248,Brisbane
332249,Brisbane
332250,Brisbane
332251,Brisbane
332252,Perth
332253,Brisbane
332254,Brisbane
332255,Brisbane
332256,Brisbane
332257,Brisbane
332258,Brisbane
332259,Brisbane
332260,Brisbane
332261,Brisbane
332262,Brisbane
332263,Brisbane
332264,Brisbane
332265,Brisbane
332266,Brisbane
332267,Brisbane
332268,Brisbane
332269,Brisbane
332270,Brisbane
332271,Brisbane
332272,Brisbane
332273,Sydney
332274,Brisbane
332275,Brisbane
332276,Melbourne
332277,Brisbane
332278,Brisbane
332279,Brisbane
332280,Brisbane
332281,Brisbane
332282,Brisbane
332283,Brisbane
332284,Brisbane
332285,Brisbane
332286,Brisbane
332287,Brisbane
332288,Brisbane
332289,Brisbane
332290,Brisbane
332291,Perth
332292,Brisbane
332293,Brisbane
332294,Brisbane
332295,Brisbane
332296,Sydney
332297,Brisbane
332298,Melbourne
332299,Brisbane
332300,Brisbane
332301,Brisbane
332302,Brisbane
332303,Brisbane
332304,Brisbane
332305,Brisbane
332306,Brisbane
332307,Brisbane
332308,Brisbane
332309,Brisbane
332310,Brisbane
332311,Brisbane
332312,Brisbane
332313,Brisbane
332314,Brisbane
332315,Brisbane
332316,Brisbane
332317,Sydney
332318,Brisbane
332319,Brisbane
332320,Brisbane
332321,Brisbane
332322,Brisbane
332323,Brisbane
332324,Brisbane
332325,Brisbane
332326,Brisbane
332327,Brisbane
332328,Brisbane
332329,Brisbane
332330,Brisbane
332331,Brisbane
332332,Brisbane
332333,Brisbane
332334,Brisbane
332335,Brisbane
332336,Brisbane
332337,Brisbane
332338,Brisbane
332339,Brisbane
332340,Brisbane
332341,Brisbane
332342,Brisbane
332343,Brisbane
332344,Brisbane
332345,Brisbane
332346,Brisbane
332347,Sydney
332348,Brisbane
332349,Brisbane
332350,Perth
332351,Brisbane
332352,Brisbane
332353,Brisbane
332354,Brisbane
332355,Brisbane
332356,Brisbane
332357,Brisbane
332358,Brisbane
332359,Brisbane
332360,Sydney
332361,Brisbane
332362,Brisbane
332363,Brisbane
332364,Perth
332365,Brisbane
332366,Brisbane
332367,Brisbane
332368,Brisbane
332369,Sydney
332370,Brisbane
332371,Brisbane
332372,Brisbane
332373,Brisbane
332374,Brisbane
332375,Sydney
332376,Sydney
332377,Brisbane
332378,Brisbane
332379,Brisbane
332380,Brisbane
332381,Perth
332382,Brisbane
332383,Brisbane
332384,Brisbane
332385,Brisbane
332386,Brisbane
332387,Brisbane
332388,Brisbane
332389,Brisbane
332390,Brisbane
332391,Brisbane
332392,Brisbane
332393,Perth
332394,Brisbane
332395,Brisbane
332396,Brisbane
332397,Brisbane
332398,Brisbane
332399,Brisbane
332400,Brisbane
332401,Brisbane
332402,Brisbane
332403,Brisbane
332404,Brisbane
332405,Brisbane
332406,Brisbane
332407,Brisbane
332408,Brisbane
332409,Brisbane
332410,Brisbane
332411,Brisbane
332412,Perth
332413,Sydney
332414,Brisbane
332415,Brisbane
332416,Brisbane
332417,Perth
332418,Brisbane
332419,Brisbane
332420,Brisbane
332421,Brisbane
332422,Brisbane
332423,Brisbane
332424,Sydney
332425,Brisbane
332426,Brisbane
332427,Melbourne
332428,Brisbane
332429,Brisbane
332430,Brisbane
332431,Brisbane
332432,Brisbane
332433,Brisbane
332434,Melbourne
332435,Brisbane
332436,Brisbane
332437,Brisbane
332438,Brisbane
332439,Brisbane
332440,Brisbane
332441,Brisbane
332442,Brisbane
332443,Brisbane
332444,Brisbane
332445,Brisbane
332446,Brisbane
332447,Brisbane
332448,Brisbane
332449,Melbourne
332450,Perth
332451,Brisbane
332452,Brisbane
332453,Brisbane
332454,Brisbane
332455,Brisbane
332456,Brisbane
332457,Brisbane
332458,Brisbane
332459,Brisbane
332460,Brisbane
332461,Brisbane
332462,Brisbane
332463,Brisbane
332464,Brisbane
332465,Perth
332466,Brisbane
332467,Brisbane
332468,Brisbane
332469,Brisbane
332470,Brisbane
332471,Brisbane
332472,Brisbane
332473,Brisbane
332474,Brisbane
332475,Brisbane
332476,Brisbane
332477,Brisbane
332478,Brisbane
332479,Brisbane
332480,Brisbane
332481,Brisbane
332482,Perth
332483,Brisbane
332484,Brisbane
332485,Brisbane
332486,Brisbane
332487,Brisbane
332488,Perth
332489,Brisbane
332490,Brisbane
332491,Brisbane
332492,Brisbane
332493,Brisbane
332494,Brisbane
332495,Brisbane
332496,Brisbane
332497,Brisbane
332498,Brisbane
332499,Brisbane
332500,Brisbane
332501,Brisbane
332502,Brisbane
332503,Brisbane
332504,Brisbane
332505,Brisbane
332506,Brisbane
332507,Brisbane
332508,Melbourne
332509,Sydney
332510,Brisbane
332511,Brisbane
332512,Brisbane
332513,Brisbane
332514,Brisbane
332515,Brisbane
332516,Brisbane
332517,Brisbane
332518,Brisbane
332519,Brisbane
332520,Brisbane
332521,Brisbane
332522,Brisbane
332523,Brisbane
332524,Brisbane
332525,Brisbane
332526,Brisbane
332527,Brisbane
332528,Brisbane
332529,Brisbane
332530,Brisbane
332531,Brisbane
332532,Brisbane
332533,Brisbane
332534,Brisbane
332535,Brisbane
332536,Brisbane
332537,Melbourne
332538,Brisbane
332539,Brisbane
332540,Brisbane
332541,Brisbane
332542,Brisbane
332543,Brisbane
332544,Brisbane
332545,Brisbane
332546,Brisbane
332547,Brisbane
332548,Brisbane
332549,Brisbane
332550,Brisbane
332551,Brisbane
332552,Brisbane
332553,Brisbane
332554,Brisbane
332555,Brisbane
332556,Sydney
332557,Brisbane
332558,Brisbane
332559,Brisbane
332560,Brisbane
332561,Brisbane
332562,Brisbane
332563,Brisbane
332564,Perth
332565,Brisbane
332566,Brisbane
332567,Brisbane
332568,Perth
332569,Brisbane
332570,Brisbane
332571,Brisbane
332572,Brisbane
332573,Brisbane
332574,Brisbane
332575,Brisbane
332576,Brisbane
332577,Brisbane
332578,Brisbane
332579,Sydney
332580,Brisbane
332581,Brisbane
332582,Brisbane
332583,Brisbane
332584,Perth
332585,Brisbane
332586,Brisbane
332587,Brisbane
332588,Brisbane
332589,Brisbane
332590,Brisbane
332591,Perth
332592,Melbourne
332593,Perth
332594,Brisbane
332595,Brisbane
332596,Perth
332597,Brisbane
332598,Brisbane
332599,Brisbane
332600,Brisbane
332601,Brisbane
332602,Brisbane
332603,Brisbane
332604,Brisbane
332605,Brisbane
332606,Melbourne
332607,Brisbane
332608,Brisbane
332609,Brisbane
332610,Brisbane
332611,Brisbane
332612,Brisbane
332613,Brisbane
332614,Brisbane
332615,Brisbane
332616,Brisbane
332617,Brisbane
332618,Brisbane
332619,Sydney
332620,Brisbane
332621,Brisbane
332622,Sydney
332623,Brisbane
332624,Brisbane
332625,Sydney
332626,Brisbane
332627,Brisbane
332628,Perth
332629,Brisbane
332630,Brisbane
332631,Brisbane
332632,Sydney
332633,Brisbane
332634,Brisbane
332635,Brisbane
332636,Brisbane
332637,Sydney
332638,Brisbane
332639,Brisbane
332640,Brisbane
332641,Brisbane
332642,Brisbane
332643,Brisbane
332644,Brisbane
332645,Brisbane
332646,Brisbane
332647,Brisbane
332648,Brisbane
332649,Brisbane
332650,Brisbane
332651,Brisbane
332652,Brisbane
332653,Brisbane
332654,Brisbane
332655,Brisbane
332656,Sydney
332657,Brisbane
332658,Brisbane
332659,Sydney
332660,Brisbane
332661,Brisbane
332662,Brisbane
332663,Brisbane
332664,Brisbane
332665,Melbourne
332666,Brisbane
332667,Brisbane
332668,Brisbane
332669,Brisbane
332670,Brisbane
332671,Sydney
332672,Brisbane
332673,Brisbane
332674,Brisbane
332675,Melbourne
332676,Brisbane
332677,Brisbane
332678,Brisbane
332679,Brisbane
332680,Brisbane
332681,Brisbane
332682,Brisbane
332683,Brisbane
332684,Brisbane
332685,Brisbane
332686,Brisbane
332687,Brisbane
332688,Brisbane
332689,Brisbane
332690,Brisbane
332691,Brisbane
332692,Melbourne
332693,Brisbane
332694,Brisbane
332695,Brisbane
332696,Brisbane
332697,Brisbane
332698,Brisbane
332699,Melbourne
332700,Brisbane
332701,Brisbane
332702,Brisbane
332703,Brisbane
332704,Brisbane
332705,Brisbane
332706,Brisbane
332707,Brisbane
332708,Brisbane
332709,Brisbane
332710,Brisbane
332711,Brisbane
332712,Brisbane
332713,Brisbane
332714,Brisbane
332715,Brisbane
332716,Brisbane
332717,Sydney
332718,Sydney
332719,Brisbane
332720,Brisbane
332721,Brisbane
332722,Brisbane
332723,Brisbane
332724,Brisbane
332725,Melbourne
332726,Brisbane
332727,Brisbane
332728,Sydney
332729,Brisbane
332730,Brisbane
332731,Perth
332732,Brisbane
332733,Brisbane
332734,Brisbane
332735,Brisbane
332736,Brisbane
332737,Melbourne
332738,Brisbane
332739,Brisbane
332740,Brisbane
332741,Brisbane
332742,Brisbane
332743,Brisbane
332744,Brisbane
332745,Sydney
332746,Sydney
332747,Brisbane
332748,Brisbane
332749,Brisbane
332750,Brisbane
332751,Brisbane
332752,Brisbane
332753,Brisbane
332754,Brisbane
332755,Brisbane
332756,Brisbane
332757,Brisbane
332758,Sydney
332759,Brisbane
332760,Brisbane
332761,Brisbane
332762,Brisbane
332763,Brisbane
332764,Brisbane
332765,Brisbane
332766,Brisbane
332767,Brisbane
332768,Brisbane
332769,Brisbane
332770,Brisbane
332771,Sydney
332772,Brisbane
332773,Brisbane
332774,Brisbane
332775,Brisbane
332776,Brisbane
332777,Brisbane
332778,Brisbane
332779,Brisbane
332780,Brisbane
332781,Brisbane
332782,Brisbane
332783,Brisbane
332784,Brisbane
332785,Brisbane
332786,Sydney
332787,Perth
332788,Brisbane
332789,Brisbane
332790,Brisbane
332791,Brisbane
332792,Brisbane
332793,Brisbane
332794,Brisbane
332795,Brisbane
332796,Brisbane
332797,Perth
332798,Brisbane
332799,Brisbane
332800,Brisbane
332801,Brisbane
332802,Melbourne
332803,Brisbane
332804,Brisbane
332805,Brisbane
332806,Melbourne
332807,Brisbane
332808,Brisbane
332809,Brisbane
332810,Melbourne
332811,Brisbane
332812,Brisbane
332813,Brisbane
332814,Brisbane
332815,Brisbane
332816,Brisbane
332817,Sydney
332818,Brisbane
332819,Brisbane
332820,Brisbane
332821,Brisbane
332822,Brisbane
332823,Brisbane
332824,Brisbane
332825,Brisbane
332826,Brisbane
332827,Brisbane
332828,Brisbane
332829,Sydney
332830,Brisbane
332831,Brisbane
332832,Brisbane
332833,Brisbane
332834,Brisbane
332835,Brisbane
332836,Brisbane
332837,Brisbane
332838,Brisbane
332839,Perth
332840,Brisbane
332841,Brisbane
332842,Brisbane
332843,Brisbane
332844,Brisbane
332845,Brisbane
332846,Brisbane
332847,Brisbane
332848,Brisbane
332849,Brisbane
332850,Brisbane
332851,Perth
332852,Brisbane
332853,Brisbane
332854,Brisbane
332855,Melbourne
332856,Perth
332857,Brisbane
332858,Brisbane
332859,Sydney
332860,Brisbane
332861,Brisbane
332862,Brisbane
332863,Brisbane
332864,Perth
332865,Brisbane
332866,Brisbane
332867,Brisbane
332868,Brisbane
332869,Brisbane
332870,Brisbane
332871,Brisbane
332872,Brisbane
332873,Sydney
332874,Sydney
332875,Brisbane
332876,Brisbane
332877,Brisbane
332878,Brisbane
332879,Brisbane
332880,Brisbane
332881,Sydney
332882,Brisbane
332883,Brisbane
332884,Brisbane
332885,Brisbane
332886,Brisbane
332887,Brisbane
332888,Brisbane
332889,Brisbane
332890,Brisbane
332891,Brisbane
332892,Melbourne
332893,Brisbane
332894,Brisbane
332895,Brisbane
332896,Brisbane
332897,Brisbane
332898,Brisbane
332899,Melbourne
332900,Brisbane
332901,Brisbane
332902,Brisbane
332903,Brisbane
332904,Brisbane
332905,Brisbane
332906,Sydney
332907,Brisbane
332908,Brisbane
332909,Brisbane
332910,Brisbane
332911,Brisbane
332912,Brisbane
332913,Brisbane
332914,Brisbane
332915,Brisbane
332916,Brisbane
332917,Brisbane
332918,Brisbane
332919,Brisbane
332920,Brisbane
332921,Brisbane
332922,Brisbane
332923,Brisbane
332924,Brisbane
332925,Brisbane
332926,Brisbane
332927,Brisbane
332928,Brisbane
332929,Brisbane
332930,Brisbane
332931,Brisbane
332932,Brisbane
332933,Brisbane
332934,Brisbane
332935,Perth
332936,Brisbane
332937,Brisbane
332938,Brisbane
332939,Brisbane
332940,Brisbane
332941,Brisbane
332942,Brisbane
332943,Brisbane
332944,Brisbane
332945,Brisbane
332946,Brisbane
332947,Brisbane
332948,Brisbane
332949,Brisbane
332950,Brisbane
332951,Brisbane
332952,Brisbane
332953,Sydney
332954,Brisbane
332955,Brisbane
332956,Brisbane
332957,Melbourne
332958,Brisbane
332959,Brisbane
332960,Brisbane
332961,Sydney
332962,Brisbane
332963,Sydney
332964,Brisbane
332965,Brisbane
332966,Brisbane
332967,Brisbane
332968,Brisbane
332969,Brisbane
332970,Brisbane
332971,Brisbane
332972,Brisbane
332973,Brisbane
332974,Brisbane
332975,Brisbane
332976,Brisbane
332977,Brisbane
332978,Brisbane
332979,Brisbane
332980,Brisbane
332981,Brisbane
332982,Brisbane
332983,Brisbane
332984,Brisbane
332985,Brisbane
332986,Brisbane
332987,Brisbane
332988,Brisbane
332989,Brisbane
332990,Brisbane
332991,Brisbane
332992,Perth
332993,Brisbane
332994,Brisbane
332995,Brisbane
332996,Brisbane
332997,Brisbane
332998,Brisbane
332999,Brisbane
333000,Brisbane
333001,Brisbane
333002,Brisbane
333003,Brisbane
333004,Melbourne
333005,Brisbane
333006,Brisbane
333007,Melbourne
333008,Brisbane
333009,Brisbane
333010,Brisbane
333011,Brisbane
333012,Brisbane
333013,Perth
333014,Brisbane
333015,Brisbane
333016,Brisbane
333017,Brisbane
333018,Brisbane
333019,Brisbane
333020,Brisbane
333021,Brisbane
333022,Brisbane
333023,Brisbane
333024,Brisbane
333025,Brisbane
333026,Melbourne
333027,Brisbane
333028,Brisbane
333029,Brisbane
333030,Brisbane
333031,Brisbane
333032,Brisbane
333033,Brisbane
333034,Sydney
333035,Brisbane
333036,Brisbane
333037,Brisbane
333038,Brisbane
333039,Brisbane
333040,Brisbane
333041,Brisbane
333042,Brisbane
333043,Brisbane
333044,Brisbane
333045,Brisbane
333046,Brisbane
333047,Brisbane
333048,Brisbane
333049,Brisbane
333050,Brisbane
333051,Sydney
333052,Brisbane
333053,Brisbane
333054,Brisbane
333055,Brisbane
333056,Brisbane
333057,Brisbane
333058,Brisbane
333059,Brisbane
333060,Brisbane
333061,Brisbane
333062,Brisbane
333063,Brisbane
333064,Brisbane
333065,Brisbane
333066,Brisbane
333067,Brisbane
333068,Brisbane
333069,Brisbane
333070,Brisbane
333071,Perth
333072,Brisbane
333073,Brisbane
333074,Brisbane
333075,Brisbane
333076,Brisbane
333077,Brisbane
333078,Brisbane
333079,Brisbane
333080,Brisbane
333081,Brisbane
333082,Brisbane
333083,Brisbane
333084,Brisbane
333085,Brisbane
333086,Brisbane
333087,Brisbane
333088,Brisbane
333089,Brisbane
333090,Melbourne
333091,Brisbane
333092,Brisbane
333093,Brisbane
333094,Brisbane
333095,Brisbane
333096,Brisbane
333097,Brisbane
333098,Brisbane
333099,Brisbane
333100,Brisbane
333101,Brisbane
333102,Brisbane
333103,Perth
333104,Brisbane
333105,Brisbane
333106,Brisbane
333107,Brisbane
333108,Brisbane
333109,Brisbane
333110,Brisbane
333111,Sydney
333112,Brisbane
333113,Brisbane
333114,Brisbane
333115,Brisbane
333116,Brisbane
333117,Brisbane
333118,Perth
333119,Brisbane
333120,Brisbane
333121,Brisbane
333122,Melbourne
333123,Brisbane
333124,Brisbane
333125,Brisbane
333126,Brisbane
333127,Perth
333128,Sydney
333129,Brisbane
333130,Brisbane
333131,Brisbane
333132,Brisbane
333133,Perth
333134,Brisbane
333135,Brisbane
333136,Brisbane
333137,Brisbane
333138,Brisbane
333139,Brisbane
333140,Brisbane
333141,Brisbane
333142,Brisbane
333143,Brisbane
333144,Brisbane
333145,Brisbane
333146,Brisbane
333147,Brisbane
333148,Brisbane
333149,Brisbane
333150,Brisbane
333151,Brisbane
333152,Brisbane
333153,Sydney
333154,Melbourne
333155,Brisbane
333156,Brisbane
333157,Brisbane
333158,Perth
333159,Brisbane
333160,Brisbane
333161,Brisbane
333162,Brisbane
333163,Sydney
333164,Brisbane
333165,Brisbane
333166,Brisbane
333167,Brisbane
333168,Melbourne
333169,Brisbane
333170,Brisbane
333171,Brisbane
333172,Perth
333173,Brisbane
333174,Sydney
333175,Brisbane
333176,Brisbane
333177,Perth
333178,Brisbane
333179,Melbourne
333180,Brisbane
333181,Sydney
333182,Brisbane
333183,Brisbane
333184,Brisbane
333185,Brisbane
333186,Melbourne
333187,Brisbane
333188,Brisbane
333189,Brisbane
333190,Brisbane
333191,Brisbane
333192,Melbourne
333193,Brisbane
333194,Brisbane
333195,Brisbane
333196,Brisbane
333197,Brisbane
333198,Melbourne
333199,Brisbane
333200,Perth
333201,Brisbane
333202,Brisbane
333203,Brisbane
333204,Brisbane
333205,Brisbane
333206,Brisbane
333207,Melbourne
333208,Brisbane
333209,Brisbane
333210,Sydney
333211,Brisbane
333212,Melbourne
333213,Brisbane
333214,Brisbane
333215,Brisbane
333216,Brisbane
333217,Brisbane
333218,Brisbane
333219,Melbourne
333220,Brisbane
333221,Brisbane
333222,Perth
333223,Brisbane
333224,Brisbane
333225,Brisbane
333226,Brisbane
333227,Brisbane
333228,Brisbane
333229,Brisbane
333230,Brisbane
333231,Brisbane
333232,Brisbane
333233,Brisbane
333234,Brisbane
333235,Brisbane
333236,Brisbane
333237,Brisbane
333238,Brisbane
333239,Brisbane
333240,Brisbane
333241,Brisbane
333242,Brisbane
333243,Brisbane
333244,Brisbane
333245,Brisbane
333246,Brisbane
333247,Brisbane
333248,Brisbane
333249,Brisbane
333250,Brisbane
333251,Sydney
333252,Brisbane
333253,Brisbane
333254,Brisbane
333255,Brisbane
333256,Brisbane
333257,Brisbane
333258,Brisbane
333259,Brisbane
333260,Sydney
333261,Sydney
333262,Brisbane
333263,Brisbane
333264,Brisbane
333265,Brisbane
333266,Perth
333267,Brisbane
333268,Sydney
333269,Brisbane
333270,Brisbane
333271,Brisbane
333272,Brisbane
333273,Brisbane
333274,Brisbane
333275,Brisbane
333276,Brisbane
333277,Brisbane
333278,Brisbane
333279,Brisbane
333280,Brisbane
333281,Brisbane
333282,Brisbane
333283,Brisbane
333284,Brisbane
333285,Brisbane
333286,Brisbane
333287,Brisbane
333288,Brisbane
333289,Brisbane
333290,Brisbane
333291,Brisbane
333292,Brisbane
333293,Brisbane
333294,Brisbane
333295,Brisbane
333296,Brisbane
333297,Brisbane
333298,Melbourne
333299,Brisbane
333300,Brisbane
333301,Brisbane
333302,Brisbane
333303,Brisbane
333304,Brisbane
333305,Brisbane
333306,Brisbane
333307,Sydney
333308,Brisbane
333309,Brisbane
333310,Brisbane
333311,Brisbane
333312,Brisbane
333313,Brisbane
333314,Brisbane
333315,Brisbane
333316,Brisbane
333317,Brisbane
333318,Brisbane
333319,Brisbane
333320,Brisbane
333321,Brisbane
333322,Brisbane
333323,Brisbane
333324,Brisbane
333325,Brisbane
333326,Brisbane
333327,Sydney
333328,Brisbane
333329,Brisbane
333330,Brisbane
333331,Brisbane
333332,Brisbane
333333,Brisbane
333334,Sydney
333335,Brisbane
333336,Brisbane
333337,Brisbane
333338,Perth
333339,Brisbane
333340,Brisbane
333341,Brisbane
333342,Brisbane
333343,Brisbane
333344,Brisbane
333345,Brisbane
333346,Brisbane
333347,Brisbane
333348,Brisbane
333349,Brisbane
333350,Brisbane
333351,Brisbane
333352,Perth
333353,Brisbane
333354,Brisbane
333355,Brisbane
333356,Brisbane
333357,Brisbane
333358,Brisbane
333359,Brisbane
333360,Brisbane
333361,Brisbane
333362,Brisbane
333363,Brisbane
333364,Brisbane
333365,Brisbane
333366,Brisbane
333367,Melbourne
333368,Brisbane
333369,Brisbane
333370,Brisbane
333371,Brisbane
333372,Brisbane
333373,Brisbane
333374,Brisbane
333375,Brisbane
333376,Brisbane
333377,Brisbane
333378,Brisbane
333379,Brisbane
333380,Brisbane
333381,Brisbane
333382,Brisbane
333383,Brisbane
333384,Brisbane
333385,Brisbane
333386,Brisbane
333387,Brisbane
333388,Brisbane
333389,Brisbane
333390,Brisbane
333391,Brisbane
333392,Brisbane
333393,Sydney
333394,Brisbane
333395,Brisbane
333396,Brisbane
333397,Brisbane
333398,Brisbane
333399,Brisbane
333400,Brisbane
333401,Brisbane
333402,Brisbane
333403,Brisbane
333404,Perth
333405,Brisbane
333406,Sydney
333407,Melbourne
333408,Perth
333409,Brisbane
333410,Brisbane
333411,Brisbane
333412,Brisbane
333413,Brisbane
333414,Brisbane
333415,Brisbane
333416,Brisbane
333417,Brisbane
333418,Brisbane
333419,Brisbane
333420,Brisbane
333421,Brisbane
333422,Brisbane
333423,Brisbane
333424,Brisbane
333425,Brisbane
333426,Brisbane
333427,Brisbane
333428,Brisbane
333429,Brisbane
333430,Brisbane
333431,Brisbane
333432,Brisbane
333433,Brisbane
333434,Brisbane
333435,Brisbane
333436,Brisbane
333437,Brisbane
333438,Sydney
333439,Brisbane
333440,Brisbane
333441,Brisbane
333442,Sydney
333443,Brisbane
333444,Brisbane
333445,Sydney
333446,Brisbane
333447,Brisbane
333448,Brisbane
333449,Brisbane
333450,Brisbane
333451,Brisbane
333452,Brisbane
333453,Brisbane
333454,Perth
333455,Brisbane
333456,Brisbane
333457,Brisbane
333458,Brisbane
333459,Brisbane
333460,Brisbane
333461,Perth
333462,Sydney
333463,Brisbane
333464,Perth
333465,Brisbane
333466,Brisbane
333467,Brisbane
333468,Brisbane
333469,Brisbane
333470,Brisbane
333471,Brisbane
333472,Perth
333473,Brisbane
333474,Brisbane
333475,Brisbane
333476,Brisbane
333477,Brisbane
333478,Brisbane
333479,Brisbane
333480,Melbourne
333481,Brisbane
333482,Sydney
333483,Brisbane
333484,Brisbane
333485,Brisbane
333486,Brisbane
333487,Brisbane
333488,Brisbane
333489,Brisbane
333490,Brisbane
333491,Brisbane
333492,Brisbane
333493,Brisbane
333494,Brisbane
333495,Brisbane
333496,Sydney
333497,Brisbane
333498,Brisbane
333499,Brisbane
333500,Brisbane
333501,Brisbane
333502,Brisbane
333503,Perth
333504,Brisbane
333505,Brisbane
333506,Brisbane
333507,Brisbane
333508,Brisbane
333509,Brisbane
333510,Perth
333511,Perth
333512,Sydney
333513,Brisbane
333514,Brisbane
333515,Brisbane
333516,Brisbane
333517,Brisbane
333518,Perth
333519,Brisbane
333520,Brisbane
333521,Sydney
333522,Brisbane
333523,Sydney
333524,Brisbane
333525,Brisbane
333526,Brisbane
333527,Brisbane
333528,Brisbane
333529,Brisbane
333530,Brisbane
333531,Brisbane
333532,Brisbane
333533,Brisbane
333534,Brisbane
333535,Brisbane
333536,Brisbane
333537,Brisbane
333538,Sydney
333539,Brisbane
333540,Brisbane
333541,Brisbane
333542,Brisbane
333543,Brisbane
333544,Brisbane
333545,Brisbane
333546,Brisbane
333547,Brisbane
333548,Brisbane
333549,Brisbane
333550,Brisbane
333551,Brisbane
333552,Brisbane
333553,Brisbane
333554,Brisbane
333555,Brisbane
333556,Brisbane
333557,Brisbane
333558,Brisbane
333559,Brisbane
333560,Brisbane
333561,Brisbane
333562,Brisbane
333563,Brisbane
333564,Brisbane
333565,Brisbane
333566,Sydney
333567,Brisbane
333568,Brisbane
333569,Brisbane
333570,Brisbane
333571,Brisbane
333572,Brisbane
333573,Brisbane
333574,Perth
333575,Brisbane
333576,Brisbane
333577,Brisbane
333578,Brisbane
333579,Brisbane
333580,Brisbane
333581,Brisbane
333582,Brisbane
333583,Perth
333584,Brisbane
333585,Brisbane
333586,Brisbane
333587,Brisbane
333588,Brisbane
333589,Brisbane
333590,Brisbane
333591,Brisbane
333592,Brisbane
333593,Brisbane
333594,Brisbane
333595,Brisbane
333596,Brisbane
333597,Brisbane
333598,Brisbane
333599,Brisbane
333600,Brisbane
333601,Brisbane
333602,Brisbane
333603,Brisbane
333604,Brisbane
333605,Perth
333606,Brisbane
333607,Brisbane
333608,Brisbane
333609,Brisbane
333610,Brisbane
333611,Perth
333612,Brisbane
333613,Brisbane
333614,Brisbane
333615,Brisbane
333616,Brisbane
333617,Brisbane
333618,Brisbane
333619,Brisbane
333620,Brisbane
333621,Sydney
333622,Brisbane
333623,Brisbane
333624,Brisbane
333625,Brisbane
333626,Brisbane
333627,Brisbane
333628,Brisbane
333629,Brisbane
333630,Brisbane
333631,Brisbane
333632,Brisbane
333633,Brisbane
333634,Brisbane
333635,Brisbane
333636,Brisbane
333637,Brisbane
333638,Brisbane
333639,Brisbane
333640,Brisbane
333641,Brisbane
333642,Brisbane
333643,Brisbane
333644,Brisbane
333645,Brisbane
333646,Brisbane
333647,Brisbane
333648,Brisbane
333649,Brisbane
333650,Brisbane
333651,Brisbane
333652,Melbourne
333653,Brisbane
333654,Brisbane
333655,Brisbane
333656,Brisbane
333657,Brisbane
333658,Brisbane
333659,Brisbane
333660,Brisbane
333661,Brisbane
333662,Brisbane
333663,Brisbane
333664,Brisbane
333665,Brisbane
333666,Brisbane
333667,Brisbane
333668,Brisbane
333669,Brisbane
333670,Brisbane
333671,Brisbane
333672,Sydney
333673,Brisbane
333674,Brisbane
333675,Brisbane
333676,Brisbane
333677,Brisbane
333678,Brisbane
333679,Brisbane
333680,Brisbane
333681,Brisbane
333682,Brisbane
333683,Brisbane
333684,Brisbane
333685,Sydney
333686,Brisbane
333687,Brisbane
333688,Melbourne
333689,Brisbane
333690,Brisbane
333691,Sydney
333692,Brisbane
333693,Brisbane
333694,Perth
333695,Brisbane
333696,Brisbane
333697,Sydney
333698,Brisbane
333699,Brisbane
333700,Brisbane
333701,Brisbane
333702,Brisbane
333703,Brisbane
333704,Brisbane
333705,Perth
333706,Perth
333707,Brisbane
333708,Sydney
333709,Brisbane
333710,Brisbane
333711,Brisbane
333712,Brisbane
333713,Brisbane
333714,Brisbane
333715,Brisbane
333716,Brisbane
333717,Brisbane
333718,Brisbane
333719,Brisbane
333720,Brisbane
333721,Brisbane
333722,Brisbane
333723,Brisbane
333724,Brisbane
333725,Brisbane
333726,Brisbane
333727,Brisbane
333728,Brisbane
333729,Brisbane
333730,Brisbane
333731,Brisbane
333732,Brisbane
333733,Brisbane
333734,Brisbane
333735,Brisbane
333736,Brisbane
333737,Brisbane
333738,Brisbane
333739,Brisbane
333740,Brisbane
333741,Brisbane
333742,Brisbane
333743,Sydney
333744,Brisbane
333745,Brisbane
333746,Brisbane
333747,Brisbane
333748,Brisbane
333749,Brisbane
333750,Brisbane
333751,Brisbane
333752,Sydney
333753,Sydney
333754,Brisbane
333755,Brisbane
333756,Brisbane
333757,Brisbane
333758,Brisbane
333759,Brisbane
333760,Brisbane
333761,Brisbane
333762,Brisbane
333763,Brisbane
333764,Sydney
333765,Brisbane
333766,Brisbane
333767,Brisbane
333768,Brisbane
333769,Brisbane
333770,Brisbane
333771,Brisbane
333772,Sydney
333773,Brisbane
333774,Brisbane
333775,Brisbane
333776,Brisbane
333777,Brisbane
333778,Brisbane
333779,Brisbane
333780,Brisbane
333781,Melbourne
333782,Brisbane
333783,Sydney
333784,Brisbane
333785,Brisbane
333786,Brisbane
333787,Brisbane
333788,Brisbane
333789,Brisbane
333790,Brisbane
333791,Brisbane
333792,Brisbane
333793,Brisbane
333794,Brisbane
333795,Brisbane
333796,Brisbane
333797,Brisbane
333798,Brisbane
333799,Brisbane
333800,Brisbane
333801,Brisbane
333802,Brisbane
333803,Brisbane
333804,Brisbane
333805,Brisbane
333806,Brisbane
333807,Brisbane
333808,Brisbane
333809,Brisbane
333810,Brisbane
333811,Brisbane
333812,Brisbane
333813,Brisbane
333814,Brisbane
333815,Brisbane
333816,Brisbane
333817,Brisbane
333818,Brisbane
333819,Sydney
333820,Brisbane
333821,Brisbane
333822,Brisbane
333823,Brisbane
333824,Brisbane
333825,Brisbane
333826,Sydney
333827,Brisbane
333828,Brisbane
333829,Brisbane
333830,Brisbane
333831,Brisbane
333832,Brisbane
333833,Brisbane
333834,Brisbane
333835,Brisbane
333836,Sydney
333837,Brisbane
333838,Brisbane
333839,Brisbane
333840,Brisbane
333841,Brisbane
333842,Brisbane
333843,Brisbane
333844,Brisbane
333845,Brisbane
333846,Brisbane
333847,Brisbane
333848,Brisbane
333849,Brisbane
333850,Brisbane
333851,Brisbane
333852,Brisbane
333853,Brisbane
333854,Brisbane
333855,Perth
333856,Sydney
333857,Brisbane
333858,Brisbane
333859,Brisbane
333860,Brisbane
333861,Brisbane
333862,Brisbane
333863,Brisbane
333864,Brisbane
333865,Brisbane
333866,Brisbane
333867,Brisbane
333868,Brisbane
333869,Brisbane
333870,Brisbane
333871,Brisbane
333872,Brisbane
333873,Sydney
333874,Brisbane
333875,Brisbane
333876,Sydney
333877,Brisbane
333878,Brisbane
333879,Brisbane
333880,Brisbane
333881,Brisbane
333882,Brisbane
333883,Brisbane
333884,Brisbane
333885,Brisbane
333886,Brisbane
333887,Brisbane
333888,Brisbane
333889,Melbourne
333890,Brisbane
333891,Brisbane
333892,Brisbane
333893,Brisbane
333894,Brisbane
333895,Brisbane
333896,Sydney
333897,Sydney
333898,Brisbane
333899,Brisbane
333900,Brisbane
333901,Brisbane
333902,Perth
333903,Brisbane
333904,Brisbane
333905,Brisbane
333906,Sydney
333907,Brisbane
333908,Perth
333909,Brisbane
333910,Sydney
333911,Brisbane
333912,Brisbane
333913,Brisbane
333914,Brisbane
333915,Brisbane
333916,Sydney
333917,Sydney
333918,Brisbane
333919,Brisbane
333920,Brisbane
333921,Melbourne
333922,Brisbane
333923,Brisbane
333924,Brisbane
333925,Brisbane
333926,Brisbane
333927,Brisbane
333928,Brisbane
333929,Melbourne
333930,Sydney
333931,Brisbane
333932,Brisbane
333933,Brisbane
333934,Brisbane
333935,Brisbane
333936,Brisbane
333937,Brisbane
333938,Brisbane
333939,Brisbane
333940,Brisbane
333941,Brisbane
333942,Brisbane
333943,Brisbane
333944,Brisbane
333945,Brisbane
333946,Brisbane
333947,Brisbane
333948,Sydney
333949,Brisbane
333950,Brisbane
333951,Brisbane
333952,Perth
333953,Brisbane
333954,Brisbane
333955,Perth
333956,Brisbane
333957,Brisbane
333958,Brisbane
333959,Brisbane
333960,Brisbane
333961,Melbourne
333962,Sydney
333963,Brisbane
333964,Brisbane
333965,Brisbane
333966,Brisbane
333967,Perth
333968,Brisbane
333969,Brisbane
333970,Brisbane
333971,Brisbane
333972,Brisbane
333973,Brisbane
333974,Brisbane
333975,Brisbane
333976,Brisbane
333977,Brisbane
333978,Brisbane
333979,Brisbane
333980,Brisbane
333981,Brisbane
333982,Brisbane
333983,Perth
333984,Brisbane
333985,Brisbane
333986,Brisbane
333987,Brisbane
333988,Sydney
333989,Brisbane
333990,Brisbane
333991,Brisbane
333992,Brisbane
333993,Brisbane
333994,Sydney
333995,Brisbane
333996,Brisbane
333997,Brisbane
333998,Brisbane
333999,Sydney
334000,Brisbane
334001,Brisbane
334002,Brisbane
334003,Brisbane
334004,Brisbane
334005,Brisbane
334006,Brisbane
334007,Brisbane
334008,Brisbane
334009,Brisbane
334010,Brisbane
334011,Brisbane
334012,Brisbane
334013,Brisbane
334014,Brisbane
334015,Brisbane
334016,Brisbane
334017,Brisbane
334018,Brisbane
334019,Brisbane
334020,Sydney
334021,Brisbane
334022,Brisbane
334023,Brisbane
334024,Brisbane
334025,Brisbane
334026,Brisbane
334027,Brisbane
334028,Brisbane
334029,Brisbane
334030,Brisbane
334031,Brisbane
334032,Brisbane
334033,Brisbane
334034,Sydney
334035,Brisbane
334036,Brisbane
334037,Brisbane
334038,Brisbane
334039,Brisbane
334040,Brisbane
334041,Brisbane
334042,Brisbane
334043,Brisbane
334044,Brisbane
334045,Brisbane
334046,Brisbane
334047,Brisbane
334048,Brisbane
334049,Brisbane
334050,Brisbane
334051,Sydney
334052,Brisbane
334053,Brisbane
334054,Brisbane
334055,Sydney
334056,Brisbane
334057,Brisbane
334058,Brisbane
334059,Brisbane
334060,Brisbane
334061,Brisbane
334062,Brisbane
334063,Brisbane
334064,Brisbane
334065,Brisbane
334066,Brisbane
334067,Brisbane
334068,Sydney
334069,Brisbane
334070,Brisbane
334071,Brisbane
334072,Brisbane
334073,Brisbane
334074,Brisbane
334075,Brisbane
334076,Brisbane
334077,Brisbane
334078,Brisbane
334079,Sydney
334080,Brisbane
334081,Brisbane
334082,Brisbane
334083,Brisbane
334084,Sydney
334085,Brisbane
334086,Brisbane
334087,Brisbane
334088,Brisbane
334089,Brisbane
334090,Brisbane
334091,Brisbane
334092,Brisbane
334093,Brisbane
334094,Brisbane
334095,Brisbane
334096,Brisbane
334097,Brisbane
334098,Brisbane
334099,Melbourne
334100,Brisbane
334101,Melbourne
334102,Brisbane
334103,Melbourne
334104,Brisbane
334105,Brisbane
334106,Brisbane
334107,Brisbane
334108,Brisbane
334109,Brisbane
334110,Brisbane
334111,Brisbane
334112,Brisbane
334113,Brisbane
334114,Brisbane
334115,Brisbane
334116,Perth
334117,Brisbane
334118,Brisbane
334119,Brisbane
334120,Brisbane
334121,Brisbane
334122,Brisbane
334123,Sydney
334124,Brisbane
334125,Brisbane
334126,Brisbane
334127,Sydney
334128,Brisbane
334129,Brisbane
334130,Sydney
334131,Brisbane
334132,Brisbane
334133,Brisbane
334134,Brisbane
334135,Brisbane
334136,Brisbane
334137,Brisbane
334138,Melbourne
334139,Brisbane
334140,Brisbane
334141,Brisbane
334142,Brisbane
334143,Brisbane
334144,Brisbane
334145,Brisbane
334146,Brisbane
334147,Brisbane
334148,Brisbane
334149,Brisbane
334150,Brisbane
334151,Brisbane
334152,Brisbane
334153,Brisbane
334154,Brisbane
334155,Brisbane
334156,Sydney
334157,Brisbane
334158,Brisbane
334159,Brisbane
334160,Brisbane
334161,Brisbane
334162,Brisbane
334163,Brisbane
334164,Brisbane
334165,Brisbane
334166,Brisbane
334167,Brisbane
334168,Brisbane
334169,Brisbane
334170,Brisbane
334171,Perth
334172,Brisbane
334173,Brisbane
334174,Sydney
334175,Brisbane
334176,Melbourne
334177,Brisbane
334178,Brisbane
334179,Brisbane
334180,Brisbane
334181,Brisbane
334182,Brisbane
334183,Brisbane
334184,Brisbane
334185,Brisbane
334186,Brisbane
334187,Brisbane
334188,Brisbane
334189,Brisbane
334190,Brisbane
334191,Brisbane
334192,Brisbane
334193,Brisbane
334194,Brisbane
334195,Brisbane
334196,Brisbane
334197,Brisbane
334198,Brisbane
334199,Sydney
334200,Perth
334201,Sydney
334202,Brisbane
334203,Brisbane
334204,Perth
334205,Brisbane
334206,Sydney
334207,Brisbane
334208,Perth
334209,Brisbane
334210,Perth
334211,Brisbane
334212,Brisbane
334213,Brisbane
334214,Brisbane
334215,Brisbane
334216,Brisbane
334217,Brisbane
334218,Brisbane
334219,Brisbane
334220,Brisbane
334221,Brisbane
334222,Brisbane
334223,Brisbane
334224,Perth
334225,Brisbane
334226,Perth
334227,Brisbane
334228,Sydney
334229,Brisbane
334230,Brisbane
334231,Brisbane
334232,Brisbane
334233,Brisbane
334234,Brisbane
334235,Brisbane
334236,Brisbane
334237,Brisbane
334238,Brisbane
334239,Brisbane
334240,Melbourne
334241,Perth
334242,Brisbane
334243,Brisbane
334244,Brisbane
334245,Brisbane
334246,Melbourne
334247,Brisbane
334248,Brisbane
334249,Brisbane
334250,Brisbane
334251,Brisbane
334252,Brisbane
334253,Brisbane
334254,Brisbane
334255,Brisbane
334256,Perth
334257,Brisbane
334258,Brisbane
334259,Brisbane
334260,Brisbane
334261,Perth
334262,Brisbane
334263,Brisbane
334264,Melbourne
334265,Perth
334266,Brisbane
334267,Perth
334268,Sydney
334269,Brisbane
334270,Brisbane
334271,Brisbane
334272,Sydney
334273,Brisbane
334274,Sydney
334275,Brisbane
334276,Brisbane
334277,Brisbane
334278,Melbourne
334279,Brisbane
334280,Brisbane
334281,Brisbane
334282,Brisbane
334283,Brisbane
334284,Perth
334285,Brisbane
334286,Brisbane
334287,Sydney
334288,Brisbane
334289,Brisbane
334290,Brisbane
334291,Brisbane
334292,Brisbane
334293,Brisbane
334294,Brisbane
334295,Brisbane
334296,Brisbane
334297,Brisbane
334298,Brisbane
334299,Brisbane
334300,Melbourne
334301,Perth
334302,Brisbane
334303,Perth
334304,Brisbane
334305,Brisbane
334306,Brisbane
334307,Melbourne
334308,Brisbane
334309,Brisbane
334310,Brisbane
334311,Brisbane
334312,Brisbane
334313,Brisbane
334314,Brisbane
334315,Brisbane
334316,Brisbane
334317,Brisbane
334318,Brisbane
334319,Brisbane
334320,Brisbane
334321,Brisbane
334322,Brisbane
334323,Brisbane
334324,Sydney
334325,Brisbane
334326,Brisbane
334327,Brisbane
334328,Brisbane
334329,Brisbane
334330,Brisbane
334331,Brisbane
334332,Brisbane
334333,Brisbane
334334,Perth
334335,Brisbane
334336,Brisbane
334337,Brisbane
334338,Brisbane
334339,Perth
334340,Brisbane
334341,Brisbane
334342,Melbourne
334343,Brisbane
334344,Brisbane
334345,Brisbane
334346,Brisbane
334347,Brisbane
334348,Sydney
334349,Brisbane
334350,Brisbane
334351,Brisbane
334352,Brisbane
334353,Brisbane
334354,Brisbane
334355,Sydney
334356,Sydney
334357,Brisbane
334358,Brisbane
334359,Brisbane
334360,Brisbane
334361,Brisbane
334362,Brisbane
334363,Brisbane
334364,Brisbane
334365,Brisbane
334366,Brisbane
334367,Brisbane
334368,Brisbane
334369,Brisbane
334370,Brisbane
334371,Brisbane
334372,Brisbane
334373,Brisbane
334374,Sydney
334375,Brisbane
334376,Brisbane
334377,Brisbane
334378,Brisbane
334379,Perth
334380,Sydney
334381,Sydney
334382,Sydney
334383,Brisbane
334384,Brisbane
334385,Brisbane
334386,Melbourne
334387,Brisbane
334388,Brisbane
334389,Sydney
334390,Brisbane
334391,Brisbane
334392,Brisbane
334393,Brisbane
334394,Brisbane
334395,Brisbane
334396,Brisbane
334397,Brisbane
334398,Brisbane
334399,Brisbane
334400,Brisbane
334401,Brisbane
334402,Brisbane
334403,Brisbane
334404,Brisbane
334405,Brisbane
334406,Brisbane
334407,Perth
334408,Brisbane
334409,Melbourne
334410,Sydney
334411,Perth
334412,Brisbane
334413,Brisbane
334414,Brisbane
334415,Brisbane
334416,Brisbane
334417,Sydney
334418,Brisbane
334419,Brisbane
334420,Brisbane
334421,Brisbane
334422,Brisbane
334423,Brisbane
334424,Brisbane
334425,Brisbane
334426,Brisbane
334427,Brisbane
334428,Sydney
334429,Brisbane
334430,Perth
334431,Brisbane
334432,Brisbane
334433,Perth
334434,Brisbane
334435,Brisbane
334436,Brisbane
334437,Brisbane
334438,Brisbane
334439,Brisbane
334440,Sydney
334441,Brisbane
334442,Brisbane
334443,Brisbane
334444,Brisbane
334445,Brisbane
334446,Brisbane
334447,Brisbane
334448,Brisbane
334449,Brisbane
334450,Brisbane
334451,Brisbane
334452,Brisbane
334453,Brisbane
334454,Brisbane
334455,Brisbane
334456,Brisbane
334457,Brisbane
334458,Brisbane
334459,Brisbane
334460,Brisbane
334461,Brisbane
334462,Brisbane
334463,Brisbane
334464,Sydney
334465,Brisbane
334466,Brisbane
334467,Brisbane
334468,Brisbane
334469,Brisbane
334470,Brisbane
334471,Brisbane
334472,Brisbane
334473,Brisbane
334474,Brisbane
334475,Brisbane
334476,Brisbane
334477,Brisbane
334478,Brisbane
334479,Brisbane
334480,Brisbane
334481,Brisbane
334482,Brisbane
334483,Brisbane
334484,Brisbane
334485,Perth
334486,Brisbane
334487,Brisbane
334488,Brisbane
334489,Brisbane
334490,Brisbane
334491,Brisbane
334492,Melbourne
334493,Brisbane
334494,Brisbane
334495,Brisbane
334496,Brisbane
334497,Brisbane
334498,Brisbane
334499,Brisbane
334500,Brisbane
334501,Brisbane
334502,Brisbane
334503,Brisbane
334504,Brisbane
334505,Perth
334506,Brisbane
334507,Brisbane
334508,Brisbane
334509,Sydney
334510,Brisbane
334511,Brisbane
334512,Brisbane
334513,Brisbane
334514,Brisbane
334515,Brisbane
334516,Brisbane
334517,Perth
334518,Brisbane
334519,Brisbane
334520,Brisbane
334521,Melbourne
334522,Brisbane
334523,Perth
334524,Brisbane
334525,Brisbane
334526,Brisbane
334527,Brisbane
334528,Brisbane
334529,Brisbane
334530,Brisbane
334531,Brisbane
334532,Brisbane
334533,Brisbane
334534,Brisbane
334535,Brisbane
334536,Brisbane
334537,Brisbane
334538,Brisbane
334539,Brisbane
334540,Brisbane
334541,Brisbane
334542,Brisbane
334543,Brisbane
334544,Brisbane
334545,Sydney
334546,Brisbane
334547,Brisbane
334548,Brisbane
334549,Brisbane
334550,Brisbane
334551,Brisbane
334552,Brisbane
334553,Brisbane
334554,Brisbane
334555,Brisbane
334556,Brisbane
334557,Brisbane
334558,Brisbane
334559,Brisbane
334560,Brisbane
334561,Sydney
334562,Brisbane
334563,Brisbane
334564,Melbourne
334565,Brisbane
334566,Brisbane
334567,Brisbane
334568,Brisbane
334569,Brisbane
334570,Brisbane
334571,Brisbane
334572,Brisbane
334573,Brisbane
334574,Sydney
334575,Brisbane
334576,Brisbane
334577,Brisbane
334578,Brisbane
334579,Brisbane
334580,Perth
334581,Sydney
334582,Brisbane
334583,Brisbane
334584,Perth
334585,Brisbane
334586,Brisbane
334587,Brisbane
334588,Brisbane
334589,Brisbane
334590,Brisbane
334591,Brisbane
334592,Brisbane
334593,Brisbane
334594,Brisbane
334595,Brisbane
334596,Brisbane
334597,Brisbane
334598,Brisbane
334599,Brisbane
334600,Sydney
334601,Brisbane
334602,Brisbane
334603,Brisbane
334604,Brisbane
334605,Sydney
334606,Sydney
334607,Brisbane
334608,Brisbane
334609,Brisbane
334610,Brisbane
334611,Brisbane
334612,Sydney
334613,Brisbane
334614,Brisbane
334615,Brisbane
334616,Brisbane
334617,Brisbane
334618,Melbourne
334619,Brisbane
334620,Brisbane
334621,Brisbane
334622,Brisbane
334623,Brisbane
334624,Brisbane
334625,Brisbane
334626,Brisbane
334627,Brisbane
334628,Brisbane
334629,Brisbane
334630,Brisbane
334631,Brisbane
334632,Brisbane
334633,Brisbane
334634,Brisbane
334635,Melbourne
334636,Brisbane
334637,Brisbane
334638,Brisbane
334639,Brisbane
334640,Brisbane
334641,Brisbane
334642,Brisbane
334643,Brisbane
334644,Brisbane
334645,Brisbane
334646,Brisbane
334647,Brisbane
334648,Brisbane
334649,Brisbane
334650,Brisbane
334651,Brisbane
334652,Brisbane
334653,Brisbane
334654,Brisbane
334655,Brisbane
334656,Brisbane
334657,Brisbane
334658,Brisbane
334659,Brisbane
334660,Brisbane
334661,Brisbane
334662,Perth
334663,Brisbane
334664,Brisbane
334665,Brisbane
334666,Perth
334667,Perth
334668,Brisbane
334669,Brisbane
334670,Brisbane
334671,Brisbane
334672,Brisbane
334673,Brisbane
334674,Brisbane
334675,Brisbane
334676,Brisbane
334677,Brisbane
334678,Brisbane
334679,Brisbane
334680,Brisbane
334681,Brisbane
334682,Brisbane
334683,Brisbane
334684,Brisbane
334685,Brisbane
334686,Brisbane
334687,Brisbane
334688,Brisbane
334689,Brisbane
334690,Perth
334691,Brisbane
334692,Brisbane
334693,Melbourne
334694,Melbourne
334695,Brisbane
334696,Brisbane
334697,Brisbane
334698,Brisbane
334699,Melbourne
334700,Brisbane
334701,Brisbane
334702,Brisbane
334703,Perth
334704,Brisbane
334705,Brisbane
334706,Brisbane
334707,Brisbane
334708,Brisbane
334709,Sydney
334710,Brisbane
334711,Brisbane
334712,Brisbane
334713,Brisbane
334714,Brisbane
334715,Brisbane
334716,Sydney
334717,Sydney
334718,Brisbane
334719,Brisbane
334720,Brisbane
334721,Brisbane
334722,Melbourne
334723,Brisbane
334724,Brisbane
334725,Brisbane
334726,Brisbane
334727,Brisbane
334728,Sydney
334729,Brisbane
334730,Brisbane
334731,Brisbane
334732,Brisbane
334733,Brisbane
334734,Brisbane
334735,Brisbane
334736,Brisbane
334737,Melbourne
334738,Brisbane
334739,Brisbane
334740,Brisbane
334741,Brisbane
334742,Brisbane
334743,Sydney
334744,Brisbane
334745,Brisbane
334746,Brisbane
334747,Brisbane
334748,Brisbane
334749,Brisbane
334750,Brisbane
334751,Brisbane
334752,Brisbane
334753,Brisbane
334754,Brisbane
334755,Brisbane
334756,Perth
334757,Sydney
334758,Brisbane
334759,Brisbane
334760,Brisbane
334761,Perth
334762,Melbourne
334763,Brisbane
334764,Brisbane
334765,Brisbane
334766,Sydney
334767,Brisbane
334768,Brisbane
334769,Brisbane
334770,Brisbane
334771,Brisbane
334772,Brisbane
334773,Perth
334774,Brisbane
334775,Brisbane
334776,Brisbane
334777,Brisbane
334778,Brisbane
334779,Brisbane
334780,Brisbane
334781,Melbourne
334782,Brisbane
334783,Melbourne
334784,Brisbane
334785,Brisbane
334786,Brisbane
334787,Brisbane
334788,Brisbane
334789,Brisbane
334790,Brisbane
334791,Brisbane
334792,Brisbane
334793,Perth
334794,Brisbane
334795,Brisbane
334796,Brisbane
334797,Sydney
334798,Brisbane
334799,Brisbane
334800,Sydney
334801,Brisbane
334802,Brisbane
334803,Brisbane
334804,Sydney
334805,Brisbane
334806,Brisbane
334807,Brisbane
334808,Brisbane
334809,Brisbane
334810,Brisbane
334811,Brisbane
334812,Brisbane
334813,Brisbane
334814,Brisbane
334815,Brisbane
334816,Brisbane
334817,Brisbane
334818,Brisbane
334819,Brisbane
334820,Perth
334821,Brisbane
334822,Brisbane
334823,Brisbane
334824,Brisbane
334825,Brisbane
334826,Brisbane
334827,Brisbane
334828,Perth
334829,Brisbane
334830,Brisbane
334831,Brisbane
334832,Brisbane
334833,Brisbane
334834,Brisbane
334835,Brisbane
334836,Sydney
334837,Brisbane
334838,Brisbane
334839,Brisbane
334840,Brisbane
334841,Brisbane
334842,Brisbane
334843,Brisbane
334844,Brisbane
334845,Brisbane
334846,Sydney
334847,Brisbane
334848,Brisbane
334849,Brisbane
334850,Brisbane
334851,Brisbane
334852,Brisbane
334853,Melbourne
334854,Brisbane
334855,Brisbane
334856,Brisbane
334857,Brisbane
334858,Brisbane
334859,Brisbane
334860,Brisbane
334861,Brisbane
334862,Brisbane
334863,Brisbane
334864,Brisbane
334865,Brisbane
334866,Brisbane
334867,Brisbane
334868,Brisbane
334869,Perth
334870,Brisbane
334871,Brisbane
334872,Brisbane
334873,Brisbane
334874,Brisbane
334875,Brisbane
334876,Brisbane
334877,Melbourne
334878,Sydney
334879,Brisbane
334880,Brisbane
334881,Brisbane
334882,Brisbane
334883,Brisbane
334884,Brisbane
334885,Brisbane
334886,Brisbane
334887,Sydney
334888,Brisbane
334889,Brisbane
334890,Brisbane
334891,Brisbane
334892,Brisbane
334893,Brisbane
334894,Brisbane
334895,Brisbane
334896,Brisbane
334897,Brisbane
334898,Brisbane
334899,Brisbane
334900,Brisbane
334901,Brisbane
334902,Brisbane
334903,Sydney
334904,Brisbane
334905,Brisbane
334906,Brisbane
334907,Brisbane
334908,Brisbane
334909,Brisbane
334910,Brisbane
334911,Brisbane
334912,Brisbane
334913,Brisbane
334914,Brisbane
334915,Brisbane
334916,Brisbane
334917,Brisbane
334918,Brisbane
334919,Brisbane
334920,Brisbane
334921,Brisbane
334922,Brisbane
334923,Brisbane
334924,Brisbane
334925,Brisbane
334926,Brisbane
334927,Brisbane
334928,Brisbane
334929,Brisbane
334930,Brisbane
334931,Brisbane
334932,Brisbane
334933,Brisbane
334934,Brisbane
334935,Sydney
334936,Melbourne
334937,Brisbane
334938,Brisbane
334939,Brisbane
334940,Melbourne
334941,Brisbane
334942,Brisbane
334943,Brisbane
334944,Brisbane
334945,Brisbane
334946,Brisbane
334947,Brisbane
334948,Brisbane
334949,Brisbane
334950,Brisbane
334951,Melbourne
334952,Brisbane
334953,Brisbane
334954,Brisbane
334955,Brisbane
334956,Sydney
334957,Brisbane
334958,Brisbane
334959,Melbourne
334960,Brisbane
334961,Brisbane
334962,Perth
334963,Brisbane
334964,Brisbane
334965,Brisbane
334966,Brisbane
334967,Brisbane
334968,Brisbane
334969,Brisbane
334970,Brisbane
334971,Brisbane
334972,Brisbane
334973,Brisbane
334974,Brisbane
334975,Perth
334976,Brisbane
334977,Brisbane
334978,Brisbane
334979,Brisbane
334980,Sydney
334981,Brisbane
334982,Sydney
334983,Brisbane
334984,Brisbane
334985,Brisbane
334986,Brisbane
334987,Brisbane
334988,Brisbane
334989,Brisbane
334990,Brisbane
334991,Brisbane
334992,Brisbane
334993,Brisbane
334994,Brisbane
334995,Brisbane
334996,Brisbane
334997,Brisbane
334998,Brisbane
334999,Brisbane
335000,Brisbane
335001,Brisbane
335002,Brisbane
335003,Brisbane
335004,Melbourne
335005,Brisbane
335006,Brisbane
335007,Brisbane
335008,Brisbane
335009,Brisbane
335010,Melbourne
335011,Brisbane
335012,Perth
335013,Brisbane
335014,Brisbane
335015,Brisbane
335016,Brisbane
335017,Brisbane
335018,Brisbane
335019,Brisbane
335020,Brisbane
335021,Brisbane
335022,Brisbane
335023,Brisbane
335024,Brisbane
335025,Brisbane
335026,Brisbane
335027,Brisbane
335028,Brisbane
335029,Brisbane
335030,Brisbane
335031,Brisbane
335032,Brisbane
335033,Brisbane
335034,Brisbane
335035,Brisbane
335036,Brisbane
335037,Brisbane
335038,Brisbane
335039,Brisbane
335040,Brisbane
335041,Brisbane
335042,Brisbane
335043,Brisbane
335044,Brisbane
335045,Brisbane
335046,Brisbane
335047,Brisbane
335048,Sydney
335049,Brisbane
335050,Brisbane
335051,Brisbane
335052,Brisbane
335053,Brisbane
335054,Brisbane
335055,Brisbane
335056,Brisbane
335057,Brisbane
335058,Brisbane
335059,Brisbane
335060,Brisbane
335061,Brisbane
335062,Brisbane
335063,Brisbane
335064,Brisbane
335065,Brisbane
335066,Brisbane
335067,Brisbane
335068,Brisbane
335069,Brisbane
335070,Sydney
335071,Brisbane
335072,Brisbane
335073,Brisbane
335074,Brisbane
335075,Brisbane
335076,Brisbane
335077,Brisbane
335078,Brisbane
335079,Brisbane
335080,Brisbane
335081,Brisbane
335082,Brisbane
335083,Brisbane
335084,Melbourne
335085,Brisbane
335086,Brisbane
335087,Brisbane
335088,Perth
335089,Brisbane
335090,Brisbane
335091,Brisbane
335092,Brisbane
335093,Perth
335094,Brisbane
335095,Brisbane
335096,Brisbane
335097,Brisbane
335098,Brisbane
335099,Brisbane
335100,Brisbane
335101,Brisbane
335102,Brisbane
335103,Brisbane
335104,Brisbane
335105,Brisbane
335106,Brisbane
335107,Brisbane
335108,Brisbane
335109,Perth
335110,Brisbane
335111,Brisbane
335112,Brisbane
335113,Brisbane
335114,Brisbane
335115,Sydney
335116,Brisbane
335117,Brisbane
335118,Brisbane
335119,Perth
335120,Brisbane
335121,Brisbane
335122,Brisbane
335123,Brisbane
335124,Brisbane
335125,Brisbane
335126,Brisbane
335127,Brisbane
335128,Brisbane
335129,Brisbane
335130,Brisbane
335131,Brisbane
335132,Perth
335133,Brisbane
335134,Brisbane
335135,Brisbane
335136,Brisbane
335137,Brisbane
335138,Brisbane
335139,Brisbane
335140,Brisbane
335141,Brisbane
335142,Brisbane
335143,Brisbane
335144,Perth
335145,Brisbane
335146,Brisbane
335147,Brisbane
335148,Brisbane
335149,Brisbane
335150,Brisbane
335151,Brisbane
335152,Brisbane
335153,Brisbane
335154,Brisbane
335155,Brisbane
335156,Melbourne
335157,Brisbane
335158,Brisbane
335159,Brisbane
335160,Brisbane
335161,Perth
335162,Brisbane
335163,Brisbane
335164,Brisbane
335165,Brisbane
335166,Brisbane
335167,Brisbane
335168,Brisbane
335169,Brisbane
335170,Sydney
335171,Brisbane
335172,Sydney
335173,Brisbane
335174,Brisbane
335175,Brisbane
335176,Brisbane
335177,Brisbane
335178,Brisbane
335179,Brisbane
335180,Brisbane
335181,Brisbane
335182,Brisbane
335183,Brisbane
335184,Brisbane
335185,Brisbane
335186,Brisbane
335187,Brisbane
335188,Brisbane
335189,Brisbane
335190,Brisbane
335191,Brisbane
335192,Brisbane
335193,Brisbane
335194,Brisbane
335195,Brisbane
335196,Brisbane
335197,Brisbane
335198,Brisbane
335199,Brisbane
335200,Brisbane
335201,Brisbane
335202,Melbourne
335203,Brisbane
335204,Brisbane
335205,Brisbane
335206,Brisbane
335207,Brisbane
335208,Brisbane
335209,Brisbane
335210,Brisbane
335211,Brisbane
335212,Brisbane
335213,Melbourne
335214,Brisbane
335215,Brisbane
335216,Brisbane
335217,Brisbane
335218,Brisbane
335219,Sydney
335220,Brisbane
335221,Brisbane
335222,Brisbane
335223,Brisbane
335224,Brisbane
335225,Brisbane
335226,Sydney
335227,Brisbane
335228,Brisbane
335229,Brisbane
335230,Brisbane
335231,Brisbane
335232,Brisbane
335233,Brisbane
335234,Brisbane
335235,Sydney
335236,Brisbane
335237,Brisbane
335238,Brisbane
335239,Brisbane
335240,Brisbane
335241,Brisbane
335242,Brisbane
335243,Brisbane
335244,Brisbane
335245,Brisbane
335246,Brisbane
335247,Brisbane
335248,Brisbane
335249,Brisbane
335250,Brisbane
335251,Brisbane
335252,Brisbane
335253,Brisbane
335254,Brisbane
335255,Brisbane
335256,Brisbane
335257,Brisbane
335258,Brisbane
335259,Sydney
335260,Brisbane
335261,Brisbane
335262,Brisbane
335263,Brisbane
335264,Brisbane
335265,Sydney
335266,Brisbane
335267,Brisbane
335268,Brisbane
335269,Sydney
335270,Melbourne
335271,Brisbane
335272,Brisbane
335273,Brisbane
335274,Brisbane
335275,Brisbane
335276,Brisbane
335277,Brisbane
335278,Brisbane
335279,Brisbane
335280,Brisbane
335281,Brisbane
335282,Brisbane
335283,Brisbane
335284,Brisbane
335285,Brisbane
335286,Brisbane
335287,Brisbane
335288,Brisbane
335289,Brisbane
335290,Brisbane
335291,Brisbane
335292,Brisbane
335293,Brisbane
335294,Melbourne
335295,Sydney
335296,Brisbane
335297,Brisbane
335298,Brisbane
335299,Sydney
335300,Brisbane
335301,Brisbane
335302,Brisbane
335303,Brisbane
335304,Sydney
335305,Brisbane
335306,Perth
335307,Brisbane
335308,Brisbane
335309,Perth
335310,Melbourne
335311,Brisbane
335312,Brisbane
335313,Brisbane
335314,Brisbane
335315,Brisbane
335316,Brisbane
335317,Brisbane
335318,Brisbane
335319,Brisbane
335320,Brisbane
335321,Brisbane
335322,Perth
335323,Perth
335324,Brisbane
335325,Brisbane
335326,Brisbane
335327,Brisbane
335328,Brisbane
335329,Sydney
335330,Brisbane
335331,Brisbane
335332,Brisbane
335333,Brisbane
335334,Sydney
335335,Brisbane
335336,Brisbane
335337,Brisbane
335338,Brisbane
335339,Brisbane
335340,Brisbane
335341,Brisbane
335342,Brisbane
335343,Brisbane
335344,Brisbane
335345,Brisbane
335346,Brisbane
335347,Brisbane
335348,Brisbane
335349,Brisbane
335350,Brisbane
335351,Brisbane
335352,Brisbane
335353,Perth
335354,Brisbane
335355,Brisbane
335356,Brisbane
335357,Brisbane
335358,Brisbane
335359,Brisbane
335360,Brisbane
335361,Brisbane
335362,Brisbane
335363,Brisbane
335364,Brisbane
335365,Brisbane
335366,Sydney
335367,Brisbane
335368,Perth
335369,Brisbane
335370,Brisbane
335371,Brisbane
335372,Brisbane
335373,Brisbane
335374,Brisbane
335375,Brisbane
335376,Brisbane
335377,Brisbane
335378,Sydney
335379,Brisbane
335380,Brisbane
335381,Brisbane
335382,Brisbane
335383,Brisbane
335384,Brisbane
335385,Brisbane
335386,Brisbane
335387,Brisbane
335388,Brisbane
335389,Brisbane
335390,Brisbane
335391,Perth
335392,Brisbane
335393,Brisbane
335394,Brisbane
335395,Brisbane
335396,Brisbane
335397,Brisbane
335398,Brisbane
335399,Brisbane
335400,Perth
335401,Brisbane
335402,Brisbane
335403,Brisbane
335404,Brisbane
335405,Brisbane
335406,Brisbane
335407,Brisbane
335408,Brisbane
335409,Brisbane
335410,Brisbane
335411,Sydney
335412,Melbourne
335413,Brisbane
335414,Brisbane
335415,Sydney
335416,Brisbane
335417,Brisbane
335418,Brisbane
335419,Brisbane
335420,Brisbane
335421,Brisbane
335422,Brisbane
335423,Brisbane
335424,Brisbane
335425,Brisbane
335426,Brisbane
335427,Brisbane
335428,Brisbane
335429,Brisbane
335430,Brisbane
335431,Brisbane
335432,Brisbane
335433,Brisbane
335434,Brisbane
335435,Brisbane
335436,Brisbane
335437,Brisbane
335438,Brisbane
335439,Brisbane
335440,Brisbane
335441,Brisbane
335442,Brisbane
335443,Brisbane
335444,Sydney
335445,Brisbane
335446,Brisbane
335447,Brisbane
335448,Brisbane
335449,Perth
335450,Brisbane
335451,Brisbane
335452,Melbourne
335453,Brisbane
335454,Brisbane
335455,Brisbane
335456,Brisbane
335457,Brisbane
335458,Brisbane
335459,Brisbane
335460,Brisbane
335461,Sydney
335462,Brisbane
335463,Brisbane
335464,Brisbane
335465,Brisbane
335466,Brisbane
335467,Brisbane
335468,Sydney
335469,Brisbane
335470,Brisbane
335471,Brisbane
335472,Brisbane
335473,Brisbane
335474,Sydney
335475,Brisbane
335476,Sydney
335477,Brisbane
335478,Brisbane
335479,Perth
335480,Brisbane
335481,Brisbane
335482,Brisbane
335483,Brisbane
335484,Brisbane
335485,Sydney
335486,Brisbane
335487,Melbourne
335488,Sydney
335489,Brisbane
335490,Brisbane
335491,Brisbane
335492,Brisbane
335493,Brisbane
335494,Sydney
335495,Brisbane
335496,Brisbane
335497,Brisbane
335498,Brisbane
335499,Brisbane
335500,Brisbane
335501,Sydney
335502,Brisbane
335503,Brisbane
335504,Brisbane
335505,Brisbane
335506,Brisbane
335507,Brisbane
335508,Brisbane
335509,Brisbane
335510,Brisbane
335511,Brisbane
335512,Brisbane
335513,Brisbane
335514,Brisbane
335515,Brisbane
335516,Brisbane
335517,Brisbane
335518,Brisbane
335519,Brisbane
335520,Brisbane
335521,Brisbane
335522,Brisbane
335523,Brisbane
335524,Brisbane
335525,Brisbane
335526,Brisbane
335527,Brisbane
335528,Brisbane
335529,Brisbane
335530,Brisbane
335531,Brisbane
335532,Brisbane
335533,Sydney
335534,Brisbane
335535,Brisbane
335536,Brisbane
335537,Brisbane
335538,Brisbane
335539,Brisbane
335540,Brisbane
335541,Brisbane
335542,Brisbane
335543,Brisbane
335544,Brisbane
335545,Sydney
335546,Perth
335547,Brisbane
335548,Brisbane
335549,Brisbane
335550,Sydney
335551,Brisbane
335552,Perth
335553,Brisbane
335554,Brisbane
335555,Brisbane
335556,Brisbane
335557,Brisbane
335558,Brisbane
335559,Brisbane
335560,Brisbane
335561,Brisbane
335562,Brisbane
335563,Sydney
335564,Brisbane
335565,Brisbane
335566,Perth
335567,Brisbane
335568,Brisbane
335569,Brisbane
335570,Brisbane
335571,Brisbane
335572,Brisbane
335573,Brisbane
335574,Brisbane
335575,Brisbane
335576,Brisbane
335577,Sydney
335578,Perth
335579,Brisbane
335580,Brisbane
335581,Brisbane
335582,Brisbane
335583,Sydney
335584,Brisbane
335585,Brisbane
335586,Brisbane
335587,Brisbane
335588,Brisbane
335589,Perth
335590,Brisbane
335591,Brisbane
335592,Brisbane
335593,Sydney
335594,Brisbane
335595,Brisbane
335596,Brisbane
335597,Brisbane
335598,Brisbane
335599,Brisbane
335600,Brisbane
335601,Brisbane
335602,Brisbane
335603,Brisbane
335604,Brisbane
335605,Brisbane
335606,Brisbane
335607,Brisbane
335608,Brisbane
335609,Brisbane
335610,Brisbane
335611,Brisbane
335612,Brisbane
335613,Brisbane
335614,Brisbane
335615,Sydney
335616,Brisbane
335617,Brisbane
335618,Sydney
335619,Brisbane
335620,Brisbane
335621,Brisbane
335622,Brisbane
335623,Brisbane
335624,Sydney
335625,Brisbane
335626,Brisbane
335627,Brisbane
335628,Brisbane
335629,Brisbane
335630,Brisbane
335631,Brisbane
335632,Brisbane
335633,Perth
335634,Brisbane
335635,Brisbane
335636,Brisbane
335637,Brisbane
335638,Brisbane
335639,Melbourne
335640,Brisbane
335641,Brisbane
335642,Brisbane
335643,Brisbane
335644,Brisbane
335645,Melbourne
335646,Sydney
335647,Brisbane
335648,Brisbane
335649,Brisbane
335650,Brisbane
335651,Brisbane
335652,Brisbane
335653,Brisbane
335654,Brisbane
335655,Brisbane
335656,Sydney
335657,Brisbane
335658,Brisbane
335659,Melbourne
335660,Perth
335661,Brisbane
335662,Brisbane
335663,Brisbane
335664,Brisbane
335665,Brisbane
335666,Brisbane
335667,Melbourne
335668,Brisbane
335669,Brisbane
335670,Brisbane
335671,Brisbane
335672,Brisbane
335673,Brisbane
335674,Brisbane
335675,Brisbane
335676,Brisbane
335677,Brisbane
335678,Brisbane
335679,Brisbane
335680,Brisbane
335681,Brisbane
335682,Sydney
335683,Brisbane
335684,Perth
335685,Brisbane
335686,Brisbane
335687,Brisbane
335688,Brisbane
335689,Brisbane
335690,Brisbane
335691,Brisbane
335692,Brisbane
335693,Sydney
335694,Brisbane
335695,Sydney
335696,Brisbane
335697,Brisbane
335698,Brisbane
335699,Brisbane
335700,Brisbane
335701,Brisbane
335702,Brisbane
335703,Sydney
335704,Brisbane
335705,Brisbane
335706,Brisbane
335707,Brisbane
335708,Brisbane
335709,Brisbane
335710,Brisbane
335711,Brisbane
335712,Brisbane
335713,Brisbane
335714,Brisbane
335715,Brisbane
335716,Brisbane
335717,Perth
335718,Brisbane
335719,Brisbane
335720,Brisbane
335721,Brisbane
335722,Brisbane
335723,Brisbane
335724,Brisbane
335725,Brisbane
335726,Brisbane
335727,Brisbane
335728,Brisbane
335729,Brisbane
335730,Brisbane
335731,Brisbane
335732,Brisbane
335733,Brisbane
335734,Brisbane
335735,Brisbane
335736,Sydney
335737,Brisbane
335738,Brisbane
335739,Brisbane
335740,Brisbane
335741,Brisbane
335742,Brisbane
335743,Brisbane
335744,Sydney
335745,Sydney
335746,Perth
335747,Brisbane
335748,Brisbane
335749,Brisbane
335750,Brisbane
335751,Brisbane
335752,Brisbane
335753,Brisbane
335754,Brisbane
335755,Brisbane
335756,Brisbane
335757,Brisbane
335758,Brisbane
335759,Brisbane
335760,Brisbane
335761,Brisbane
335762,Brisbane
335763,Brisbane
335764,Brisbane
335765,Brisbane
335766,Brisbane
335767,Brisbane
335768,Brisbane
335769,Brisbane
335770,Brisbane
335771,Brisbane
335772,Melbourne
335773,Brisbane
335774,Brisbane
335775,Brisbane
335776,Brisbane
335777,Brisbane
335778,Brisbane
335779,Brisbane
335780,Brisbane
335781,Sydney
335782,Melbourne
335783,Brisbane
335784,Brisbane
335785,Brisbane
335786,Brisbane
335787,Brisbane
335788,Brisbane
335789,Brisbane
335790,Brisbane
335791,Brisbane
335792,Brisbane
335793,Brisbane
335794,Brisbane
335795,Brisbane
335796,Brisbane
335797,Brisbane
335798,Brisbane
335799,Melbourne
335800,Brisbane
335801,Brisbane
335802,Brisbane
335803,Brisbane
335804,Brisbane
335805,Brisbane
335806,Brisbane
335807,Brisbane
335808,Brisbane
335809,Brisbane
335810,Brisbane
335811,Brisbane
335812,Brisbane
335813,Brisbane
335814,Brisbane
335815,Brisbane
335816,Brisbane
335817,Brisbane
335818,Brisbane
335819,Brisbane
335820,Brisbane
335821,Brisbane
335822,Brisbane
335823,Brisbane
335824,Brisbane
335825,Brisbane
335826,Brisbane
335827,Brisbane
335828,Brisbane
335829,Brisbane
335830,Brisbane
335831,Brisbane
335832,Brisbane
335833,Brisbane
335834,Sydney
335835,Brisbane
335836,Brisbane
335837,Brisbane
335838,Perth
335839,Brisbane
335840,Brisbane
335841,Brisbane
335842,Brisbane
335843,Sydney
335844,Brisbane
335845,Brisbane
335846,Brisbane
335847,Brisbane
335848,Brisbane
335849,Brisbane
335850,Brisbane
335851,Brisbane
335852,Brisbane
335853,Brisbane
335854,Brisbane
335855,Brisbane
335856,Sydney
335857,Brisbane
335858,Brisbane
335859,Brisbane
335860,Brisbane
335861,Brisbane
335862,Brisbane
335863,Melbourne
335864,Brisbane
335865,Brisbane
335866,Brisbane
335867,Brisbane
335868,Brisbane
335869,Brisbane
335870,Brisbane
335871,Brisbane
335872,Brisbane
335873,Brisbane
335874,Brisbane
335875,Brisbane
335876,Brisbane
335877,Brisbane
335878,Brisbane
335879,Brisbane
335880,Brisbane
335881,Brisbane
335882,Brisbane
335883,Brisbane
335884,Brisbane
335885,Brisbane
335886,Brisbane
335887,Brisbane
335888,Brisbane
335889,Brisbane
335890,Brisbane
335891,Brisbane
335892,Brisbane
335893,Brisbane
335894,Brisbane
335895,Brisbane
335896,Brisbane
335897,Brisbane
335898,Brisbane
335899,Brisbane
335900,Melbourne
335901,Brisbane
335902,Brisbane
335903,Brisbane
335904,Brisbane
335905,Brisbane
335906,Brisbane
335907,Brisbane
335908,Brisbane
335909,Brisbane
335910,Brisbane
335911,Brisbane
335912,Brisbane
335913,Brisbane
335914,Brisbane
335915,Perth
335916,Brisbane
335917,Brisbane
335918,Brisbane
335919,Brisbane
335920,Brisbane
335921,Brisbane
335922,Brisbane
335923,Sydney
335924,Brisbane
335925,Brisbane
335926,Brisbane
335927,Melbourne
335928,Brisbane
335929,Brisbane
335930,Brisbane
335931,Sydney
335932,Brisbane
335933,Brisbane
335934,Brisbane
335935,Brisbane
335936,Brisbane
335937,Brisbane
335938,Brisbane
335939,Brisbane
335940,Brisbane
335941,Brisbane
335942,Brisbane
335943,Brisbane
335944,Brisbane
335945,Brisbane
335946,Brisbane
335947,Brisbane
335948,Brisbane
335949,Brisbane
335950,Brisbane
335951,Brisbane
335952,Brisbane
335953,Brisbane
335954,Brisbane
335955,Brisbane
335956,Brisbane
335957,Brisbane
335958,Brisbane
335959,Brisbane
335960,Brisbane
335961,Brisbane
335962,Brisbane
335963,Brisbane
335964,Brisbane
335965,Brisbane
335966,Brisbane
335967,Melbourne
335968,Brisbane
335969,Brisbane
335970,Brisbane
335971,Brisbane
335972,Brisbane
335973,Brisbane
335974,Brisbane
335975,Brisbane
335976,Brisbane
335977,Brisbane
335978,Brisbane
335979,Brisbane
335980,Brisbane
335981,Brisbane
335982,Brisbane
335983,Brisbane
335984,Brisbane
335985,Brisbane
335986,Brisbane
335987,Brisbane
335988,Brisbane
335989,Brisbane
335990,Brisbane
335991,Brisbane
335992,Brisbane
335993,Brisbane
335994,Perth
335995,Brisbane
335996,Brisbane
335997,Brisbane
335998,Brisbane
335999,Brisbane
336000,Brisbane
336001,Brisbane
336002,Sydney
336003,Perth
336004,Sydney
336005,Sydney
336006,Brisbane
336007,Brisbane
336008,Brisbane
336009,Brisbane
336010,Brisbane
336011,Brisbane
336012,Brisbane
336013,Melbourne
336014,Brisbane
336015,Brisbane
336016,Brisbane
336017,Brisbane
336018,Brisbane
336019,Brisbane
336020,Sydney
336021,Brisbane
336022,Brisbane
336023,Brisbane
336024,Brisbane
336025,Brisbane
336026,Brisbane
336027,Brisbane
336028,Sydney
336029,Perth
336030,Brisbane
336031,Sydney
336032,Brisbane
336033,Brisbane
336034,Brisbane
336035,Brisbane
336036,Sydney
336037,Sydney
336038,Perth
336039,Brisbane
336040,Brisbane
336041,Brisbane
336042,Brisbane
336043,Brisbane
336044,Brisbane
336045,Brisbane
336046,Brisbane
336047,Brisbane
336048,Brisbane
336049,Melbourne
336050,Brisbane
336051,Brisbane
336052,Brisbane
336053,Brisbane
336054,Brisbane
336055,Brisbane
336056,Brisbane
336057,Sydney
336058,Brisbane
336059,Brisbane
336060,Brisbane
336061,Brisbane
336062,Brisbane
336063,Brisbane
336064,Brisbane
336065,Sydney
336066,Brisbane
336067,Brisbane
336068,Brisbane
336069,Brisbane
336070,Brisbane
336071,Brisbane
336072,Brisbane
336073,Brisbane
336074,Brisbane
336075,Brisbane
336076,Brisbane
336077,Brisbane
336078,Brisbane
336079,Brisbane
336080,Brisbane
336081,Brisbane
336082,Perth
336083,Brisbane
336084,Brisbane
336085,Brisbane
336086,Brisbane
336087,Brisbane
336088,Brisbane
336089,Brisbane
336090,Brisbane
336091,Brisbane
336092,Brisbane
336093,Perth
336094,Brisbane
336095,Sydney
336096,Perth
336097,Brisbane
336098,Brisbane
336099,Brisbane
336100,Brisbane
336101,Brisbane
336102,Brisbane
336103,Brisbane
336104,Brisbane
336105,Brisbane
336106,Brisbane
336107,Brisbane
336108,Brisbane
336109,Brisbane
336110,Brisbane
336111,Brisbane
336112,Brisbane
336113,Brisbane
336114,Brisbane
336115,Brisbane
336116,Brisbane
336117,Brisbane
336118,Brisbane
336119,Brisbane
336120,Brisbane
336121,Brisbane
336122,Brisbane
336123,Perth
336124,Brisbane
336125,Brisbane
336126,Brisbane
336127,Brisbane
336128,Brisbane
336129,Brisbane
336130,Brisbane
336131,Brisbane
336132,Brisbane
336133,Brisbane
336134,Brisbane
336135,Brisbane
336136,Brisbane
336137,Brisbane
336138,Brisbane
336139,Brisbane
336140,Brisbane
336141,Sydney
336142,Brisbane
336143,Brisbane
336144,Brisbane
336145,Brisbane
336146,Brisbane
336147,Brisbane
336148,Sydney
336149,Brisbane
336150,Brisbane
336151,Perth
336152,Sydney
336153,Brisbane
336154,Brisbane
336155,Brisbane
336156,Brisbane
336157,Brisbane
336158,Sydney
336159,Brisbane
336160,Brisbane
336161,Brisbane
336162,Brisbane
336163,Brisbane
336164,Brisbane
336165,Melbourne
336166,Brisbane
336167,Brisbane
336168,Brisbane
336169,Brisbane
336170,Brisbane
336171,Brisbane
336172,Brisbane
336173,Brisbane
336174,Brisbane
336175,Sydney
336176,Brisbane
336177,Brisbane
336178,Brisbane
336179,Brisbane
336180,Brisbane
336181,Brisbane
336182,Brisbane
336183,Brisbane
336184,Brisbane
336185,Brisbane
336186,Brisbane
336187,Brisbane
336188,Brisbane
336189,Brisbane
336190,Brisbane
336191,Brisbane
336192,Brisbane
336193,Brisbane
336194,Brisbane
336195,Brisbane
336196,Brisbane
336197,Brisbane
336198,Brisbane
336199,Brisbane
336200,Brisbane
336201,Brisbane
336202,Brisbane
336203,Brisbane
336204,Brisbane
336205,Brisbane
336206,Brisbane
336207,Melbourne
336208,Brisbane
336209,Brisbane
336210,Brisbane
336211,Brisbane
336212,Brisbane
336213,Brisbane
336214,Brisbane
336215,Melbourne
336216,Brisbane
336217,Brisbane
336218,Brisbane
336219,Brisbane
336220,Brisbane
336221,Brisbane
336222,Brisbane
336223,Brisbane
336224,Brisbane
336225,Brisbane
336226,Brisbane
336227,Brisbane
336228,Brisbane
336229,Brisbane
336230,Brisbane
336231,Brisbane
336232,Brisbane
336233,Brisbane
336234,Brisbane
336235,Brisbane
336236,Brisbane
336237,Brisbane
336238,Brisbane
336239,Brisbane
336240,Brisbane
336241,Brisbane
336242,Brisbane
336243,Brisbane
336244,Brisbane
336245,Brisbane
336246,Brisbane
336247,Brisbane
336248,Brisbane
336249,Brisbane
336250,Brisbane
336251,Brisbane
336252,Sydney
336253,Brisbane
336254,Brisbane
336255,Brisbane
336256,Brisbane
336257,Brisbane
336258,Brisbane
336259,Brisbane
336260,Brisbane
336261,Brisbane
336262,Brisbane
336263,Brisbane
336264,Brisbane
336265,Brisbane
336266,Brisbane
336267,Brisbane
336268,Brisbane
336269,Brisbane
336270,Brisbane
336271,Melbourne
336272,Brisbane
336273,Brisbane
336274,Brisbane
336275,Brisbane
336276,Brisbane
336277,Brisbane
336278,Brisbane
336279,Brisbane
336280,Brisbane
336281,Brisbane
336282,Brisbane
336283,Brisbane
336284,Brisbane
336285,Brisbane
336286,Melbourne
336287,Sydney
336288,Brisbane
336289,Sydney
336290,Brisbane
336291,Brisbane
336292,Brisbane
336293,Brisbane
336294,Brisbane
336295,Melbourne
336296,Brisbane
336297,Brisbane
336298,Sydney
336299,Brisbane
336300,Brisbane
336301,Brisbane
336302,Brisbane
336303,Brisbane
336304,Brisbane
336305,Brisbane
336306,Brisbane
336307,Brisbane
336308,Brisbane
336309,Brisbane
336310,Brisbane
336311,Sydney
336312,Brisbane
336313,Brisbane
336314,Brisbane
336315,Brisbane
336316,Sydney
336317,Brisbane
336318,Brisbane
336319,Perth
336320,Brisbane
336321,Perth
336322,Brisbane
336323,Brisbane
336324,Brisbane
336325,Brisbane
336326,Brisbane
336327,Brisbane
336328,Brisbane
336329,Brisbane
336330,Melbourne
336331,Sydney
336332,Brisbane
336333,Brisbane
336334,Brisbane
336335,Brisbane
336336,Brisbane
336337,Brisbane
336338,Brisbane
336339,Brisbane
336340,Brisbane
336341,Brisbane
336342,Brisbane
336343,Brisbane
336344,Brisbane
336345,Brisbane
336346,Brisbane
336347,Brisbane
336348,Brisbane
336349,Brisbane
336350,Brisbane
336351,Brisbane
336352,Brisbane
336353,Brisbane
336354,Brisbane
336355,Brisbane
336356,Brisbane
336357,Brisbane
336358,Brisbane
336359,Brisbane
336360,Brisbane
336361,Brisbane
336362,Brisbane
336363,Brisbane
336364,Brisbane
336365,Brisbane
336366,Brisbane
336367,Brisbane
336368,Brisbane
336369,Brisbane
336370,Brisbane
336371,Brisbane
336372,Brisbane
336373,Brisbane
336374,Brisbane
336375,Brisbane
336376,Brisbane
336377,Brisbane
336378,Perth
336379,Brisbane
336380,Melbourne
336381,Brisbane
336382,Brisbane
336383,Brisbane
336384,Perth
336385,Brisbane
336386,Brisbane
336387,Brisbane
336388,Brisbane
336389,Brisbane
336390,Brisbane
336391,Brisbane
336392,Brisbane
336393,Brisbane
336394,Brisbane
336395,Brisbane
336396,Brisbane
336397,Brisbane
336398,Sydney
336399,Brisbane
336400,Brisbane
336401,Brisbane
336402,Brisbane
336403,Brisbane
336404,Brisbane
336405,Brisbane
336406,Brisbane
336407,Perth
336408,Brisbane
336409,Brisbane
336410,Brisbane
336411,Brisbane
336412,Brisbane
336413,Brisbane
336414,Brisbane
336415,Brisbane
336416,Brisbane
336417,Brisbane
336418,Brisbane
336419,Melbourne
336420,Brisbane
336421,Brisbane
336422,Brisbane
336423,Sydney
336424,Brisbane
336425,Brisbane
336426,Brisbane
336427,Brisbane
336428,Brisbane
336429,Brisbane
336430,Brisbane
336431,Brisbane
336432,Brisbane
336433,Brisbane
336434,Perth
336435,Melbourne
336436,Brisbane
336437,Brisbane
336438,Perth
336439,Brisbane
336440,Brisbane
336441,Brisbane
336442,Brisbane
336443,Sydney
336444,Brisbane
336445,Brisbane
336446,Brisbane
336447,Brisbane
336448,Brisbane
336449,Brisbane
336450,Brisbane
336451,Brisbane
336452,Brisbane
336453,Brisbane
336454,Brisbane
336455,Brisbane
336456,Brisbane
336457,Brisbane
336458,Brisbane
336459,Brisbane
336460,Brisbane
336461,Brisbane
336462,Brisbane
336463,Brisbane
336464,Brisbane
336465,Brisbane
336466,Brisbane
336467,Perth
336468,Brisbane
336469,Brisbane
336470,Brisbane
336471,Brisbane
336472,Perth
336473,Brisbane
336474,Brisbane
336475,Brisbane
336476,Perth
336477,Brisbane
336478,Brisbane
336479,Brisbane
336480,Brisbane
336481,Brisbane
336482,Perth
336483,Brisbane
336484,Brisbane
336485,Brisbane
336486,Brisbane
336487,Brisbane
336488,Brisbane
336489,Brisbane
336490,Brisbane
336491,Brisbane
336492,Brisbane
336493,Brisbane
336494,Brisbane
336495,Brisbane
336496,Brisbane
336497,Brisbane
336498,Brisbane
336499,Brisbane
336500,Brisbane
336501,Brisbane
336502,Brisbane
336503,Brisbane
336504,Brisbane
336505,Brisbane
336506,Brisbane
336507,Brisbane
336508,Brisbane
336509,Brisbane
336510,Brisbane
336511,Brisbane
336512,Brisbane
336513,Brisbane
336514,Brisbane
336515,Brisbane
336516,Perth
336517,Brisbane
336518,Brisbane
336519,Brisbane
336520,Brisbane
336521,Brisbane
336522,Brisbane
336523,Sydney
336524,Brisbane
336525,Brisbane
336526,Brisbane
336527,Brisbane
336528,Brisbane
336529,Brisbane
336530,Brisbane
336531,Brisbane
336532,Brisbane
336533,Brisbane
336534,Brisbane
336535,Brisbane
336536,Brisbane
336537,Brisbane
336538,Brisbane
336539,Brisbane
336540,Brisbane
336541,Sydney
336542,Brisbane
336543,Brisbane
336544,Perth
336545,Brisbane
336546,Brisbane
336547,Brisbane
336548,Brisbane
336549,Brisbane
336550,Brisbane
336551,Brisbane
336552,Brisbane
336553,Sydney
336554,Perth
336555,Brisbane
336556,Brisbane
336557,Brisbane
336558,Sydney
336559,Brisbane
336560,Brisbane
336561,Brisbane
336562,Sydney
336563,Brisbane
336564,Brisbane
336565,Brisbane
336566,Brisbane
336567,Brisbane
336568,Brisbane
336569,Brisbane
336570,Brisbane
336571,Brisbane
336572,Sydney
336573,Brisbane
336574,Brisbane
336575,Brisbane
336576,Brisbane
336577,Brisbane
336578,Brisbane
336579,Brisbane
336580,Brisbane
336581,Brisbane
336582,Brisbane
336583,Brisbane
336584,Brisbane
336585,Brisbane
336586,Brisbane
336587,Perth
336588,Brisbane
336589,Brisbane
336590,Sydney
336591,Perth
336592,Brisbane
336593,Brisbane
336594,Perth
336595,Brisbane
336596,Brisbane
336597,Brisbane
336598,Brisbane
336599,Brisbane
336600,Brisbane
336601,Brisbane
336602,Brisbane
336603,Brisbane
336604,Perth
336605,Brisbane
336606,Brisbane
336607,Brisbane
336608,Brisbane
336609,Brisbane
336610,Brisbane
336611,Brisbane
336612,Brisbane
336613,Brisbane
336614,Brisbane
336615,Brisbane
336616,Brisbane
336617,Brisbane
336618,Sydney
336619,Brisbane
336620,Perth
336621,Brisbane
336622,Melbourne
336623,Brisbane
336624,Brisbane
336625,Sydney
336626,Brisbane
336627,Brisbane
336628,Perth
336629,Brisbane
336630,Brisbane
336631,Brisbane
336632,Brisbane
336633,Brisbane
336634,Brisbane
336635,Brisbane
336636,Brisbane
336637,Brisbane
336638,Brisbane
336639,Brisbane
336640,Brisbane
336641,Brisbane
336642,Brisbane
336643,Brisbane
336644,Brisbane
336645,Sydney
336646,Brisbane
336647,Brisbane
336648,Brisbane
336649,Brisbane
336650,Brisbane
336651,Brisbane
336652,Sydney
336653,Brisbane
336654,Brisbane
336655,Brisbane
336656,Brisbane
336657,Brisbane
336658,Brisbane
336659,Brisbane
336660,Brisbane
336661,Melbourne
336662,Brisbane
336663,Sydney
336664,Brisbane
336665,Brisbane
336666,Brisbane
336667,Brisbane
336668,Brisbane
336669,Brisbane
336670,Brisbane
336671,Brisbane
336672,Brisbane
336673,Brisbane
336674,Brisbane
336675,Brisbane
336676,Brisbane
336677,Brisbane
336678,Perth
336679,Brisbane
336680,Brisbane
336681,Sydney
336682,Brisbane
336683,Sydney
336684,Brisbane
336685,Perth
336686,Brisbane
336687,Brisbane
336688,Brisbane
336689,Brisbane
336690,Brisbane
336691,Brisbane
336692,Brisbane
336693,Brisbane
336694,Brisbane
336695,Brisbane
336696,Brisbane
336697,Brisbane
336698,Brisbane
336699,Brisbane
336700,Brisbane
336701,Brisbane
336702,Brisbane
336703,Brisbane
336704,Brisbane
336705,Brisbane
336706,Sydney
336707,Brisbane
336708,Melbourne
336709,Brisbane
336710,Brisbane
336711,Brisbane
336712,Brisbane
336713,Brisbane
336714,Brisbane
336715,Brisbane
336716,Brisbane
336717,Sydney
336718,Brisbane
336719,Brisbane
336720,Brisbane
336721,Brisbane
336722,Brisbane
336723,Sydney
336724,Brisbane
336725,Brisbane
336726,Brisbane
336727,Brisbane
336728,Brisbane
336729,Brisbane
336730,Brisbane
336731,Brisbane
336732,Brisbane
336733,Brisbane
336734,Brisbane
336735,Brisbane
336736,Brisbane
336737,Brisbane
336738,Brisbane
336739,Brisbane
336740,Brisbane
336741,Melbourne
336742,Brisbane
336743,Brisbane
336744,Brisbane
336745,Brisbane
336746,Brisbane
336747,Brisbane
336748,Brisbane
336749,Brisbane
336750,Brisbane
336751,Brisbane
336752,Brisbane
336753,Brisbane
336754,Brisbane
336755,Brisbane
336756,Brisbane
336757,Brisbane
336758,Brisbane
336759,Brisbane
336760,Brisbane
336761,Brisbane
336762,Brisbane
336763,Brisbane
336764,Brisbane
336765,Brisbane
336766,Brisbane
336767,Brisbane
336768,Melbourne
336769,Brisbane
336770,Brisbane
336771,Brisbane
336772,Brisbane
336773,Brisbane
336774,Brisbane
336775,Brisbane
336776,Brisbane
336777,Brisbane
336778,Brisbane
336779,Brisbane
336780,Brisbane
336781,Brisbane
336782,Brisbane
336783,Brisbane
336784,Brisbane
336785,Brisbane
336786,Brisbane
336787,Brisbane
336788,Brisbane
336789,Brisbane
336790,Brisbane
336791,Brisbane
336792,Brisbane
336793,Brisbane
336794,Brisbane
336795,Sydney
336796,Brisbane
336797,Brisbane
336798,Brisbane
336799,Brisbane
336800,Sydney
336801,Brisbane
336802,Brisbane
336803,Brisbane
336804,Brisbane
336805,Brisbane
336806,Brisbane
336807,Brisbane
336808,Brisbane
336809,Brisbane
336810,Brisbane
336811,Brisbane
336812,Brisbane
336813,Brisbane
336814,Sydney
336815,Brisbane
336816,Brisbane
336817,Brisbane
336818,Brisbane
336819,Brisbane
336820,Brisbane
336821,Brisbane
336822,Brisbane
336823,Brisbane
336824,Brisbane
336825,Brisbane
336826,Melbourne
336827,Brisbane
336828,Sydney
336829,Brisbane
336830,Brisbane
336831,Brisbane
336832,Brisbane
336833,Brisbane
336834,Brisbane
336835,Brisbane
336836,Brisbane
336837,Brisbane
336838,Sydney
336839,Brisbane
336840,Sydney
336841,Brisbane
336842,Sydney
336843,Brisbane
336844,Brisbane
336845,Melbourne
336846,Brisbane
336847,Brisbane
336848,Melbourne
336849,Brisbane
336850,Brisbane
336851,Brisbane
336852,Brisbane
336853,Brisbane
336854,Sydney
336855,Brisbane
336856,Brisbane
336857,Brisbane
336858,Brisbane
336859,Brisbane
336860,Brisbane
336861,Brisbane
336862,Brisbane
336863,Brisbane
336864,Brisbane
336865,Brisbane
336866,Brisbane
336867,Melbourne
336868,Brisbane
336869,Brisbane
336870,Brisbane
336871,Brisbane
336872,Brisbane
336873,Brisbane
336874,Brisbane
336875,Brisbane
336876,Brisbane
336877,Brisbane
336878,Brisbane
336879,Perth
336880,Brisbane
336881,Brisbane
336882,Brisbane
336883,Brisbane
336884,Brisbane
336885,Brisbane
336886,Brisbane
336887,Brisbane
336888,Brisbane
336889,Brisbane
336890,Brisbane
336891,Brisbane
336892,Brisbane
336893,Perth
336894,Brisbane
336895,Brisbane
336896,Brisbane
336897,Brisbane
336898,Brisbane
336899,Brisbane
336900,Brisbane
336901,Brisbane
336902,Brisbane
336903,Brisbane
336904,Brisbane
336905,Brisbane
336906,Brisbane
336907,Perth
336908,Perth
336909,Brisbane
336910,Brisbane
336911,Brisbane
336912,Brisbane
336913,Brisbane
336914,Brisbane
336915,Brisbane
336916,Brisbane
336917,Brisbane
336918,Brisbane
336919,Sydney
336920,Brisbane
336921,Brisbane
336922,Brisbane
336923,Brisbane
336924,Brisbane
336925,Brisbane
336926,Brisbane
336927,Brisbane
336928,Perth
336929,Sydney
336930,Brisbane
336931,Brisbane
336932,Brisbane
336933,Brisbane
336934,Brisbane
336935,Brisbane
336936,Brisbane
336937,Brisbane
336938,Brisbane
336939,Brisbane
336940,Melbourne
336941,Brisbane
336942,Brisbane
336943,Brisbane
336944,Perth
336945,Brisbane
336946,Brisbane
336947,Brisbane
336948,Brisbane
336949,Brisbane
336950,Brisbane
336951,Sydney
336952,Brisbane
336953,Sydney
336954,Brisbane
336955,Brisbane
336956,Brisbane
336957,Brisbane
336958,Brisbane
336959,Brisbane
336960,Brisbane
336961,Brisbane
336962,Brisbane
336963,Brisbane
336964,Sydney
336965,Brisbane
336966,Brisbane
336967,Brisbane
336968,Brisbane
336969,Brisbane
336970,Brisbane
336971,Brisbane
336972,Perth
336973,Brisbane
336974,Brisbane
336975,Brisbane
336976,Brisbane
336977,Brisbane
336978,Melbourne
336979,Brisbane
336980,Brisbane
336981,Brisbane
336982,Brisbane
336983,Brisbane
336984,Brisbane
336985,Brisbane
336986,Brisbane
336987,Brisbane
336988,Brisbane
336989,Brisbane
336990,Brisbane
336991,Brisbane
336992,Sydney
336993,Sydney
336994,Brisbane
336995,Brisbane
336996,Sydney
336997,Melbourne
336998,Sydney
336999,Brisbane
337000,Melbourne
337001,Brisbane
337002,Brisbane
337003,Brisbane
337004,Brisbane
337005,Perth
337006,Melbourne
337007,Sydney
337008,Brisbane
337009,Brisbane
337010,Brisbane
337011,Brisbane
337012,Brisbane
337013,Brisbane
337014,Sydney
337015,Brisbane
337016,Brisbane
337017,Brisbane
337018,Brisbane
337019,Melbourne
337020,Brisbane
337021,Brisbane
337022,Brisbane
337023,Melbourne
337024,Brisbane
337025,Brisbane
337026,Brisbane
337027,Brisbane
337028,Brisbane
337029,Melbourne
337030,Brisbane
337031,Brisbane
337032,Melbourne
337033,Brisbane
337034,Brisbane
337035,Brisbane
337036,Brisbane
337037,Brisbane
337038,Brisbane
337039,Brisbane
337040,Brisbane
337041,Perth
337042,Sydney
337043,Sydney
337044,Brisbane
337045,Brisbane
337046,Brisbane
337047,Brisbane
337048,Brisbane
337049,Brisbane
337050,Brisbane
337051,Brisbane
337052,Brisbane
337053,Perth
337054,Brisbane
337055,Melbourne
337056,Brisbane
337057,Brisbane
337058,Brisbane
337059,Brisbane
337060,Brisbane
337061,Brisbane
337062,Brisbane
337063,Brisbane
337064,Sydney
337065,Brisbane
337066,Brisbane
337067,Brisbane
337068,Brisbane
337069,Brisbane
337070,Brisbane
337071,Brisbane
337072,Brisbane
337073,Brisbane
337074,Brisbane
337075,Brisbane
337076,Brisbane
337077,Brisbane
337078,Brisbane
337079,Brisbane
337080,Brisbane
337081,Brisbane
337082,Brisbane
337083,Brisbane
337084,Brisbane
337085,Brisbane
337086,Brisbane
337087,Brisbane
337088,Brisbane
337089,Brisbane
337090,Melbourne
337091,Brisbane
337092,Brisbane
337093,Brisbane
337094,Brisbane
337095,Brisbane
337096,Brisbane
337097,Brisbane
337098,Brisbane
337099,Brisbane
337100,Brisbane
337101,Melbourne
337102,Brisbane
337103,Brisbane
337104,Brisbane
337105,Brisbane
337106,Brisbane
337107,Brisbane
337108,Brisbane
337109,Brisbane
337110,Brisbane
337111,Brisbane
337112,Brisbane
337113,Brisbane
337114,Brisbane
337115,Brisbane
337116,Brisbane
337117,Brisbane
337118,Brisbane
337119,Melbourne
337120,Brisbane
337121,Brisbane
337122,Brisbane
337123,Brisbane
337124,Brisbane
337125,Brisbane
337126,Brisbane
337127,Brisbane
337128,Brisbane
337129,Perth
337130,Brisbane
337131,Brisbane
337132,Brisbane
337133,Brisbane
337134,Brisbane
337135,Brisbane
337136,Brisbane
337137,Brisbane
337138,Melbourne
337139,Brisbane
337140,Brisbane
337141,Brisbane
337142,Brisbane
337143,Brisbane
337144,Brisbane
337145,Brisbane
337146,Brisbane
337147,Brisbane
337148,Brisbane
337149,Brisbane
337150,Brisbane
337151,Brisbane
337152,Brisbane
337153,Brisbane
337154,Brisbane
337155,Brisbane
337156,Brisbane
337157,Brisbane
337158,Brisbane
337159,Brisbane
337160,Brisbane
337161,Brisbane
337162,Brisbane
337163,Brisbane
337164,Brisbane
337165,Brisbane
337166,Brisbane
337167,Brisbane
337168,Brisbane
337169,Brisbane
337170,Brisbane
337171,Brisbane
337172,Brisbane
337173,Brisbane
337174,Sydney
337175,Brisbane
337176,Brisbane
337177,Brisbane
337178,Brisbane
337179,Brisbane
337180,Brisbane
337181,Brisbane
337182,Brisbane
337183,Perth
337184,Brisbane
337185,Brisbane
337186,Brisbane
337187,Brisbane
337188,Brisbane
337189,Brisbane
337190,Brisbane
337191,Brisbane
337192,Brisbane
337193,Brisbane
337194,Sydney
337195,Brisbane
337196,Brisbane
337197,Perth
337198,Brisbane
337199,Brisbane
337200,Brisbane
337201,Brisbane
337202,Brisbane
337203,Brisbane
337204,Brisbane
337205,Brisbane
337206,Brisbane
337207,Perth
337208,Brisbane
337209,Brisbane
337210,Brisbane
337211,Brisbane
337212,Brisbane
337213,Brisbane
337214,Brisbane
337215,Brisbane
337216,Brisbane
337217,Brisbane
337218,Brisbane
337219,Brisbane
337220,Brisbane
337221,Brisbane
337222,Brisbane
337223,Brisbane
337224,Brisbane
337225,Brisbane
337226,Brisbane
337227,Brisbane
337228,Brisbane
337229,Brisbane
337230,Brisbane
337231,Brisbane
337232,Brisbane
337233,Brisbane
337234,Brisbane
337235,Brisbane
337236,Brisbane
337237,Brisbane
337238,Brisbane
337239,Brisbane
337240,Brisbane
337241,Perth
337242,Brisbane
337243,Brisbane
337244,Brisbane
337245,Brisbane
337246,Sydney
337247,Brisbane
337248,Brisbane
337249,Sydney
337250,Brisbane
337251,Brisbane
337252,Brisbane
337253,Brisbane
337254,Brisbane
337255,Brisbane
337256,Brisbane
337257,Brisbane
337258,Brisbane
337259,Brisbane
337260,Brisbane
337261,Brisbane
337262,Brisbane
337263,Perth
337264,Brisbane
337265,Brisbane
337266,Brisbane
337267,Brisbane
337268,Brisbane
337269,Brisbane
337270,Brisbane
337271,Brisbane
337272,Brisbane
337273,Brisbane
337274,Brisbane
337275,Perth
337276,Brisbane
337277,Brisbane
337278,Brisbane
337279,Brisbane
337280,Brisbane
337281,Brisbane
337282,Brisbane
337283,Brisbane
337284,Brisbane
337285,Brisbane
337286,Brisbane
337287,Brisbane
337288,Brisbane
337289,Brisbane
337290,Brisbane
337291,Brisbane
337292,Brisbane
337293,Sydney
337294,Brisbane
337295,Brisbane
337296,Brisbane
337297,Melbourne
337298,Brisbane
337299,Brisbane
337300,Brisbane
337301,Brisbane
337302,Brisbane
337303,Brisbane
337304,Brisbane
337305,Brisbane
337306,Brisbane
337307,Brisbane
337308,Brisbane
337309,Brisbane
337310,Brisbane
337311,Brisbane
337312,Brisbane
337313,Brisbane
337314,Brisbane
337315,Sydney
337316,Brisbane
337317,Brisbane
337318,Brisbane
337319,Brisbane
337320,Brisbane
337321,Perth
337322,Brisbane
337323,Melbourne
337324,Brisbane
337325,Brisbane
337326,Brisbane
337327,Brisbane
337328,Brisbane
337329,Brisbane
337330,Brisbane
337331,Brisbane
337332,Brisbane
337333,Brisbane
337334,Brisbane
337335,Brisbane
337336,Brisbane
337337,Brisbane
337338,Brisbane
337339,Brisbane
337340,Brisbane
337341,Brisbane
337342,Brisbane
337343,Brisbane
337344,Brisbane
337345,Brisbane
337346,Perth
337347,Brisbane
337348,Brisbane
337349,Brisbane
337350,Brisbane
337351,Brisbane
337352,Brisbane
337353,Melbourne
337354,Brisbane
337355,Brisbane
337356,Brisbane
337357,Brisbane
337358,Brisbane
337359,Sydney
337360,Brisbane
337361,Brisbane
337362,Brisbane
337363,Brisbane
337364,Brisbane
337365,Brisbane
337366,Brisbane
337367,Brisbane
337368,Brisbane
337369,Brisbane
337370,Brisbane
337371,Brisbane
337372,Brisbane
337373,Melbourne
337374,Brisbane
337375,Brisbane
337376,Brisbane
337377,Brisbane
337378,Brisbane
337379,Perth
337380,Melbourne
337381,Brisbane
337382,Perth
337383,Brisbane
337384,Brisbane
337385,Perth
337386,Brisbane
337387,Brisbane
337388,Brisbane
337389,Brisbane
337390,Brisbane
337391,Brisbane
337392,Sydney
337393,Brisbane
337394,Brisbane
337395,Brisbane
337396,Brisbane
337397,Brisbane
337398,Brisbane
337399,Brisbane
337400,Brisbane
337401,Brisbane
337402,Brisbane
337403,Brisbane
337404,Brisbane
337405,Brisbane
337406,Brisbane
337407,Brisbane
337408,Brisbane
337409,Perth
337410,Melbourne
337411,Brisbane
337412,Brisbane
337413,Brisbane
337414,Brisbane
337415,Brisbane
337416,Brisbane
337417,Brisbane
337418,Brisbane
337419,Brisbane
337420,Brisbane
337421,Brisbane
337422,Brisbane
337423,Brisbane
337424,Brisbane
337425,Brisbane
337426,Brisbane
337427,Melbourne
337428,Brisbane
337429,Brisbane
337430,Brisbane
337431,Sydney
337432,Brisbane
337433,Brisbane
337434,Brisbane
337435,Brisbane
337436,Brisbane
337437,Brisbane
337438,Melbourne
337439,Brisbane
337440,Brisbane
337441,Brisbane
337442,Brisbane
337443,Brisbane
337444,Brisbane
337445,Sydney
337446,Brisbane
337447,Brisbane
337448,Brisbane
337449,Brisbane
337450,Brisbane
337451,Brisbane
337452,Perth
337453,Brisbane
337454,Brisbane
337455,Brisbane
337456,Brisbane
337457,Brisbane
337458,Brisbane
337459,Perth
337460,Brisbane
337461,Brisbane
337462,Brisbane
337463,Brisbane
337464,Brisbane
337465,Brisbane
337466,Brisbane
337467,Brisbane
337468,Brisbane
337469,Brisbane
337470,Brisbane
337471,Brisbane
337472,Brisbane
337473,Brisbane
337474,Brisbane
337475,Brisbane
337476,Brisbane
337477,Brisbane
337478,Brisbane
337479,Brisbane
337480,Brisbane
337481,Melbourne
337482,Brisbane
337483,Brisbane
337484,Brisbane
337485,Sydney
337486,Brisbane
337487,Brisbane
337488,Brisbane
337489,Perth
337490,Brisbane
337491,Brisbane
337492,Brisbane
337493,Brisbane
337494,Brisbane
337495,Perth
337496,Brisbane
337497,Brisbane
337498,Brisbane
337499,Brisbane
337500,Brisbane
337501,Perth
337502,Brisbane
337503,Brisbane
337504,Brisbane
337505,Brisbane
337506,Brisbane
337507,Brisbane
337508,Brisbane
337509,Brisbane
337510,Brisbane
337511,Brisbane
337512,Brisbane
337513,Melbourne
337514,Brisbane
337515,Brisbane
337516,Brisbane
337517,Brisbane
337518,Melbourne
337519,Brisbane
337520,Brisbane
337521,Brisbane
337522,Brisbane
337523,Brisbane
337524,Brisbane
337525,Brisbane
337526,Brisbane
337527,Brisbane
337528,Brisbane
337529,Melbourne
337530,Brisbane
337531,Brisbane
337532,Brisbane
337533,Brisbane
337534,Brisbane
337535,Perth
337536,Brisbane
337537,Brisbane
337538,Brisbane
337539,Brisbane
337540,Brisbane
337541,Brisbane
337542,Brisbane
337543,Brisbane
337544,Brisbane
337545,Brisbane
337546,Brisbane
337547,Brisbane
337548,Brisbane
337549,Brisbane
337550,Brisbane
337551,Brisbane
337552,Sydney
337553,Brisbane
337554,Brisbane
337555,Brisbane
337556,Brisbane
337557,Brisbane
337558,Brisbane
337559,Brisbane
337560,Brisbane
337561,Brisbane
337562,Brisbane
337563,Brisbane
337564,Melbourne
337565,Brisbane
337566,Brisbane
337567,Sydney
337568,Brisbane
337569,Brisbane
337570,Brisbane
337571,Perth
337572,Brisbane
337573,Brisbane
337574,Sydney
337575,Brisbane
337576,Brisbane
337577,Brisbane
337578,Brisbane
337579,Brisbane
337580,Perth
337581,Brisbane
337582,Brisbane
337583,Sydney
337584,Sydney
337585,Brisbane
337586,Brisbane
337587,Brisbane
337588,Brisbane
337589,Brisbane
337590,Brisbane
337591,Brisbane
337592,Brisbane
337593,Brisbane
337594,Brisbane
337595,Brisbane
337596,Brisbane
337597,Brisbane
337598,Brisbane
337599,Brisbane
337600,Brisbane
337601,Brisbane
337602,Brisbane
337603,Brisbane
337604,Melbourne
337605,Brisbane
337606,Brisbane
337607,Brisbane
337608,Brisbane
337609,Brisbane
337610,Brisbane
337611,Brisbane
337612,Brisbane
337613,Brisbane
337614,Brisbane
337615,Sydney
337616,Sydney
337617,Brisbane
337618,Brisbane
337619,Brisbane
337620,Brisbane
337621,Brisbane
337622,Brisbane
337623,Brisbane
337624,Brisbane
337625,Brisbane
337626,Brisbane
337627,Brisbane
337628,Melbourne
337629,Brisbane
337630,Brisbane
337631,Brisbane
337632,Brisbane
337633,Brisbane
337634,Brisbane
337635,Brisbane
337636,Brisbane
337637,Brisbane
337638,Melbourne
337639,Brisbane
337640,Brisbane
337641,Sydney
337642,Brisbane
337643,Brisbane
337644,Brisbane
337645,Brisbane
337646,Perth
337647,Brisbane
337648,Sydney
337649,Sydney
337650,Brisbane
337651,Brisbane
337652,Brisbane
337653,Sydney
337654,Brisbane
337655,Brisbane
337656,Brisbane
337657,Brisbane
337658,Brisbane
337659,Brisbane
337660,Brisbane
337661,Brisbane
337662,Brisbane
337663,Brisbane
337664,Brisbane
337665,Brisbane
337666,Brisbane
337667,Brisbane
337668,Brisbane
337669,Brisbane
337670,Brisbane
337671,Melbourne
337672,Brisbane
337673,Brisbane
337674,Brisbane
337675,Perth
337676,Brisbane
337677,Brisbane
337678,Brisbane
337679,Brisbane
337680,Brisbane
337681,Brisbane
337682,Brisbane
337683,Brisbane
337684,Sydney
337685,Brisbane
337686,Brisbane
337687,Brisbane
337688,Brisbane
337689,Perth
337690,Brisbane
337691,Sydney
337692,Brisbane
337693,Brisbane
337694,Brisbane
337695,Brisbane
337696,Brisbane
337697,Brisbane
337698,Brisbane
337699,Brisbane
337700,Melbourne
337701,Melbourne
337702,Sydney
337703,Brisbane
337704,Brisbane
337705,Brisbane
337706,Brisbane
337707,Perth
337708,Sydney
337709,Brisbane
337710,Brisbane
337711,Brisbane
337712,Brisbane
337713,Brisbane
337714,Brisbane
337715,Brisbane
337716,Brisbane
337717,Brisbane
337718,Brisbane
337719,Brisbane
337720,Sydney
337721,Brisbane
337722,Brisbane
337723,Brisbane
337724,Brisbane
337725,Brisbane
337726,Sydney
337727,Brisbane
337728,Brisbane
337729,Brisbane
337730,Brisbane
337731,Brisbane
337732,Perth
337733,Brisbane
337734,Brisbane
337735,Brisbane
337736,Brisbane
337737,Perth
337738,Brisbane
337739,Brisbane
337740,Sydney
337741,Brisbane
337742,Brisbane
337743,Brisbane
337744,Brisbane
337745,Brisbane
337746,Brisbane
337747,Brisbane
337748,Brisbane
337749,Brisbane
337750,Brisbane
337751,Melbourne
337752,Sydney
337753,Brisbane
337754,Brisbane
337755,Brisbane
337756,Brisbane
337757,Brisbane
337758,Brisbane
337759,Perth
337760,Brisbane
337761,Perth
337762,Brisbane
337763,Brisbane
337764,Brisbane
337765,Sydney
337766,Brisbane
337767,Brisbane
337768,Brisbane
337769,Brisbane
337770,Melbourne
337771,Brisbane
337772,Brisbane
337773,Brisbane
337774,Brisbane
337775,Brisbane
337776,Brisbane
337777,Brisbane
337778,Brisbane
337779,Brisbane
337780,Brisbane
337781,Brisbane
337782,Brisbane
337783,Brisbane
337784,Sydney
337785,Brisbane
337786,Brisbane
337787,Brisbane
337788,Brisbane
337789,Brisbane
337790,Brisbane
337791,Brisbane
337792,Brisbane
337793,Brisbane
337794,Brisbane
337795,Brisbane
337796,Brisbane
337797,Brisbane
337798,Brisbane
337799,Brisbane
337800,Brisbane
337801,Brisbane
337802,Melbourne
337803,Brisbane
337804,Brisbane
337805,Brisbane
337806,Brisbane
337807,Brisbane
337808,Brisbane
337809,Melbourne
337810,Perth
337811,Brisbane
337812,Brisbane
337813,Brisbane
337814,Brisbane
337815,Brisbane
337816,Brisbane
337817,Brisbane
337818,Brisbane
337819,Brisbane
337820,Brisbane
337821,Brisbane
337822,Brisbane
337823,Brisbane
337824,Brisbane
337825,Brisbane
337826,Perth
337827,Brisbane
337828,Brisbane
337829,Brisbane
337830,Brisbane
337831,Brisbane
337832,Brisbane
337833,Brisbane
337834,Brisbane
337835,Brisbane
337836,Brisbane
337837,Brisbane
337838,Brisbane
337839,Brisbane
337840,Brisbane
337841,Brisbane
337842,Brisbane
337843,Brisbane
337844,Brisbane
337845,Brisbane
337846,Brisbane
337847,Brisbane
337848,Brisbane
337849,Brisbane
337850,Brisbane
337851,Brisbane
337852,Brisbane
337853,Brisbane
337854,Brisbane
337855,Brisbane
337856,Brisbane
337857,Brisbane
337858,Brisbane
337859,Brisbane
337860,Brisbane
337861,Brisbane
337862,Brisbane
337863,Brisbane
337864,Brisbane
337865,Brisbane
337866,Melbourne
337867,Brisbane
337868,Brisbane
337869,Brisbane
337870,Brisbane
337871,Brisbane
337872,Brisbane
337873,Brisbane
337874,Brisbane
337875,Brisbane
337876,Brisbane
337877,Brisbane
337878,Perth
337879,Brisbane
337880,Brisbane
337881,Brisbane
337882,Brisbane
337883,Brisbane
337884,Brisbane
337885,Brisbane
337886,Brisbane
337887,Brisbane
337888,Brisbane
337889,Brisbane
337890,Sydney
337891,Brisbane
337892,Brisbane
337893,Melbourne
337894,Brisbane
337895,Brisbane
337896,Brisbane
337897,Brisbane
337898,Brisbane
337899,Brisbane
337900,Brisbane
337901,Brisbane
337902,Brisbane
337903,Brisbane
337904,Brisbane
337905,Brisbane
337906,Brisbane
337907,Brisbane
337908,Brisbane
337909,Brisbane
337910,Brisbane
337911,Brisbane
337912,Brisbane
337913,Brisbane
337914,Brisbane
337915,Brisbane
337916,Brisbane
337917,Brisbane
337918,Brisbane
337919,Brisbane
337920,Brisbane
337921,Brisbane
337922,Brisbane
337923,Brisbane
337924,Brisbane
337925,Brisbane
337926,Brisbane
337927,Brisbane
337928,Brisbane
337929,Brisbane
337930,Brisbane
337931,Perth
337932,Brisbane
337933,Brisbane
337934,Brisbane
337935,Brisbane
337936,Brisbane
337937,Brisbane
337938,Brisbane
337939,Melbourne
337940,Brisbane
337941,Brisbane
337942,Brisbane
337943,Brisbane
337944,Brisbane
337945,Melbourne
337946,Brisbane
337947,Brisbane
337948,Brisbane
337949,Sydney
337950,Melbourne
337951,Brisbane
337952,Brisbane
337953,Brisbane
337954,Brisbane
337955,Brisbane
337956,Brisbane
337957,Brisbane
337958,Melbourne
337959,Brisbane
337960,Brisbane
337961,Brisbane
337962,Brisbane
337963,Brisbane
337964,Brisbane
337965,Brisbane
337966,Brisbane
337967,Brisbane
337968,Brisbane
337969,Brisbane
337970,Brisbane
337971,Brisbane
337972,Brisbane
337973,Brisbane
337974,Brisbane
337975,Brisbane
337976,Brisbane
337977,Brisbane
337978,Brisbane
337979,Brisbane
337980,Brisbane
337981,Brisbane
337982,Perth
337983,Brisbane
337984,Brisbane
337985,Brisbane
337986,Brisbane
337987,Brisbane
337988,Brisbane
337989,Brisbane
337990,Brisbane
337991,Perth
337992,Sydney
337993,Brisbane
337994,Brisbane
337995,Brisbane
337996,Brisbane
337997,Brisbane
337998,Melbourne
337999,Brisbane
338000,Brisbane
338001,Brisbane
338002,Brisbane
338003,Brisbane
338004,Brisbane
338005,Brisbane
338006,Brisbane
338007,Brisbane
338008,Perth
338009,Brisbane
338010,Brisbane
338011,Brisbane
338012,Brisbane
338013,Brisbane
338014,Brisbane
338015,Brisbane
338016,Brisbane
338017,Brisbane
338018,Brisbane
338019,Brisbane
338020,Sydney
338021,Brisbane
338022,Brisbane
338023,Brisbane
338024,Brisbane
338025,Brisbane
338026,Brisbane
338027,Brisbane
338028,Brisbane
338029,Brisbane
338030,Brisbane
338031,Brisbane
338032,Brisbane
338033,Brisbane
338034,Brisbane
338035,Brisbane
338036,Brisbane
338037,Brisbane
338038,Brisbane
338039,Brisbane
338040,Brisbane
338041,Brisbane
338042,Brisbane
338043,Brisbane
338044,Brisbane
338045,Brisbane
338046,Brisbane
338047,Brisbane
338048,Brisbane
338049,Melbourne
338050,Brisbane
338051,Sydney
338052,Melbourne
338053,Brisbane
338054,Brisbane
338055,Brisbane
338056,Brisbane
338057,Brisbane
338058,Brisbane
338059,Brisbane
338060,Brisbane
338061,Brisbane
338062,Brisbane
338063,Brisbane
338064,Sydney
338065,Brisbane
338066,Brisbane
338067,Brisbane
338068,Brisbane
338069,Brisbane
338070,Brisbane
338071,Brisbane
338072,Brisbane
338073,Brisbane
338074,Brisbane
338075,Brisbane
338076,Brisbane
338077,Brisbane
338078,Brisbane
338079,Brisbane
338080,Brisbane
338081,Brisbane
338082,Brisbane
338083,Brisbane
338084,Perth
338085,Brisbane
338086,Brisbane
338087,Brisbane
338088,Brisbane
338089,Brisbane
338090,Brisbane
338091,Perth
338092,Brisbane
338093,Sydney
338094,Brisbane
338095,Brisbane
338096,Brisbane
338097,Brisbane
338098,Brisbane
338099,Brisbane
338100,Brisbane
338101,Brisbane
338102,Brisbane
338103,Brisbane
338104,Brisbane
338105,Brisbane
338106,Brisbane
338107,Brisbane
338108,Brisbane
338109,Brisbane
338110,Brisbane
338111,Brisbane
338112,Brisbane
338113,Brisbane
338114,Brisbane
338115,Brisbane
338116,Brisbane
338117,Brisbane
338118,Brisbane
338119,Brisbane
338120,Sydney
338121,Brisbane
338122,Brisbane
338123,Brisbane
338124,Brisbane
338125,Brisbane
338126,Brisbane
338127,Brisbane
338128,Brisbane
338129,Brisbane
338130,Brisbane
338131,Brisbane
338132,Sydney
338133,Brisbane
338134,Brisbane
338135,Brisbane
338136,Brisbane
338137,Brisbane
338138,Brisbane
338139,Brisbane
338140,Brisbane
338141,Sydney
338142,Brisbane
338143,Brisbane
338144,Brisbane
338145,Brisbane
338146,Brisbane
338147,Brisbane
338148,Brisbane
338149,Brisbane
338150,Brisbane
338151,Brisbane
338152,Brisbane
338153,Brisbane
338154,Brisbane
338155,Brisbane
338156,Brisbane
338157,Brisbane
338158,Brisbane
338159,Brisbane
338160,Brisbane
338161,Brisbane
338162,Brisbane
338163,Brisbane
338164,Brisbane
338165,Brisbane
338166,Brisbane
338167,Brisbane
338168,Brisbane
338169,Brisbane
338170,Brisbane
338171,Brisbane
338172,Brisbane
338173,Brisbane
338174,Brisbane
338175,Brisbane
338176,Brisbane
338177,Brisbane
338178,Brisbane
338179,Perth
338180,Brisbane
338181,Brisbane
338182,Brisbane
338183,Brisbane
338184,Brisbane
338185,Brisbane
338186,Brisbane
338187,Sydney
338188,Brisbane
338189,Melbourne
338190,Brisbane
338191,Brisbane
338192,Brisbane
338193,Brisbane
338194,Brisbane
338195,Brisbane
338196,Brisbane
338197,Brisbane
338198,Brisbane
338199,Brisbane
338200,Brisbane
338201,Brisbane
338202,Melbourne
338203,Brisbane
338204,Brisbane
338205,Sydney
338206,Sydney
338207,Brisbane
338208,Brisbane
338209,Brisbane
338210,Brisbane
338211,Melbourne
338212,Brisbane
338213,Brisbane
338214,Brisbane
338215,Brisbane
338216,Sydney
338217,Brisbane
338218,Brisbane
338219,Brisbane
338220,Brisbane
338221,Brisbane
338222,Brisbane
338223,Brisbane
338224,Brisbane
338225,Brisbane
338226,Brisbane
338227,Brisbane
338228,Brisbane
338229,Brisbane
338230,Brisbane
338231,Brisbane
338232,Sydney
338233,Brisbane
338234,Brisbane
338235,Perth
338236,Brisbane
338237,Brisbane
338238,Brisbane
338239,Brisbane
338240,Brisbane
338241,Brisbane
338242,Brisbane
338243,Brisbane
338244,Brisbane
338245,Brisbane
338246,Brisbane
338247,Melbourne
338248,Brisbane
338249,Brisbane
338250,Melbourne
338251,Brisbane
338252,Brisbane
338253,Sydney
338254,Brisbane
338255,Brisbane
338256,Brisbane
338257,Brisbane
338258,Brisbane
338259,Brisbane
338260,Brisbane
338261,Brisbane
338262,Brisbane
338263,Brisbane
338264,Brisbane
338265,Brisbane
338266,Melbourne
338267,Brisbane
338268,Brisbane
338269,Brisbane
338270,Brisbane
338271,Brisbane
338272,Brisbane
338273,Brisbane
338274,Brisbane
338275,Brisbane
338276,Brisbane
338277,Brisbane
338278,Brisbane
338279,Brisbane
338280,Brisbane
338281,Brisbane
338282,Brisbane
338283,Brisbane
338284,Brisbane
338285,Brisbane
338286,Brisbane
338287,Brisbane
338288,Brisbane
338289,Brisbane
338290,Brisbane
338291,Melbourne
338292,Brisbane
338293,Brisbane
338294,Brisbane
338295,Brisbane
338296,Brisbane
338297,Brisbane
338298,Brisbane
338299,Brisbane
338300,Brisbane
338301,Brisbane
338302,Brisbane
338303,Perth
338304,Brisbane
338305,Brisbane
338306,Brisbane
338307,Melbourne
338308,Brisbane
338309,Sydney
338310,Brisbane
338311,Brisbane
338312,Sydney
338313,Brisbane
338314,Brisbane
338315,Brisbane
338316,Sydney
338317,Brisbane
338318,Brisbane
338319,Brisbane
338320,Melbourne
338321,Brisbane
338322,Perth
338323,Brisbane
338324,Brisbane
338325,Sydney
338326,Brisbane
338327,Brisbane
338328,Melbourne
338329,Brisbane
338330,Brisbane
338331,Brisbane
338332,Brisbane
338333,Brisbane
338334,Brisbane
338335,Brisbane
338336,Brisbane
338337,Brisbane
338338,Perth
338339,Brisbane
338340,Brisbane
338341,Brisbane
338342,Brisbane
338343,Brisbane
338344,Sydney
338345,Brisbane
338346,Brisbane
338347,Brisbane
338348,Brisbane
338349,Perth
338350,Brisbane
338351,Brisbane
338352,Brisbane
338353,Brisbane
338354,Brisbane
338355,Perth
338356,Brisbane
338357,Brisbane
338358,Brisbane
338359,Brisbane
338360,Brisbane
338361,Melbourne
338362,Brisbane
338363,Brisbane
338364,Brisbane
338365,Sydney
338366,Brisbane
338367,Brisbane
338368,Brisbane
338369,Brisbane
338370,Brisbane
338371,Brisbane
338372,Brisbane
338373,Brisbane
338374,Brisbane
338375,Brisbane
338376,Brisbane
338377,Brisbane
338378,Brisbane
338379,Brisbane
338380,Brisbane
338381,Brisbane
338382,Brisbane
338383,Brisbane
338384,Brisbane
338385,Brisbane
338386,Brisbane
338387,Brisbane
338388,Brisbane
338389,Melbourne
338390,Brisbane
338391,Sydney
338392,Brisbane
338393,Brisbane
338394,Brisbane
338395,Sydney
338396,Brisbane
338397,Brisbane
338398,Brisbane
338399,Brisbane
338400,Brisbane
338401,Brisbane
338402,Brisbane
338403,Brisbane
338404,Brisbane
338405,Brisbane
338406,Brisbane
338407,Brisbane
338408,Brisbane
338409,Brisbane
338410,Melbourne
338411,Brisbane
338412,Brisbane
338413,Brisbane
338414,Brisbane
338415,Brisbane
338416,Brisbane
338417,Melbourne
338418,Brisbane
338419,Brisbane
338420,Brisbane
338421,Brisbane
338422,Brisbane
338423,Brisbane
338424,Brisbane
338425,Brisbane
338426,Brisbane
338427,Brisbane
338428,Brisbane
338429,Brisbane
338430,Brisbane
338431,Brisbane
338432,Brisbane
338433,Brisbane
338434,Melbourne
338435,Brisbane
338436,Brisbane
338437,Brisbane
338438,Brisbane
338439,Brisbane
338440,Brisbane
338441,Brisbane
338442,Brisbane
338443,Brisbane
338444,Melbourne
338445,Brisbane
338446,Sydney
338447,Brisbane
338448,Brisbane
338449,Brisbane
338450,Brisbane
338451,Brisbane
338452,Brisbane
338453,Brisbane
338454,Brisbane
338455,Brisbane
338456,Brisbane
338457,Brisbane
338458,Brisbane
338459,Brisbane
338460,Brisbane
338461,Brisbane
338462,Sydney
338463,Brisbane
338464,Brisbane
338465,Melbourne
338466,Brisbane
338467,Brisbane
338468,Brisbane
338469,Melbourne
338470,Brisbane
338471,Brisbane
338472,Sydney
338473,Brisbane
338474,Brisbane
338475,Brisbane
338476,Brisbane
338477,Brisbane
338478,Brisbane
338479,Brisbane
338480,Brisbane
338481,Brisbane
338482,Brisbane
338483,Brisbane
338484,Brisbane
338485,Brisbane
338486,Brisbane
338487,Brisbane
338488,Brisbane
338489,Brisbane
338490,Brisbane
338491,Brisbane
338492,Brisbane
338493,Brisbane
338494,Brisbane
338495,Brisbane
338496,Brisbane
338497,Brisbane
338498,Brisbane
338499,Brisbane
338500,Brisbane
338501,Brisbane
338502,Brisbane
338503,Brisbane
338504,Brisbane
338505,Sydney
338506,Brisbane
338507,Brisbane
338508,Brisbane
338509,Brisbane
338510,Brisbane
338511,Brisbane
338512,Brisbane
338513,Brisbane
338514,Brisbane
338515,Brisbane
338516,Brisbane
338517,Sydney
338518,Brisbane
338519,Brisbane
338520,Brisbane
338521,Brisbane
338522,Brisbane
338523,Brisbane
338524,Brisbane
338525,Brisbane
338526,Sydney
338527,Brisbane
338528,Brisbane
338529,Brisbane
338530,Brisbane
338531,Brisbane
338532,Brisbane
338533,Brisbane
338534,Brisbane
338535,Brisbane
338536,Brisbane
338537,Brisbane
338538,Brisbane
338539,Brisbane
338540,Brisbane
338541,Brisbane
338542,Brisbane
338543,Brisbane
338544,Brisbane
338545,Brisbane
338546,Brisbane
338547,Brisbane
338548,Brisbane
338549,Brisbane
338550,Brisbane
338551,Brisbane
338552,Melbourne
338553,Perth
338554,Brisbane
338555,Brisbane
338556,Brisbane
338557,Brisbane
338558,Brisbane
338559,Brisbane
338560,Brisbane
338561,Brisbane
338562,Brisbane
338563,Brisbane
338564,Sydney
338565,Brisbane
338566,Brisbane
338567,Brisbane
338568,Brisbane
338569,Brisbane
338570,Brisbane
338571,Melbourne
338572,Brisbane
338573,Brisbane
338574,Brisbane
338575,Brisbane
338576,Brisbane
338577,Brisbane
338578,Brisbane
338579,Brisbane
338580,Brisbane
338581,Brisbane
338582,Brisbane
338583,Brisbane
338584,Brisbane
338585,Brisbane
338586,Brisbane
338587,Brisbane
338588,Brisbane
338589,Brisbane
338590,Brisbane
338591,Brisbane
338592,Brisbane
338593,Brisbane
338594,Brisbane
338595,Brisbane
338596,Brisbane
338597,Brisbane
338598,Brisbane
338599,Brisbane
338600,Brisbane
338601,Brisbane
338602,Brisbane
338603,Melbourne
338604,Brisbane
338605,Brisbane
338606,Brisbane
338607,Brisbane
338608,Brisbane
338609,Brisbane
338610,Sydney
338611,Brisbane
338612,Brisbane
338613,Brisbane
338614,Brisbane
338615,Brisbane
338616,Brisbane
338617,Brisbane
338618,Brisbane
338619,Brisbane
338620,Brisbane
338621,Brisbane
338622,Sydney
338623,Brisbane
338624,Brisbane
338625,Brisbane
338626,Brisbane
338627,Brisbane
338628,Brisbane
338629,Brisbane
338630,Sydney
338631,Brisbane
338632,Brisbane
338633,Brisbane
338634,Brisbane
338635,Brisbane
338636,Melbourne
338637,Brisbane
338638,Brisbane
338639,Brisbane
338640,Brisbane
338641,Brisbane
338642,Brisbane
338643,Brisbane
338644,Brisbane
338645,Brisbane
338646,Sydney
338647,Brisbane
338648,Brisbane
338649,Brisbane
338650,Brisbane
338651,Brisbane
338652,Brisbane
338653,Brisbane
338654,Brisbane
338655,Brisbane
338656,Sydney
338657,Brisbane
338658,Brisbane
338659,Brisbane
338660,Sydney
338661,Brisbane
338662,Brisbane
338663,Brisbane
338664,Brisbane
338665,Brisbane
338666,Brisbane
338667,Brisbane
338668,Brisbane
338669,Brisbane
338670,Brisbane
338671,Melbourne
338672,Melbourne
338673,Brisbane
338674,Brisbane
338675,Sydney
338676,Brisbane
338677,Brisbane
338678,Brisbane
338679,Brisbane
338680,Brisbane
338681,Brisbane
338682,Perth
338683,Brisbane
338684,Brisbane
338685,Brisbane
338686,Brisbane
338687,Brisbane
338688,Brisbane
338689,Brisbane
338690,Brisbane
338691,Brisbane
338692,Perth
338693,Brisbane
338694,Brisbane
338695,Brisbane
338696,Brisbane
338697,Brisbane
338698,Perth
338699,Brisbane
338700,Sydney
338701,Brisbane
338702,Sydney
338703,Brisbane
338704,Brisbane
338705,Sydney
338706,Sydney
338707,Brisbane
338708,Perth
338709,Brisbane
338710,Brisbane
338711,Brisbane
338712,Brisbane
338713,Brisbane
338714,Brisbane
338715,Brisbane
338716,Brisbane
338717,Brisbane
338718,Perth
338719,Brisbane
338720,Brisbane
338721,Brisbane
338722,Brisbane
338723,Brisbane
338724,Brisbane
338725,Brisbane
338726,Brisbane
338727,Perth
338728,Brisbane
338729,Brisbane
338730,Brisbane
338731,Brisbane
338732,Brisbane
338733,Brisbane
338734,Brisbane
338735,Brisbane
338736,Brisbane
338737,Brisbane
338738,Brisbane
338739,Brisbane
338740,Brisbane
338741,Brisbane
338742,Brisbane
338743,Brisbane
338744,Brisbane
338745,Perth
338746,Brisbane
338747,Brisbane
338748,Perth
338749,Brisbane
338750,Brisbane
338751,Brisbane
338752,Brisbane
338753,Brisbane
338754,Brisbane
338755,Brisbane
338756,Sydney
338757,Brisbane
338758,Brisbane
338759,Brisbane
338760,Brisbane
338761,Brisbane
338762,Brisbane
338763,Brisbane
338764,Brisbane
338765,Brisbane
338766,Brisbane
338767,Brisbane
338768,Brisbane
338769,Sydney
338770,Brisbane
338771,Brisbane
338772,Brisbane
338773,Brisbane
338774,Brisbane
338775,Perth
338776,Brisbane
338777,Brisbane
338778,Sydney
338779,Brisbane
338780,Brisbane
338781,Brisbane
338782,Brisbane
338783,Brisbane
338784,Brisbane
338785,Brisbane
338786,Brisbane
338787,Brisbane
338788,Brisbane
338789,Brisbane
338790,Brisbane
338791,Brisbane
338792,Brisbane
338793,Brisbane
338794,Sydney
338795,Brisbane
338796,Brisbane
338797,Sydney
338798,Brisbane
338799,Brisbane
338800,Brisbane
338801,Brisbane
338802,Brisbane
338803,Brisbane
338804,Brisbane
338805,Brisbane
338806,Brisbane
338807,Brisbane
338808,Brisbane
338809,Brisbane
338810,Brisbane
338811,Brisbane
338812,Brisbane
338813,Brisbane
338814,Brisbane
338815,Brisbane
338816,Brisbane
338817,Brisbane
338818,Brisbane
338819,Brisbane
338820,Sydney
338821,Brisbane
338822,Brisbane
338823,Brisbane
338824,Brisbane
338825,Brisbane
338826,Brisbane
338827,Brisbane
338828,Brisbane
338829,Brisbane
338830,Brisbane
338831,Brisbane
338832,Brisbane
338833,Brisbane
338834,Brisbane
338835,Brisbane
338836,Brisbane
338837,Brisbane
338838,Brisbane
338839,Brisbane
338840,Brisbane
338841,Brisbane
338842,Brisbane
338843,Brisbane
338844,Brisbane
338845,Brisbane
338846,Sydney
338847,Brisbane
338848,Brisbane
338849,Brisbane
338850,Brisbane
338851,Brisbane
338852,Brisbane
338853,Brisbane
338854,Brisbane
338855,Brisbane
338856,Brisbane
338857,Brisbane
338858,Sydney
338859,Melbourne
338860,Brisbane
338861,Sydney
338862,Brisbane
338863,Brisbane
338864,Brisbane
338865,Brisbane
338866,Melbourne
338867,Brisbane
338868,Perth
338869,Brisbane
338870,Brisbane
338871,Brisbane
338872,Brisbane
338873,Brisbane
338874,Sydney
338875,Brisbane
338876,Brisbane
338877,Brisbane
338878,Brisbane
338879,Brisbane
338880,Brisbane
338881,Brisbane
338882,Melbourne
338883,Brisbane
338884,Brisbane
338885,Brisbane
338886,Brisbane
338887,Brisbane
338888,Brisbane
338889,Brisbane
338890,Brisbane
338891,Brisbane
338892,Brisbane
338893,Brisbane
338894,Brisbane
338895,Brisbane
338896,Brisbane
338897,Brisbane
338898,Perth
338899,Brisbane
338900,Brisbane
338901,Brisbane
338902,Brisbane
338903,Brisbane
338904,Brisbane
338905,Brisbane
338906,Brisbane
338907,Brisbane
338908,Brisbane
338909,Brisbane
338910,Brisbane
338911,Brisbane
338912,Brisbane
338913,Melbourne
338914,Brisbane
338915,Brisbane
338916,Brisbane
338917,Brisbane
338918,Brisbane
338919,Brisbane
338920,Brisbane
338921,Brisbane
338922,Brisbane
338923,Brisbane
338924,Brisbane
338925,Brisbane
338926,Brisbane
338927,Brisbane
338928,Brisbane
338929,Brisbane
338930,Brisbane
338931,Brisbane
338932,Brisbane
338933,Brisbane
338934,Brisbane
338935,Brisbane
338936,Brisbane
338937,Brisbane
338938,Brisbane
338939,Brisbane
338940,Brisbane
338941,Brisbane
338942,Brisbane
338943,Brisbane
338944,Brisbane
338945,Brisbane
338946,Brisbane
338947,Brisbane
338948,Brisbane
338949,Brisbane
338950,Brisbane
338951,Brisbane
338952,Brisbane
338953,Brisbane
338954,Brisbane
338955,Brisbane
338956,Brisbane
338957,Brisbane
338958,Brisbane
338959,Perth
338960,Brisbane
338961,Brisbane
338962,Brisbane
338963,Brisbane
338964,Brisbane
338965,Sydney
338966,Brisbane
338967,Brisbane
338968,Brisbane
338969,Brisbane
338970,Brisbane
338971,Brisbane
338972,Brisbane
338973,Brisbane
338974,Brisbane
338975,Brisbane
338976,Brisbane
338977,Brisbane
338978,Melbourne
338979,Brisbane
338980,Perth
338981,Sydney
338982,Brisbane
338983,Brisbane
338984,Brisbane
338985,Brisbane
338986,Sydney
338987,Brisbane
338988,Brisbane
338989,Brisbane
338990,Brisbane
338991,Brisbane
338992,Brisbane
338993,Brisbane
338994,Melbourne
338995,Perth
338996,Brisbane
338997,Sydney
338998,Sydney
338999,Brisbane
339000,Brisbane
339001,Brisbane
339002,Brisbane
339003,Brisbane
339004,Perth
339005,Brisbane
339006,Brisbane
339007,Brisbane
339008,Brisbane
339009,Melbourne
339010,Brisbane
339011,Brisbane
339012,Sydney
339013,Brisbane
339014,Brisbane
339015,Brisbane
339016,Brisbane
339017,Brisbane
339018,Melbourne
339019,Brisbane
339020,Brisbane
339021,Brisbane
339022,Brisbane
339023,Brisbane
339024,Brisbane
339025,Brisbane
339026,Brisbane
339027,Brisbane
339028,Brisbane
339029,Sydney
339030,Brisbane
339031,Brisbane
339032,Melbourne
339033,Brisbane
339034,Brisbane
339035,Brisbane
339036,Brisbane
339037,Brisbane
339038,Brisbane
339039,Perth
339040,Brisbane
339041,Brisbane
339042,Brisbane
339043,Brisbane
339044,Brisbane
339045,Brisbane
339046,Brisbane
339047,Brisbane
339048,Perth
339049,Brisbane
339050,Brisbane
339051,Sydney
339052,Brisbane
339053,Brisbane
339054,Brisbane
339055,Melbourne
339056,Brisbane
339057,Brisbane
339058,Brisbane
339059,Brisbane
339060,Sydney
339061,Melbourne
339062,Brisbane
339063,Brisbane
339064,Brisbane
339065,Brisbane
339066,Brisbane
339067,Brisbane
339068,Brisbane
339069,Brisbane
339070,Brisbane
339071,Sydney
339072,Brisbane
339073,Brisbane
339074,Brisbane
339075,Brisbane
339076,Brisbane
339077,Brisbane
339078,Brisbane
339079,Brisbane
339080,Brisbane
339081,Brisbane
339082,Brisbane
339083,Brisbane
339084,Brisbane
339085,Brisbane
339086,Brisbane
339087,Brisbane
339088,Brisbane
339089,Brisbane
339090,Brisbane
339091,Brisbane
339092,Brisbane
339093,Brisbane
339094,Brisbane
339095,Brisbane
339096,Brisbane
339097,Brisbane
339098,Brisbane
339099,Brisbane
339100,Brisbane
339101,Melbourne
339102,Brisbane
339103,Brisbane
339104,Brisbane
339105,Brisbane
339106,Brisbane
339107,Brisbane
339108,Brisbane
339109,Brisbane
339110,Sydney
339111,Perth
339112,Brisbane
339113,Brisbane
339114,Brisbane
339115,Brisbane
339116,Brisbane
339117,Brisbane
339118,Brisbane
339119,Brisbane
339120,Brisbane
339121,Brisbane
339122,Brisbane
339123,Brisbane
339124,Brisbane
339125,Brisbane
339126,Brisbane
339127,Brisbane
339128,Brisbane
339129,Brisbane
339130,Perth
339131,Brisbane
339132,Brisbane
339133,Brisbane
339134,Sydney
339135,Brisbane
339136,Brisbane
339137,Brisbane
339138,Perth
339139,Brisbane
339140,Brisbane
339141,Brisbane
339142,Brisbane
339143,Brisbane
339144,Brisbane
339145,Brisbane
339146,Brisbane
339147,Sydney
339148,Brisbane
339149,Brisbane
339150,Brisbane
339151,Brisbane
339152,Brisbane
339153,Brisbane
339154,Brisbane
339155,Sydney
339156,Brisbane
339157,Brisbane
339158,Perth
339159,Sydney
339160,Brisbane
339161,Brisbane
339162,Brisbane
339163,Brisbane
339164,Brisbane
339165,Sydney
339166,Brisbane
339167,Brisbane
339168,Brisbane
339169,Brisbane
339170,Brisbane
339171,Brisbane
339172,Brisbane
339173,Brisbane
339174,Brisbane
339175,Melbourne
339176,Brisbane
339177,Brisbane
339178,Brisbane
339179,Sydney
339180,Brisbane
339181,Brisbane
339182,Brisbane
339183,Brisbane
339184,Brisbane
339185,Brisbane
339186,Melbourne
339187,Brisbane
339188,Brisbane
339189,Brisbane
339190,Brisbane
339191,Brisbane
339192,Brisbane
339193,Brisbane
339194,Brisbane
339195,Brisbane
339196,Brisbane
339197,Brisbane
339198,Perth
339199,Sydney
339200,Brisbane
339201,Brisbane
339202,Brisbane
339203,Brisbane
339204,Brisbane
339205,Brisbane
339206,Brisbane
339207,Brisbane
339208,Brisbane
339209,Brisbane
339210,Brisbane
339211,Brisbane
339212,Brisbane
339213,Brisbane
339214,Brisbane
339215,Brisbane
339216,Brisbane
339217,Brisbane
339218,Brisbane
339219,Brisbane
339220,Brisbane
339221,Brisbane
339222,Brisbane
339223,Brisbane
339224,Brisbane
339225,Brisbane
339226,Brisbane
339227,Brisbane
339228,Brisbane
339229,Brisbane
339230,Brisbane
339231,Brisbane
339232,Brisbane
339233,Brisbane
339234,Brisbane
339235,Brisbane
339236,Brisbane
339237,Brisbane
339238,Sydney
339239,Brisbane
339240,Brisbane
339241,Brisbane
339242,Brisbane
339243,Brisbane
339244,Brisbane
339245,Brisbane
339246,Brisbane
339247,Brisbane
339248,Brisbane
339249,Brisbane
339250,Brisbane
339251,Brisbane
339252,Brisbane
339253,Brisbane
339254,Brisbane
339255,Sydney
339256,Brisbane
339257,Brisbane
339258,Brisbane
339259,Brisbane
339260,Brisbane
339261,Brisbane
339262,Brisbane
339263,Brisbane
339264,Brisbane
339265,Perth
339266,Brisbane
339267,Brisbane
339268,Brisbane
339269,Perth
339270,Brisbane
339271,Brisbane
339272,Brisbane
339273,Melbourne
339274,Brisbane
339275,Sydney
339276,Brisbane
339277,Brisbane
339278,Brisbane
339279,Brisbane
339280,Brisbane
339281,Brisbane
339282,Perth
339283,Perth
339284,Brisbane
339285,Brisbane
339286,Brisbane
339287,Brisbane
339288,Brisbane
339289,Brisbane
339290,Brisbane
339291,Brisbane
339292,Brisbane
339293,Brisbane
339294,Brisbane
339295,Brisbane
339296,Brisbane
339297,Brisbane
339298,Brisbane
339299,Brisbane
339300,Brisbane
339301,Melbourne
339302,Brisbane
339303,Brisbane
339304,Brisbane
339305,Brisbane
339306,Brisbane
339307,Brisbane
339308,Brisbane
339309,Brisbane
339310,Brisbane
339311,Brisbane
339312,Brisbane
339313,Brisbane
339314,Brisbane
339315,Perth
339316,Perth
339317,Sydney
339318,Sydney
339319,Brisbane
339320,Perth
339321,Perth
339322,Brisbane
339323,Brisbane
339324,Brisbane
339325,Brisbane
339326,Brisbane
339327,Brisbane
339328,Brisbane
339329,Brisbane
339330,Brisbane
339331,Sydney
339332,Brisbane
339333,Brisbane
339334,Brisbane
339335,Brisbane
339336,Sydney
339337,Brisbane
339338,Brisbane
339339,Brisbane
339340,Sydney
339341,Brisbane
339342,Brisbane
339343,Brisbane
339344,Brisbane
339345,Sydney
339346,Brisbane
339347,Brisbane
339348,Brisbane
339349,Brisbane
339350,Brisbane
339351,Brisbane
339352,Brisbane
339353,Brisbane
339354,Brisbane
339355,Perth
339356,Brisbane
339357,Brisbane
339358,Brisbane
339359,Brisbane
339360,Melbourne
339361,Brisbane
339362,Brisbane
339363,Brisbane
339364,Brisbane
339365,Brisbane
339366,Brisbane
339367,Brisbane
339368,Brisbane
339369,Brisbane
339370,Brisbane
339371,Brisbane
339372,Brisbane
339373,Brisbane
339374,Brisbane
339375,Brisbane
339376,Brisbane
339377,Brisbane
339378,Brisbane
339379,Brisbane
339380,Brisbane
339381,Brisbane
339382,Brisbane
339383,Brisbane
339384,Brisbane
339385,Brisbane
339386,Brisbane
339387,Brisbane
339388,Brisbane
339389,Brisbane
339390,Sydney
339391,Brisbane
339392,Brisbane
339393,Melbourne
339394,Brisbane
339395,Brisbane
339396,Brisbane
339397,Brisbane
339398,Brisbane
339399,Brisbane
339400,Brisbane
339401,Brisbane
339402,Brisbane
339403,Brisbane
339404,Brisbane
339405,Brisbane
339406,Brisbane
339407,Brisbane
339408,Brisbane
339409,Perth
339410,Brisbane
339411,Brisbane
339412,Brisbane
339413,Brisbane
339414,Brisbane
339415,Brisbane
339416,Brisbane
339417,Brisbane
339418,Brisbane
339419,Brisbane
339420,Sydney
339421,Brisbane
339422,Brisbane
339423,Brisbane
339424,Brisbane
339425,Brisbane
339426,Sydney
339427,Brisbane
339428,Brisbane
339429,Perth
339430,Brisbane
339431,Brisbane
339432,Brisbane
339433,Brisbane
339434,Brisbane
339435,Brisbane
339436,Brisbane
339437,Brisbane
339438,Brisbane
339439,Brisbane
339440,Brisbane
339441,Brisbane
339442,Brisbane
339443,Brisbane
339444,Brisbane
339445,Brisbane
339446,Brisbane
339447,Brisbane
339448,Brisbane
339449,Brisbane
339450,Brisbane
339451,Brisbane
339452,Brisbane
339453,Brisbane
339454,Brisbane
339455,Melbourne
339456,Melbourne
339457,Brisbane
339458,Brisbane
339459,Brisbane
339460,Brisbane
339461,Perth
339462,Brisbane
339463,Brisbane
339464,Brisbane
339465,Brisbane
339466,Brisbane
339467,Brisbane
339468,Brisbane
339469,Brisbane
339470,Brisbane
339471,Brisbane
339472,Brisbane
339473,Brisbane
339474,Brisbane
339475,Sydney
339476,Sydney
339477,Brisbane
339478,Brisbane
339479,Brisbane
339480,Brisbane
339481,Brisbane
339482,Brisbane
339483,Brisbane
339484,Brisbane
339485,Brisbane
339486,Brisbane
339487,Brisbane
339488,Brisbane
339489,Brisbane
339490,Brisbane
339491,Brisbane
339492,Brisbane
339493,Brisbane
339494,Brisbane
339495,Brisbane
339496,Brisbane
339497,Brisbane
339498,Brisbane
339499,Brisbane
339500,Brisbane
339501,Brisbane
339502,Brisbane
339503,Brisbane
339504,Brisbane
339505,Brisbane
339506,Brisbane
339507,Melbourne
339508,Brisbane
339509,Brisbane
339510,Brisbane
339511,Brisbane
339512,Brisbane
339513,Brisbane
339514,Brisbane
339515,Brisbane
339516,Brisbane
339517,Brisbane
339518,Brisbane
339519,Brisbane
339520,Brisbane
339521,Brisbane
339522,Brisbane
339523,Brisbane
339524,Brisbane
339525,Brisbane
339526,Brisbane
339527,Perth
339528,Brisbane
339529,Sydney
339530,Brisbane
339531,Brisbane
339532,Brisbane
339533,Brisbane
339534,Brisbane
339535,Brisbane
339536,Brisbane
339537,Brisbane
339538,Brisbane
339539,Brisbane
339540,Brisbane
339541,Brisbane
339542,Melbourne
339543,Sydney
339544,Brisbane
339545,Brisbane
339546,Brisbane
339547,Brisbane
339548,Brisbane
339549,Brisbane
339550,Brisbane
339551,Brisbane
339552,Brisbane
339553,Brisbane
339554,Brisbane
339555,Brisbane
339556,Brisbane
339557,Brisbane
339558,Brisbane
339559,Brisbane
339560,Brisbane
339561,Perth
339562,Brisbane
339563,Brisbane
339564,Brisbane
339565,Brisbane
339566,Brisbane
339567,Brisbane
339568,Brisbane
339569,Melbourne
339570,Brisbane
339571,Brisbane
339572,Melbourne
339573,Brisbane
339574,Brisbane
339575,Perth
339576,Brisbane
339577,Brisbane
339578,Brisbane
339579,Brisbane
339580,Brisbane
339581,Perth
339582,Brisbane
339583,Brisbane
339584,Brisbane
339585,Brisbane
339586,Brisbane
339587,Brisbane
339588,Brisbane
339589,Brisbane
339590,Perth
339591,Brisbane
339592,Brisbane
339593,Brisbane
339594,Sydney
339595,Brisbane
339596,Brisbane
339597,Brisbane
339598,Brisbane
339599,Brisbane
339600,Brisbane
339601,Brisbane
339602,Brisbane
339603,Brisbane
339604,Brisbane
339605,Brisbane
339606,Brisbane
339607,Brisbane
339608,Brisbane
339609,Brisbane
339610,Brisbane
339611,Brisbane
339612,Brisbane
339613,Brisbane
339614,Brisbane
339615,Sydney
339616,Brisbane
339617,Brisbane
339618,Brisbane
339619,Sydney
339620,Brisbane
339621,Brisbane
339622,Brisbane
339623,Brisbane
339624,Brisbane
339625,Brisbane
339626,Brisbane
339627,Brisbane
339628,Brisbane
339629,Brisbane
339630,Brisbane
339631,Brisbane
339632,Brisbane
339633,Brisbane
339634,Melbourne
339635,Brisbane
339636,Brisbane
339637,Brisbane
339638,Brisbane
339639,Brisbane
339640,Brisbane
339641,Brisbane
339642,Brisbane
339643,Brisbane
339644,Brisbane
339645,Brisbane
339646,Brisbane
339647,Brisbane
339648,Brisbane
339649,Brisbane
339650,Brisbane
339651,Melbourne
339652,Brisbane
339653,Perth
339654,Brisbane
339655,Brisbane
339656,Brisbane
339657,Brisbane
339658,Brisbane
339659,Brisbane
339660,Brisbane
339661,Brisbane
339662,Brisbane
339663,Sydney
339664,Sydney
339665,Brisbane
339666,Brisbane
339667,Brisbane
339668,Brisbane
339669,Brisbane
339670,Brisbane
339671,Brisbane
339672,Brisbane
339673,Brisbane
339674,Brisbane
339675,Perth
339676,Melbourne
339677,Brisbane
339678,Brisbane
339679,Brisbane
339680,Brisbane
339681,Brisbane
339682,Brisbane
339683,Brisbane
339684,Sydney
339685,Sydney
339686,Brisbane
339687,Brisbane
339688,Brisbane
339689,Brisbane
339690,Brisbane
339691,Brisbane
339692,Brisbane
339693,Brisbane
339694,Brisbane
339695,Brisbane
339696,Brisbane
339697,Brisbane
339698,Brisbane
339699,Brisbane
339700,Brisbane
339701,Brisbane
339702,Brisbane
339703,Brisbane
339704,Brisbane
339705,Brisbane
339706,Brisbane
339707,Brisbane
339708,Brisbane
339709,Melbourne
339710,Brisbane
339711,Brisbane
339712,Brisbane
339713,Brisbane
339714,Brisbane
339715,Brisbane
339716,Brisbane
339717,Brisbane
339718,Brisbane
339719,Brisbane
339720,Brisbane
339721,Brisbane
339722,Brisbane
339723,Perth
339724,Brisbane
339725,Brisbane
339726,Brisbane
339727,Brisbane
339728,Brisbane
339729,Brisbane
339730,Perth
339731,Brisbane
339732,Brisbane
339733,Perth
339734,Brisbane
339735,Brisbane
339736,Sydney
339737,Brisbane
339738,Brisbane
339739,Brisbane
339740,Brisbane
339741,Brisbane
339742,Brisbane
339743,Brisbane
339744,Melbourne
339745,Brisbane
339746,Brisbane
339747,Brisbane
339748,Brisbane
339749,Brisbane
339750,Brisbane
339751,Brisbane
339752,Brisbane
339753,Brisbane
339754,Brisbane
339755,Brisbane
339756,Brisbane
339757,Brisbane
339758,Brisbane
339759,Brisbane
339760,Brisbane
339761,Brisbane
339762,Sydney
339763,Brisbane
339764,Sydney
339765,Brisbane
339766,Brisbane
339767,Brisbane
339768,Brisbane
339769,Brisbane
339770,Brisbane
339771,Brisbane
339772,Brisbane
339773,Brisbane
339774,Brisbane
339775,Brisbane
339776,Brisbane
339777,Brisbane
339778,Brisbane
339779,Brisbane
339780,Brisbane
339781,Brisbane
339782,Brisbane
339783,Brisbane
339784,Brisbane
339785,Brisbane
339786,Brisbane
339787,Brisbane
339788,Brisbane
339789,Brisbane
339790,Brisbane
339791,Brisbane
339792,Brisbane
339793,Brisbane
339794,Brisbane
339795,Brisbane
339796,Perth
339797,Brisbane
339798,Brisbane
339799,Brisbane
339800,Brisbane
339801,Perth
339802,Brisbane
339803,Brisbane
339804,Brisbane
339805,Brisbane
339806,Brisbane
339807,Brisbane
339808,Brisbane
339809,Brisbane
339810,Brisbane
339811,Brisbane
339812,Brisbane
339813,Brisbane
339814,Brisbane
339815,Brisbane
339816,Brisbane
339817,Brisbane
339818,Brisbane
339819,Brisbane
339820,Brisbane
339821,Brisbane
339822,Perth
339823,Brisbane
339824,Brisbane
339825,Brisbane
339826,Brisbane
339827,Brisbane
339828,Brisbane
339829,Brisbane
339830,Brisbane
339831,Brisbane
339832,Brisbane
339833,Melbourne
339834,Brisbane
339835,Brisbane
339836,Brisbane
339837,Brisbane
339838,Brisbane
339839,Brisbane
339840,Brisbane
339841,Brisbane
339842,Brisbane
339843,Perth
339844,Brisbane
339845,Brisbane
339846,Brisbane
339847,Brisbane
339848,Brisbane
339849,Perth
339850,Brisbane
339851,Melbourne
339852,Brisbane
339853,Sydney
339854,Brisbane
339855,Brisbane
339856,Brisbane
339857,Brisbane
339858,Melbourne
339859,Brisbane
339860,Sydney
339861,Brisbane
339862,Brisbane
339863,Brisbane
339864,Brisbane
339865,Melbourne
339866,Perth
339867,Brisbane
339868,Brisbane
339869,Sydney
339870,Brisbane
339871,Brisbane
339872,Brisbane
339873,Brisbane
339874,Brisbane
339875,Brisbane
339876,Brisbane
339877,Brisbane
339878,Brisbane
339879,Brisbane
339880,Brisbane
339881,Melbourne
339882,Brisbane
339883,Brisbane
339884,Brisbane
339885,Brisbane
339886,Brisbane
339887,Brisbane
339888,Brisbane
339889,Brisbane
339890,Brisbane
339891,Brisbane
339892,Brisbane
339893,Brisbane
339894,Brisbane
339895,Brisbane
339896,Brisbane
339897,Brisbane
339898,Brisbane
339899,Brisbane
339900,Brisbane
339901,Brisbane
339902,Brisbane
339903,Brisbane
339904,Brisbane
339905,Sydney
339906,Brisbane
339907,Brisbane
339908,Brisbane
339909,Sydney
339910,Melbourne
339911,Brisbane
339912,Brisbane
339913,Brisbane
339914,Perth
339915,Brisbane
339916,Brisbane
339917,Brisbane
339918,Brisbane
339919,Brisbane
339920,Brisbane
339921,Sydney
339922,Brisbane
339923,Brisbane
339924,Brisbane
339925,Perth
339926,Perth
339927,Brisbane
339928,Brisbane
339929,Brisbane
339930,Brisbane
339931,Brisbane
339932,Brisbane
339933,Brisbane
339934,Brisbane
339935,Brisbane
339936,Brisbane
339937,Sydney
339938,Brisbane
339939,Brisbane
339940,Sydney
339941,Brisbane
339942,Brisbane
339943,Brisbane
339944,Brisbane
339945,Brisbane
339946,Brisbane
339947,Perth
339948,Brisbane
339949,Brisbane
339950,Brisbane
339951,Brisbane
339952,Brisbane
339953,Brisbane
339954,Brisbane
339955,Perth
339956,Brisbane
339957,Brisbane
339958,Brisbane
339959,Brisbane
339960,Brisbane
339961,Brisbane
339962,Brisbane
339963,Brisbane
339964,Brisbane
339965,Brisbane
339966,Brisbane
339967,Brisbane
339968,Brisbane
339969,Brisbane
339970,Perth
339971,Brisbane
339972,Brisbane
339973,Brisbane
339974,Brisbane
339975,Sydney
339976,Brisbane
339977,Brisbane
339978,Brisbane
339979,Brisbane
339980,Brisbane
339981,Brisbane
339982,Brisbane
339983,Brisbane
339984,Brisbane
339985,Brisbane
339986,Sydney
339987,Brisbane
339988,Brisbane
339989,Brisbane
339990,Brisbane
339991,Brisbane
339992,Brisbane
339993,Brisbane
339994,Brisbane
339995,Brisbane
339996,Brisbane
339997,Brisbane
339998,Brisbane
339999,Brisbane
340000,Brisbane
340001,Brisbane
340002,Brisbane
340003,Brisbane
340004,Melbourne
340005,Brisbane
340006,Brisbane
340007,Brisbane
340008,Brisbane
340009,Brisbane
340010,Brisbane
340011,Brisbane
340012,Brisbane
340013,Brisbane
340014,Brisbane
340015,Sydney
340016,Brisbane
340017,Brisbane
340018,Brisbane
340019,Brisbane
340020,Brisbane
340021,Brisbane
340022,Brisbane
340023,Brisbane
340024,Brisbane
340025,Brisbane
340026,Brisbane
340027,Brisbane
340028,Brisbane
340029,Brisbane
340030,Brisbane
340031,Brisbane
340032,Brisbane
340033,Brisbane
340034,Brisbane
340035,Brisbane
340036,Brisbane
340037,Brisbane
340038,Brisbane
340039,Brisbane
340040,Brisbane
340041,Brisbane
340042,Brisbane
340043,Brisbane
340044,Brisbane
340045,Brisbane
340046,Brisbane
340047,Brisbane
340048,Brisbane
340049,Brisbane
340050,Brisbane
340051,Brisbane
340052,Brisbane
340053,Brisbane
340054,Sydney
340055,Brisbane
340056,Brisbane
340057,Brisbane
340058,Brisbane
340059,Brisbane
340060,Brisbane
340061,Brisbane
340062,Brisbane
340063,Brisbane
340064,Brisbane
340065,Brisbane
340066,Melbourne
340067,Brisbane
340068,Brisbane
340069,Brisbane
340070,Brisbane
340071,Brisbane
340072,Brisbane
340073,Brisbane
340074,Brisbane
340075,Brisbane
340076,Brisbane
340077,Brisbane
340078,Brisbane
340079,Brisbane
340080,Brisbane
340081,Brisbane
340082,Brisbane
340083,Brisbane
340084,Brisbane
340085,Brisbane
340086,Brisbane
340087,Brisbane
340088,Brisbane
340089,Brisbane
340090,Perth
340091,Sydney
340092,Brisbane
340093,Brisbane
340094,Brisbane
340095,Brisbane
340096,Sydney
340097,Brisbane
340098,Perth
340099,Brisbane
340100,Brisbane
340101,Brisbane
340102,Brisbane
340103,Brisbane
340104,Brisbane
340105,Melbourne
340106,Perth
340107,Melbourne
340108,Brisbane
340109,Brisbane
340110,Sydney
340111,Brisbane
340112,Perth
340113,Sydney
340114,Brisbane
340115,Brisbane
340116,Brisbane
340117,Brisbane
340118,Brisbane
340119,Brisbane
340120,Brisbane
340121,Brisbane
340122,Brisbane
340123,Brisbane
340124,Brisbane
340125,Brisbane
340126,Brisbane
340127,Brisbane
340128,Melbourne
340129,Brisbane
340130,Brisbane
340131,Melbourne
340132,Brisbane
340133,Brisbane
340134,Brisbane
340135,Brisbane
340136,Brisbane
340137,Brisbane
340138,Brisbane
340139,Brisbane
340140,Brisbane
340141,Brisbane
340142,Brisbane
340143,Brisbane
340144,Brisbane
340145,Brisbane
340146,Brisbane
340147,Brisbane
340148,Brisbane
340149,Brisbane
340150,Brisbane
340151,Brisbane
340152,Brisbane
340153,Brisbane
340154,Brisbane
340155,Brisbane
340156,Brisbane
340157,Brisbane
340158,Brisbane
340159,Brisbane
340160,Perth
340161,Brisbane
340162,Brisbane
340163,Perth
340164,Brisbane
340165,Perth
340166,Brisbane
340167,Brisbane
340168,Brisbane
340169,Brisbane
340170,Brisbane
340171,Brisbane
340172,Brisbane
340173,Brisbane
340174,Brisbane
340175,Brisbane
340176,Brisbane
340177,Brisbane
340178,Brisbane
340179,Brisbane
340180,Brisbane
340181,Brisbane
340182,Brisbane
340183,Brisbane
340184,Brisbane
340185,Brisbane
340186,Brisbane
340187,Brisbane
340188,Brisbane
340189,Brisbane
340190,Brisbane
340191,Brisbane
340192,Brisbane
340193,Brisbane
340194,Perth
340195,Brisbane
340196,Brisbane
340197,Brisbane
340198,Brisbane
340199,Brisbane
340200,Brisbane
340201,Brisbane
340202,Brisbane
340203,Brisbane
340204,Brisbane
340205,Sydney
340206,Brisbane
340207,Brisbane
340208,Brisbane
340209,Brisbane
340210,Perth
340211,Perth
340212,Brisbane
340213,Brisbane
340214,Brisbane
340215,Brisbane
340216,Brisbane
340217,Brisbane
340218,Brisbane
340219,Brisbane
340220,Brisbane
340221,Brisbane
340222,Brisbane
340223,Brisbane
340224,Brisbane
340225,Brisbane
340226,Brisbane
340227,Brisbane
340228,Melbourne
340229,Brisbane
340230,Brisbane
340231,Perth
340232,Brisbane
340233,Brisbane
340234,Brisbane
340235,Brisbane
340236,Brisbane
340237,Brisbane
340238,Brisbane
340239,Brisbane
340240,Brisbane
340241,Brisbane
340242,Brisbane
340243,Brisbane
340244,Brisbane
340245,Brisbane
340246,Brisbane
340247,Brisbane
340248,Brisbane
340249,Brisbane
340250,Brisbane
340251,Brisbane
340252,Brisbane
340253,Brisbane
340254,Brisbane
340255,Brisbane
340256,Brisbane
340257,Brisbane
340258,Brisbane
340259,Brisbane
340260,Brisbane
340261,Brisbane
340262,Brisbane
340263,Brisbane
340264,Brisbane
340265,Brisbane
340266,Brisbane
340267,Brisbane
340268,Brisbane
340269,Brisbane
340270,Brisbane
340271,Brisbane
340272,Brisbane
340273,Brisbane
340274,Brisbane
340275,Brisbane
340276,Brisbane
340277,Brisbane
340278,Brisbane
340279,Brisbane
340280,Brisbane
340281,Brisbane
340282,Brisbane
340283,Brisbane
340284,Melbourne
340285,Brisbane
340286,Brisbane
340287,Sydney
340288,Brisbane
340289,Brisbane
340290,Melbourne
340291,Brisbane
340292,Brisbane
340293,Brisbane
340294,Brisbane
340295,Brisbane
340296,Brisbane
340297,Brisbane
340298,Brisbane
340299,Brisbane
340300,Brisbane
340301,Brisbane
340302,Brisbane
340303,Brisbane
340304,Brisbane
340305,Brisbane
340306,Brisbane
340307,Perth
340308,Brisbane
340309,Brisbane
340310,Melbourne
340311,Brisbane
340312,Brisbane
340313,Brisbane
340314,Brisbane
340315,Brisbane
340316,Brisbane
340317,Brisbane
340318,Brisbane
340319,Brisbane
340320,Brisbane
340321,Sydney
340322,Brisbane
340323,Brisbane
340324,Sydney
340325,Brisbane
340326,Brisbane
340327,Brisbane
340328,Brisbane
340329,Brisbane
340330,Brisbane
340331,Brisbane
340332,Brisbane
340333,Perth
340334,Brisbane
340335,Brisbane
340336,Perth
340337,Brisbane
340338,Brisbane
340339,Brisbane
340340,Brisbane
340341,Brisbane
340342,Brisbane
340343,Brisbane
340344,Sydney
340345,Brisbane
340346,Brisbane
340347,Brisbane
340348,Brisbane
340349,Perth
340350,Brisbane
340351,Melbourne
340352,Perth
340353,Brisbane
340354,Brisbane
340355,Brisbane
340356,Brisbane
340357,Brisbane
340358,Brisbane
340359,Brisbane
340360,Brisbane
340361,Brisbane
340362,Brisbane
340363,Brisbane
340364,Brisbane
340365,Perth
340366,Brisbane
340367,Brisbane
340368,Brisbane
340369,Melbourne
340370,Brisbane
340371,Brisbane
340372,Brisbane
340373,Brisbane
340374,Sydney
340375,Brisbane
340376,Brisbane
340377,Brisbane
340378,Brisbane
340379,Perth
340380,Brisbane
340381,Brisbane
340382,Brisbane
340383,Sydney
340384,Brisbane
340385,Brisbane
340386,Perth
340387,Brisbane
340388,Brisbane
340389,Brisbane
340390,Brisbane
340391,Brisbane
340392,Brisbane
340393,Brisbane
340394,Brisbane
340395,Brisbane
340396,Brisbane
340397,Brisbane
340398,Brisbane
340399,Brisbane
340400,Brisbane
340401,Brisbane
340402,Brisbane
340403,Brisbane
340404,Brisbane
340405,Brisbane
340406,Brisbane
340407,Brisbane
340408,Brisbane
340409,Brisbane
340410,Brisbane
340411,Brisbane
340412,Brisbane
340413,Brisbane
340414,Brisbane
340415,Brisbane
340416,Brisbane
340417,Brisbane
340418,Brisbane
340419,Brisbane
340420,Brisbane
340421,Brisbane
340422,Brisbane
340423,Brisbane
340424,Brisbane
340425,Brisbane
340426,Brisbane
340427,Brisbane
340428,Brisbane
340429,Brisbane
340430,Brisbane
340431,Perth
340432,Brisbane
340433,Brisbane
340434,Brisbane
340435,Brisbane
340436,Sydney
340437,Brisbane
340438,Brisbane
340439,Brisbane
340440,Brisbane
340441,Brisbane
340442,Brisbane
340443,Perth
340444,Brisbane
340445,Brisbane
340446,Brisbane
340447,Brisbane
340448,Brisbane
340449,Brisbane
340450,Brisbane
340451,Brisbane
340452,Brisbane
340453,Brisbane
340454,Brisbane
340455,Brisbane
340456,Brisbane
340457,Brisbane
340458,Brisbane
340459,Brisbane
340460,Brisbane
340461,Brisbane
340462,Brisbane
340463,Brisbane
340464,Brisbane
340465,Brisbane
340466,Brisbane
340467,Brisbane
340468,Brisbane
340469,Brisbane
340470,Brisbane
340471,Brisbane
340472,Brisbane
340473,Brisbane
340474,Brisbane
340475,Brisbane
340476,Brisbane
340477,Brisbane
340478,Brisbane
340479,Brisbane
340480,Brisbane
340481,Brisbane
340482,Brisbane
340483,Sydney
340484,Brisbane
340485,Brisbane
340486,Brisbane
340487,Brisbane
340488,Brisbane
340489,Melbourne
340490,Brisbane
340491,Brisbane
340492,Brisbane
340493,Melbourne
340494,Brisbane
340495,Brisbane
340496,Brisbane
340497,Perth
340498,Brisbane
340499,Brisbane
340500,Brisbane
340501,Brisbane
340502,Brisbane
340503,Brisbane
340504,Brisbane
340505,Brisbane
340506,Sydney
340507,Brisbane
340508,Brisbane
340509,Brisbane
340510,Sydney
340511,Perth
340512,Brisbane
340513,Melbourne
340514,Brisbane
340515,Brisbane
340516,Brisbane
340517,Brisbane
340518,Brisbane
340519,Brisbane
340520,Sydney
340521,Brisbane
340522,Brisbane
340523,Brisbane
340524,Perth
340525,Melbourne
340526,Brisbane
340527,Brisbane
340528,Brisbane
340529,Brisbane
340530,Brisbane
340531,Brisbane
340532,Brisbane
340533,Brisbane
340534,Perth
340535,Sydney
340536,Brisbane
340537,Brisbane
340538,Melbourne
340539,Brisbane
340540,Brisbane
340541,Brisbane
340542,Sydney
340543,Brisbane
340544,Brisbane
340545,Brisbane
340546,Brisbane
340547,Brisbane
340548,Brisbane
340549,Brisbane
340550,Brisbane
340551,Melbourne
340552,Brisbane
340553,Brisbane
340554,Brisbane
340555,Brisbane
340556,Brisbane
340557,Melbourne
340558,Brisbane
340559,Brisbane
340560,Brisbane
340561,Brisbane
340562,Brisbane
340563,Brisbane
340564,Sydney
340565,Brisbane
340566,Brisbane
340567,Brisbane
340568,Melbourne
340569,Brisbane
340570,Brisbane
340571,Perth
340572,Brisbane
340573,Brisbane
340574,Brisbane
340575,Brisbane
340576,Brisbane
340577,Brisbane
340578,Brisbane
340579,Brisbane
340580,Brisbane
340581,Brisbane
340582,Brisbane
340583,Brisbane
340584,Brisbane
340585,Brisbane
340586,Brisbane
340587,Brisbane
340588,Brisbane
340589,Brisbane
340590,Brisbane
340591,Brisbane
340592,Brisbane
340593,Brisbane
340594,Brisbane
340595,Brisbane
340596,Brisbane
340597,Brisbane
340598,Brisbane
340599,Brisbane
340600,Brisbane
340601,Melbourne
340602,Brisbane
340603,Brisbane
340604,Sydney
340605,Brisbane
340606,Brisbane
340607,Brisbane
340608,Brisbane
340609,Brisbane
340610,Brisbane
340611,Brisbane
340612,Brisbane
340613,Brisbane
340614,Brisbane
340615,Brisbane
340616,Brisbane
340617,Brisbane
340618,Brisbane
340619,Brisbane
340620,Brisbane
340621,Sydney
340622,Brisbane
340623,Brisbane
340624,Sydney
340625,Brisbane
340626,Brisbane
340627,Brisbane
340628,Brisbane
340629,Brisbane
340630,Brisbane
340631,Brisbane
340632,Brisbane
340633,Brisbane
340634,Brisbane
340635,Brisbane
340636,Brisbane
340637,Brisbane
340638,Brisbane
340639,Brisbane
340640,Brisbane
340641,Brisbane
340642,Brisbane
340643,Melbourne
340644,Brisbane
340645,Brisbane
340646,Brisbane
340647,Brisbane
340648,Brisbane
340649,Brisbane
340650,Brisbane
340651,Brisbane
340652,Brisbane
340653,Brisbane
340654,Brisbane
340655,Brisbane
340656,Sydney
340657,Brisbane
340658,Brisbane
340659,Brisbane
340660,Brisbane
340661,Brisbane
340662,Brisbane
340663,Brisbane
340664,Brisbane
340665,Brisbane
340666,Brisbane
340667,Brisbane
340668,Brisbane
340669,Brisbane
340670,Brisbane
340671,Brisbane
340672,Sydney
340673,Brisbane
340674,Brisbane
340675,Brisbane
340676,Brisbane
340677,Brisbane
340678,Brisbane
340679,Brisbane
340680,Brisbane
340681,Brisbane
340682,Brisbane
340683,Brisbane
340684,Brisbane
340685,Brisbane
340686,Brisbane
340687,Brisbane
340688,Brisbane
340689,Brisbane
340690,Brisbane
340691,Brisbane
340692,Brisbane
340693,Brisbane
340694,Brisbane
340695,Brisbane
340696,Brisbane
340697,Brisbane
340698,Brisbane
340699,Brisbane
340700,Brisbane
340701,Brisbane
340702,Brisbane
340703,Brisbane
340704,Brisbane
340705,Brisbane
340706,Sydney
340707,Brisbane
340708,Brisbane
340709,Brisbane
340710,Brisbane
340711,Brisbane
340712,Brisbane
340713,Brisbane
340714,Sydney
340715,Brisbane
340716,Brisbane
340717,Brisbane
340718,Brisbane
340719,Brisbane
340720,Brisbane
340721,Sydney
340722,Brisbane
340723,Sydney
340724,Melbourne
340725,Brisbane
340726,Brisbane
340727,Brisbane
340728,Brisbane
340729,Brisbane
340730,Brisbane
340731,Brisbane
340732,Brisbane
340733,Brisbane
340734,Brisbane
340735,Brisbane
340736,Brisbane
340737,Brisbane
340738,Brisbane
340739,Brisbane
340740,Brisbane
340741,Brisbane
340742,Brisbane
340743,Brisbane
340744,Brisbane
340745,Brisbane
340746,Brisbane
340747,Perth
340748,Brisbane
340749,Brisbane
340750,Brisbane
340751,Perth
340752,Brisbane
340753,Brisbane
340754,Brisbane
340755,Brisbane
340756,Brisbane
340757,Brisbane
340758,Brisbane
340759,Brisbane
340760,Brisbane
340761,Brisbane
340762,Melbourne
340763,Melbourne
340764,Brisbane
340765,Brisbane
340766,Brisbane
340767,Brisbane
340768,Brisbane
340769,Brisbane
340770,Brisbane
340771,Brisbane
340772,Brisbane
340773,Brisbane
340774,Brisbane
340775,Brisbane
340776,Brisbane
340777,Brisbane
340778,Brisbane
340779,Brisbane
340780,Brisbane
340781,Brisbane
340782,Brisbane
340783,Brisbane
340784,Brisbane
340785,Brisbane
340786,Brisbane
340787,Brisbane
340788,Brisbane
340789,Brisbane
340790,Perth
340791,Brisbane
340792,Brisbane
340793,Brisbane
340794,Brisbane
340795,Brisbane
340796,Brisbane
340797,Brisbane
340798,Brisbane
340799,Brisbane
340800,Brisbane
340801,Brisbane
340802,Brisbane
340803,Brisbane
340804,Brisbane
340805,Brisbane
340806,Brisbane
340807,Brisbane
340808,Brisbane
340809,Brisbane
340810,Brisbane
340811,Brisbane
340812,Brisbane
340813,Brisbane
340814,Brisbane
340815,Brisbane
340816,Brisbane
340817,Brisbane
340818,Brisbane
340819,Brisbane
340820,Brisbane
340821,Brisbane
340822,Brisbane
340823,Perth
340824,Brisbane
340825,Brisbane
340826,Perth
340827,Brisbane
340828,Brisbane
340829,Brisbane
340830,Brisbane
340831,Brisbane
340832,Brisbane
340833,Brisbane
340834,Brisbane
340835,Brisbane
340836,Brisbane
340837,Brisbane
340838,Brisbane
340839,Brisbane
340840,Brisbane
340841,Brisbane
340842,Brisbane
340843,Brisbane
340844,Perth
340845,Brisbane
340846,Brisbane
340847,Brisbane
340848,Brisbane
340849,Brisbane
340850,Brisbane
340851,Brisbane
340852,Brisbane
340853,Brisbane
340854,Perth
340855,Melbourne
340856,Brisbane
340857,Brisbane
340858,Brisbane
340859,Brisbane
340860,Brisbane
340861,Melbourne
340862,Brisbane
340863,Brisbane
340864,Brisbane
340865,Brisbane
340866,Brisbane
340867,Brisbane
340868,Perth
340869,Brisbane
340870,Brisbane
340871,Brisbane
340872,Brisbane
340873,Brisbane
340874,Brisbane
340875,Brisbane
340876,Brisbane
340877,Brisbane
340878,Brisbane
340879,Melbourne
340880,Brisbane
340881,Brisbane
340882,Brisbane
340883,Brisbane
340884,Brisbane
340885,Brisbane
340886,Brisbane
340887,Brisbane
340888,Perth
340889,Brisbane
340890,Brisbane
340891,Perth
340892,Perth
340893,Melbourne
340894,Brisbane
340895,Brisbane
340896,Brisbane
340897,Brisbane
340898,Brisbane
340899,Brisbane
340900,Brisbane
340901,Perth
340902,Brisbane
340903,Melbourne
340904,Brisbane
340905,Brisbane
340906,Brisbane
340907,Brisbane
340908,Brisbane
340909,Brisbane
340910,Sydney
340911,Brisbane
340912,Brisbane
340913,Brisbane
340914,Brisbane
340915,Brisbane
340916,Brisbane
340917,Brisbane
340918,Brisbane
340919,Melbourne
340920,Brisbane
340921,Brisbane
340922,Brisbane
340923,Brisbane
340924,Brisbane
340925,Sydney
340926,Brisbane
340927,Brisbane
340928,Perth
340929,Brisbane
340930,Brisbane
340931,Brisbane
340932,Brisbane
340933,Brisbane
340934,Brisbane
340935,Brisbane
340936,Brisbane
340937,Brisbane
340938,Brisbane
340939,Brisbane
340940,Perth
340941,Brisbane
340942,Brisbane
340943,Brisbane
340944,Brisbane
340945,Brisbane
340946,Brisbane
340947,Perth
340948,Brisbane
340949,Brisbane
340950,Brisbane
340951,Brisbane
340952,Brisbane
340953,Brisbane
340954,Brisbane
340955,Brisbane
340956,Brisbane
340957,Brisbane
340958,Brisbane
340959,Brisbane
340960,Brisbane
340961,Brisbane
340962,Brisbane
340963,Brisbane
340964,Brisbane
340965,Brisbane
340966,Brisbane
340967,Brisbane
340968,Perth
340969,Brisbane
340970,Brisbane
340971,Brisbane
340972,Brisbane
340973,Brisbane
340974,Brisbane
340975,Brisbane
340976,Brisbane
340977,Brisbane
340978,Brisbane
340979,Brisbane
340980,Brisbane
340981,Brisbane
340982,Brisbane
340983,Brisbane
340984,Brisbane
340985,Brisbane
340986,Sydney
340987,Brisbane
340988,Brisbane
340989,Brisbane
340990,Perth
340991,Brisbane
340992,Brisbane
340993,Brisbane
340994,Brisbane
340995,Brisbane
340996,Brisbane
340997,Brisbane
340998,Brisbane
340999,Sydney
341000,Brisbane
341001,Brisbane
341002,Brisbane
341003,Brisbane
341004,Brisbane
341005,Brisbane
341006,Brisbane
341007,Brisbane
341008,Brisbane
341009,Brisbane
341010,Brisbane
341011,Brisbane
341012,Brisbane
341013,Brisbane
341014,Brisbane
341015,Brisbane
341016,Brisbane
341017,Brisbane
341018,Brisbane
341019,Brisbane
341020,Brisbane
341021,Brisbane
341022,Brisbane
341023,Brisbane
341024,Brisbane
341025,Brisbane
341026,Brisbane
341027,Brisbane
341028,Brisbane
341029,Brisbane
341030,Brisbane
341031,Brisbane
341032,Brisbane
341033,Sydney
341034,Brisbane
341035,Brisbane
341036,Brisbane
341037,Brisbane
341038,Brisbane
341039,Brisbane
341040,Melbourne
341041,Brisbane
341042,Brisbane
341043,Brisbane
341044,Brisbane
341045,Brisbane
341046,Brisbane
341047,Brisbane
341048,Brisbane
341049,Brisbane
341050,Brisbane
341051,Brisbane
341052,Brisbane
341053,Brisbane
341054,Perth
341055,Brisbane
341056,Perth
341057,Brisbane
341058,Perth
341059,Brisbane
341060,Brisbane
341061,Sydney
341062,Brisbane
341063,Brisbane
341064,Brisbane
341065,Brisbane
341066,Brisbane
341067,Brisbane
341068,Brisbane
341069,Brisbane
341070,Brisbane
341071,Brisbane
341072,Melbourne
341073,Brisbane
341074,Brisbane
341075,Brisbane
341076,Brisbane
341077,Brisbane
341078,Brisbane
341079,Brisbane
341080,Sydney
341081,Brisbane
341082,Sydney
341083,Brisbane
341084,Brisbane
341085,Brisbane
341086,Brisbane
341087,Brisbane
341088,Brisbane
341089,Brisbane
341090,Brisbane
341091,Brisbane
341092,Brisbane
341093,Brisbane
341094,Brisbane
341095,Brisbane
341096,Sydney
341097,Sydney
341098,Brisbane
341099,Melbourne
341100,Brisbane
341101,Brisbane
341102,Brisbane
341103,Brisbane
341104,Brisbane
341105,Brisbane
341106,Brisbane
341107,Brisbane
341108,Brisbane
341109,Brisbane
341110,Brisbane
341111,Brisbane
341112,Brisbane
341113,Brisbane
341114,Brisbane
341115,Brisbane
341116,Brisbane
341117,Brisbane
341118,Brisbane
341119,Brisbane
341120,Brisbane
341121,Brisbane
341122,Brisbane
341123,Sydney
341124,Brisbane
341125,Brisbane
341126,Brisbane
341127,Brisbane
341128,Brisbane
341129,Melbourne
341130,Brisbane
341131,Brisbane
341132,Brisbane
341133,Brisbane
341134,Brisbane
341135,Brisbane
341136,Brisbane
341137,Sydney
341138,Brisbane
341139,Brisbane
341140,Brisbane
341141,Brisbane
341142,Brisbane
341143,Sydney
341144,Brisbane
341145,Brisbane
341146,Brisbane
341147,Melbourne
341148,Brisbane
341149,Melbourne
341150,Brisbane
341151,Brisbane
341152,Perth
341153,Brisbane
341154,Brisbane
341155,Brisbane
341156,Brisbane
341157,Brisbane
341158,Brisbane
341159,Brisbane
341160,Brisbane
341161,Sydney
341162,Brisbane
341163,Brisbane
341164,Brisbane
341165,Brisbane
341166,Brisbane
341167,Brisbane
341168,Brisbane
341169,Brisbane
341170,Perth
341171,Brisbane
341172,Brisbane
341173,Brisbane
341174,Brisbane
341175,Brisbane
341176,Brisbane
341177,Brisbane
341178,Brisbane
341179,Brisbane
341180,Brisbane
341181,Brisbane
341182,Brisbane
341183,Brisbane
341184,Brisbane
341185,Brisbane
341186,Brisbane
341187,Brisbane
341188,Sydney
341189,Brisbane
341190,Brisbane
341191,Brisbane
341192,Brisbane
341193,Brisbane
341194,Brisbane
341195,Brisbane
341196,Brisbane
341197,Brisbane
341198,Brisbane
341199,Brisbane
341200,Sydney
341201,Brisbane
341202,Brisbane
341203,Brisbane
341204,Brisbane
341205,Brisbane
341206,Brisbane
341207,Brisbane
341208,Melbourne
341209,Brisbane
341210,Brisbane
341211,Brisbane
341212,Brisbane
341213,Brisbane
341214,Brisbane
341215,Brisbane
341216,Brisbane
341217,Brisbane
341218,Brisbane
341219,Brisbane
341220,Brisbane
341221,Perth
341222,Brisbane
341223,Brisbane
341224,Brisbane
341225,Brisbane
341226,Brisbane
341227,Perth
341228,Perth
341229,Brisbane
341230,Brisbane
341231,Brisbane
341232,Brisbane
341233,Brisbane
341234,Melbourne
341235,Brisbane
341236,Brisbane
341237,Brisbane
341238,Melbourne
341239,Melbourne
341240,Brisbane
341241,Brisbane
341242,Brisbane
341243,Brisbane
341244,Brisbane
341245,Brisbane
341246,Brisbane
341247,Brisbane
341248,Brisbane
341249,Brisbane
341250,Perth
341251,Brisbane
341252,Brisbane
341253,Brisbane
341254,Brisbane
341255,Sydney
341256,Brisbane
341257,Brisbane
341258,Brisbane
341259,Brisbane
341260,Brisbane
341261,Brisbane
341262,Sydney
341263,Brisbane
341264,Brisbane
341265,Brisbane
341266,Brisbane
341267,Melbourne
341268,Brisbane
341269,Brisbane
341270,Brisbane
341271,Brisbane
341272,Brisbane
341273,Brisbane
341274,Brisbane
341275,Brisbane
341276,Brisbane
341277,Brisbane
341278,Brisbane
341279,Brisbane
341280,Brisbane
341281,Sydney
341282,Brisbane
341283,Brisbane
341284,Brisbane
341285,Brisbane
341286,Perth
341287,Sydney
341288,Brisbane
341289,Brisbane
341290,Brisbane
341291,Brisbane
341292,Brisbane
341293,Brisbane
341294,Brisbane
341295,Sydney
341296,Brisbane
341297,Brisbane
341298,Brisbane
341299,Brisbane
341300,Brisbane
341301,Brisbane
341302,Brisbane
341303,Brisbane
341304,Brisbane
341305,Brisbane
341306,Brisbane
341307,Sydney
341308,Brisbane
341309,Brisbane
341310,Brisbane
341311,Brisbane
341312,Brisbane
341313,Brisbane
341314,Perth
341315,Brisbane
341316,Brisbane
341317,Brisbane
341318,Sydney
341319,Brisbane
341320,Sydney
341321,Brisbane
341322,Brisbane
341323,Brisbane
341324,Brisbane
341325,Brisbane
341326,Brisbane
341327,Brisbane
341328,Brisbane
341329,Brisbane
341330,Brisbane
341331,Brisbane
341332,Brisbane
341333,Brisbane
341334,Brisbane
341335,Brisbane
341336,Brisbane
341337,Brisbane
341338,Brisbane
341339,Brisbane
341340,Perth
341341,Brisbane
341342,Brisbane
341343,Brisbane
341344,Brisbane
341345,Brisbane
341346,Brisbane
341347,Brisbane
341348,Brisbane
341349,Brisbane
341350,Brisbane
341351,Brisbane
341352,Brisbane
341353,Brisbane
341354,Brisbane
341355,Brisbane
341356,Brisbane
341357,Sydney
341358,Brisbane
341359,Brisbane
341360,Brisbane
341361,Brisbane
341362,Brisbane
341363,Brisbane
341364,Brisbane
341365,Brisbane
341366,Brisbane
341367,Brisbane
341368,Brisbane
341369,Brisbane
341370,Brisbane
341371,Brisbane
341372,Brisbane
341373,Brisbane
341374,Brisbane
341375,Brisbane
341376,Brisbane
341377,Brisbane
341378,Brisbane
341379,Brisbane
341380,Brisbane
341381,Brisbane
341382,Brisbane
341383,Brisbane
341384,Brisbane
341385,Brisbane
341386,Brisbane
341387,Brisbane
341388,Brisbane
341389,Brisbane
341390,Brisbane
341391,Brisbane
341392,Brisbane
341393,Brisbane
341394,Brisbane
341395,Brisbane
341396,Brisbane
341397,Brisbane
341398,Brisbane
341399,Brisbane
341400,Brisbane
341401,Brisbane
341402,Brisbane
341403,Brisbane
341404,Brisbane
341405,Brisbane
341406,Brisbane
341407,Brisbane
341408,Brisbane
341409,Brisbane
341410,Brisbane
341411,Sydney
341412,Brisbane
341413,Brisbane
341414,Melbourne
341415,Brisbane
341416,Perth
341417,Brisbane
341418,Brisbane
341419,Perth
341420,Brisbane
341421,Brisbane
341422,Brisbane
341423,Brisbane
341424,Brisbane
341425,Brisbane
341426,Brisbane
341427,Brisbane
341428,Brisbane
341429,Brisbane
341430,Brisbane
341431,Brisbane
341432,Brisbane
341433,Brisbane
341434,Brisbane
341435,Brisbane
341436,Brisbane
341437,Brisbane
341438,Brisbane
341439,Melbourne
341440,Brisbane
341441,Brisbane
341442,Brisbane
341443,Brisbane
341444,Perth
341445,Brisbane
341446,Brisbane
341447,Brisbane
341448,Brisbane
341449,Perth
341450,Brisbane
341451,Brisbane
341452,Brisbane
341453,Brisbane
341454,Brisbane
341455,Brisbane
341456,Brisbane
341457,Brisbane
341458,Brisbane
341459,Brisbane
341460,Brisbane
341461,Sydney
341462,Brisbane
341463,Brisbane
341464,Brisbane
341465,Brisbane
341466,Brisbane
341467,Brisbane
341468,Brisbane
341469,Brisbane
341470,Brisbane
341471,Brisbane
341472,Brisbane
341473,Brisbane
341474,Brisbane
341475,Brisbane
341476,Brisbane
341477,Brisbane
341478,Brisbane
341479,Brisbane
341480,Brisbane
341481,Brisbane
341482,Brisbane
341483,Brisbane
341484,Brisbane
341485,Brisbane
341486,Brisbane
341487,Brisbane
341488,Brisbane
341489,Brisbane
341490,Brisbane
341491,Brisbane
341492,Brisbane
341493,Brisbane
341494,Brisbane
341495,Brisbane
341496,Perth
341497,Brisbane
341498,Brisbane
341499,Brisbane
341500,Brisbane
341501,Melbourne
341502,Brisbane
341503,Brisbane
341504,Brisbane
341505,Brisbane
341506,Brisbane
341507,Brisbane
341508,Brisbane
341509,Brisbane
341510,Brisbane
341511,Brisbane
341512,Brisbane
341513,Brisbane
341514,Brisbane
341515,Brisbane
341516,Brisbane
341517,Brisbane
341518,Brisbane
341519,Brisbane
341520,Brisbane
341521,Brisbane
341522,Brisbane
341523,Brisbane
341524,Brisbane
341525,Brisbane
341526,Brisbane
341527,Brisbane
341528,Brisbane
341529,Brisbane
341530,Brisbane
341531,Brisbane
341532,Brisbane
341533,Brisbane
341534,Brisbane
341535,Brisbane
341536,Brisbane
341537,Brisbane
341538,Brisbane
341539,Brisbane
341540,Brisbane
341541,Brisbane
341542,Brisbane
341543,Brisbane
341544,Brisbane
341545,Brisbane
341546,Sydney
341547,Brisbane
341548,Brisbane
341549,Brisbane
341550,Brisbane
341551,Brisbane
341552,Brisbane
341553,Brisbane
341554,Brisbane
341555,Brisbane
341556,Brisbane
341557,Brisbane
341558,Brisbane
341559,Brisbane
341560,Brisbane
341561,Brisbane
341562,Perth
341563,Brisbane
341564,Brisbane
341565,Sydney
341566,Perth
341567,Brisbane
341568,Brisbane
341569,Brisbane
341570,Brisbane
341571,Brisbane
341572,Brisbane
341573,Brisbane
341574,Brisbane
341575,Brisbane
341576,Brisbane
341577,Brisbane
341578,Brisbane
341579,Brisbane
341580,Perth
341581,Brisbane
341582,Melbourne
341583,Brisbane
341584,Brisbane
341585,Brisbane
341586,Brisbane
341587,Brisbane
341588,Brisbane
341589,Brisbane
341590,Brisbane
341591,Brisbane
341592,Brisbane
341593,Brisbane
341594,Brisbane
341595,Brisbane
341596,Brisbane
341597,Brisbane
341598,Brisbane
341599,Brisbane
341600,Brisbane
341601,Brisbane
341602,Brisbane
341603,Brisbane
341604,Brisbane
341605,Brisbane
341606,Brisbane
341607,Brisbane
341608,Brisbane
341609,Brisbane
341610,Melbourne
341611,Brisbane
341612,Brisbane
341613,Melbourne
341614,Brisbane
341615,Brisbane
341616,Brisbane
341617,Brisbane
341618,Brisbane
341619,Brisbane
341620,Brisbane
341621,Brisbane
341622,Brisbane
341623,Brisbane
341624,Brisbane
341625,Brisbane
341626,Sydney
341627,Brisbane
341628,Brisbane
341629,Brisbane
341630,Brisbane
341631,Brisbane
341632,Brisbane
341633,Brisbane
341634,Brisbane
341635,Brisbane
341636,Brisbane
341637,Sydney
341638,Brisbane
341639,Brisbane
341640,Brisbane
341641,Brisbane
341642,Brisbane
341643,Brisbane
341644,Brisbane
341645,Brisbane
341646,Brisbane
341647,Brisbane
341648,Brisbane
341649,Brisbane
341650,Brisbane
341651,Brisbane
341652,Brisbane
341653,Brisbane
341654,Brisbane
341655,Brisbane
341656,Brisbane
341657,Brisbane
341658,Brisbane
341659,Brisbane
341660,Brisbane
341661,Sydney
341662,Brisbane
341663,Brisbane
341664,Brisbane
341665,Brisbane
341666,Brisbane
341667,Brisbane
341668,Brisbane
341669,Brisbane
341670,Brisbane
341671,Brisbane
341672,Brisbane
341673,Brisbane
341674,Brisbane
341675,Brisbane
341676,Brisbane
341677,Brisbane
341678,Brisbane
341679,Brisbane
341680,Brisbane
341681,Brisbane
341682,Brisbane
341683,Brisbane
341684,Brisbane
341685,Brisbane
341686,Brisbane
341687,Brisbane
341688,Brisbane
341689,Brisbane
341690,Brisbane
341691,Brisbane
341692,Brisbane
341693,Brisbane
341694,Brisbane
341695,Brisbane
341696,Brisbane
341697,Brisbane
341698,Brisbane
341699,Brisbane
341700,Brisbane
341701,Melbourne
341702,Brisbane
341703,Brisbane
341704,Brisbane
341705,Brisbane
341706,Brisbane
341707,Brisbane
341708,Sydney
341709,Sydney
341710,Brisbane
341711,Brisbane
341712,Brisbane
341713,Brisbane
341714,Brisbane
341715,Brisbane
341716,Brisbane
341717,Brisbane
341718,Brisbane
341719,Brisbane
341720,Brisbane
341721,Brisbane
341722,Brisbane
341723,Brisbane
341724,Perth
341725,Brisbane
341726,Brisbane
341727,Brisbane
341728,Brisbane
341729,Brisbane
341730,Brisbane
341731,Brisbane
341732,Brisbane
341733,Brisbane
341734,Brisbane
341735,Brisbane
341736,Brisbane
341737,Brisbane
341738,Brisbane
341739,Melbourne
341740,Brisbane
341741,Brisbane
341742,Melbourne
341743,Brisbane
341744,Brisbane
341745,Brisbane
341746,Brisbane
341747,Brisbane
341748,Brisbane
341749,Brisbane
341750,Brisbane
341751,Brisbane
341752,Brisbane
341753,Brisbane
341754,Brisbane
341755,Brisbane
341756,Brisbane
341757,Brisbane
341758,Brisbane
341759,Brisbane
341760,Brisbane
341761,Brisbane
341762,Brisbane
341763,Brisbane
341764,Sydney
341765,Brisbane
341766,Brisbane
341767,Brisbane
341768,Brisbane
341769,Brisbane
341770,Brisbane
341771,Brisbane
341772,Brisbane
341773,Brisbane
341774,Perth
341775,Brisbane
341776,Brisbane
341777,Brisbane
341778,Perth
341779,Melbourne
341780,Sydney
341781,Brisbane
341782,Brisbane
341783,Brisbane
341784,Brisbane
341785,Brisbane
341786,Brisbane
341787,Brisbane
341788,Brisbane
341789,Brisbane
341790,Brisbane
341791,Brisbane
341792,Brisbane
341793,Brisbane
341794,Brisbane
341795,Melbourne
341796,Brisbane
341797,Perth
341798,Brisbane
341799,Brisbane
341800,Brisbane
341801,Brisbane
341802,Sydney
341803,Brisbane
341804,Brisbane
341805,Brisbane
341806,Brisbane
341807,Brisbane
341808,Brisbane
341809,Brisbane
341810,Brisbane
341811,Brisbane
341812,Sydney
341813,Brisbane
341814,Sydney
341815,Brisbane
341816,Brisbane
341817,Brisbane
341818,Brisbane
341819,Brisbane
341820,Brisbane
341821,Brisbane
341822,Brisbane
341823,Brisbane
341824,Brisbane
341825,Sydney
341826,Brisbane
341827,Brisbane
341828,Brisbane
341829,Brisbane
341830,Brisbane
341831,Sydney
341832,Brisbane
341833,Brisbane
341834,Brisbane
341835,Brisbane
341836,Melbourne
341837,Brisbane
341838,Brisbane
341839,Brisbane
341840,Melbourne
341841,Brisbane
341842,Brisbane
341843,Brisbane
341844,Brisbane
341845,Brisbane
341846,Brisbane
341847,Brisbane
341848,Brisbane
341849,Brisbane
341850,Brisbane
341851,Brisbane
341852,Brisbane
341853,Perth
341854,Brisbane
341855,Brisbane
341856,Brisbane
341857,Brisbane
341858,Brisbane
341859,Brisbane
341860,Brisbane
341861,Brisbane
341862,Brisbane
341863,Sydney
341864,Brisbane
341865,Perth
341866,Brisbane
341867,Brisbane
341868,Brisbane
341869,Brisbane
341870,Brisbane
341871,Brisbane
341872,Brisbane
341873,Brisbane
341874,Brisbane
341875,Brisbane
341876,Sydney
341877,Perth
341878,Brisbane
341879,Brisbane
341880,Brisbane
341881,Brisbane
341882,Brisbane
341883,Brisbane
341884,Brisbane
341885,Brisbane
341886,Brisbane
341887,Brisbane
341888,Brisbane
341889,Perth
341890,Brisbane
341891,Sydney
341892,Brisbane
341893,Brisbane
341894,Brisbane
341895,Brisbane
341896,Brisbane
341897,Brisbane
341898,Brisbane
341899,Brisbane
341900,Brisbane
341901,Brisbane
341902,Brisbane
341903,Brisbane
341904,Brisbane
341905,Brisbane
341906,Brisbane
341907,Brisbane
341908,Brisbane
341909,Brisbane
341910,Brisbane
341911,Brisbane
341912,Brisbane
341913,Brisbane
341914,Brisbane
341915,Brisbane
341916,Brisbane
341917,Brisbane
341918,Brisbane
341919,Brisbane
341920,Brisbane
341921,Brisbane
341922,Brisbane
341923,Brisbane
341924,Brisbane
341925,Brisbane
341926,Brisbane
341927,Brisbane
341928,Brisbane
341929,Brisbane
341930,Brisbane
341931,Brisbane
341932,Brisbane
341933,Brisbane
341934,Brisbane
341935,Brisbane
341936,Brisbane
341937,Brisbane
341938,Sydney
341939,Brisbane
341940,Brisbane
341941,Brisbane
341942,Brisbane
341943,Brisbane
341944,Brisbane
341945,Brisbane
341946,Brisbane
341947,Brisbane
341948,Brisbane
341949,Brisbane
341950,Brisbane
341951,Brisbane
341952,Perth
341953,Perth
341954,Brisbane
341955,Brisbane
341956,Brisbane
341957,Brisbane
341958,Perth
341959,Brisbane
341960,Brisbane
341961,Brisbane
341962,Brisbane
341963,Brisbane
341964,Brisbane
341965,Perth
341966,Brisbane
341967,Brisbane
341968,Brisbane
341969,Brisbane
341970,Brisbane
341971,Brisbane
341972,Brisbane
341973,Brisbane
341974,Brisbane
341975,Brisbane
341976,Brisbane
341977,Brisbane
341978,Brisbane
341979,Brisbane
341980,Sydney
341981,Brisbane
341982,Brisbane
341983,Brisbane
341984,Brisbane
341985,Brisbane
341986,Brisbane
341987,Brisbane
341988,Brisbane
341989,Brisbane
341990,Brisbane
341991,Brisbane
341992,Brisbane
341993,Brisbane
341994,Brisbane
341995,Brisbane
341996,Brisbane
341997,Brisbane
341998,Brisbane
341999,Brisbane
342000,Perth
342001,Brisbane
342002,Perth
342003,Brisbane
342004,Brisbane
342005,Brisbane
342006,Brisbane
342007,Brisbane
342008,Brisbane
342009,Brisbane
342010,Brisbane
342011,Brisbane
342012,Perth
342013,Brisbane
342014,Brisbane
342015,Brisbane
342016,Brisbane
342017,Brisbane
342018,Brisbane
342019,Brisbane
342020,Brisbane
342021,Brisbane
342022,Brisbane
342023,Brisbane
342024,Brisbane
342025,Brisbane
342026,Brisbane
342027,Brisbane
342028,Brisbane
342029,Brisbane
342030,Brisbane
342031,Brisbane
342032,Perth
342033,Brisbane
342034,Brisbane
342035,Brisbane
342036,Brisbane
342037,Brisbane
342038,Brisbane
342039,Brisbane
342040,Melbourne
342041,Brisbane
342042,Brisbane
342043,Brisbane
342044,Brisbane
342045,Brisbane
342046,Brisbane
342047,Brisbane
342048,Brisbane
342049,Brisbane
342050,Brisbane
342051,Brisbane
342052,Brisbane
342053,Sydney
342054,Brisbane
342055,Brisbane
342056,Brisbane
342057,Brisbane
342058,Brisbane
342059,Brisbane
342060,Brisbane
342061,Brisbane
342062,Brisbane
342063,Brisbane
342064,Brisbane
342065,Brisbane
342066,Brisbane
342067,Brisbane
342068,Brisbane
342069,Brisbane
342070,Brisbane
342071,Brisbane
342072,Brisbane
342073,Perth
342074,Brisbane
342075,Brisbane
342076,Brisbane
342077,Brisbane
342078,Brisbane
342079,Brisbane
342080,Brisbane
342081,Sydney
342082,Brisbane
342083,Brisbane
342084,Brisbane
342085,Brisbane
342086,Brisbane
342087,Brisbane
342088,Brisbane
342089,Brisbane
342090,Brisbane
342091,Brisbane
342092,Brisbane
342093,Brisbane
342094,Brisbane
342095,Brisbane
342096,Brisbane
342097,Brisbane
342098,Brisbane
342099,Brisbane
342100,Perth
342101,Brisbane
342102,Melbourne
342103,Melbourne
342104,Brisbane
342105,Perth
342106,Brisbane
342107,Brisbane
342108,Brisbane
342109,Brisbane
342110,Brisbane
342111,Brisbane
342112,Brisbane
342113,Brisbane
342114,Brisbane
342115,Melbourne
342116,Brisbane
342117,Brisbane
342118,Brisbane
342119,Brisbane
342120,Brisbane
342121,Brisbane
342122,Brisbane
342123,Melbourne
342124,Brisbane
342125,Brisbane
342126,Melbourne
342127,Brisbane
342128,Brisbane
342129,Brisbane
342130,Brisbane
342131,Brisbane
342132,Perth
342133,Brisbane
342134,Brisbane
342135,Brisbane
342136,Brisbane
342137,Brisbane
342138,Brisbane
342139,Brisbane
342140,Brisbane
342141,Brisbane
342142,Brisbane
342143,Brisbane
342144,Brisbane
342145,Brisbane
342146,Sydney
342147,Brisbane
342148,Sydney
342149,Brisbane
342150,Brisbane
342151,Brisbane
342152,Perth
342153,Brisbane
342154,Brisbane
342155,Brisbane
342156,Brisbane
342157,Brisbane
342158,Brisbane
342159,Brisbane
342160,Brisbane
342161,Brisbane
342162,Brisbane
342163,Brisbane
342164,Brisbane
342165,Brisbane
342166,Brisbane
342167,Perth
342168,Brisbane
342169,Brisbane
342170,Brisbane
342171,Brisbane
342172,Brisbane
342173,Brisbane
342174,Brisbane
342175,Brisbane
342176,Brisbane
342177,Brisbane
342178,Brisbane
342179,Brisbane
342180,Brisbane
342181,Brisbane
342182,Brisbane
342183,Brisbane
342184,Brisbane
342185,Brisbane
342186,Brisbane
342187,Brisbane
342188,Brisbane
342189,Brisbane
342190,Brisbane
342191,Brisbane
342192,Melbourne
342193,Brisbane
342194,Brisbane
342195,Brisbane
342196,Brisbane
342197,Sydney
342198,Brisbane
342199,Brisbane
342200,Brisbane
342201,Brisbane
342202,Brisbane
342203,Sydney
342204,Brisbane
342205,Brisbane
342206,Brisbane
342207,Brisbane
342208,Brisbane
342209,Brisbane
342210,Perth
342211,Brisbane
342212,Brisbane
342213,Brisbane
342214,Sydney
342215,Brisbane
342216,Brisbane
342217,Brisbane
342218,Brisbane
342219,Brisbane
342220,Brisbane
342221,Brisbane
342222,Brisbane
342223,Brisbane
342224,Brisbane
342225,Brisbane
342226,Perth
342227,Brisbane
342228,Brisbane
342229,Brisbane
342230,Brisbane
342231,Brisbane
342232,Brisbane
342233,Brisbane
342234,Brisbane
342235,Brisbane
342236,Brisbane
342237,Brisbane
342238,Brisbane
342239,Brisbane
342240,Brisbane
342241,Brisbane
342242,Brisbane
342243,Brisbane
342244,Brisbane
342245,Brisbane
342246,Brisbane
342247,Brisbane
342248,Sydney
342249,Brisbane
342250,Brisbane
342251,Brisbane
342252,Brisbane
342253,Brisbane
342254,Perth
342255,Brisbane
342256,Brisbane
342257,Brisbane
342258,Perth
342259,Brisbane
342260,Brisbane
342261,Brisbane
342262,Brisbane
342263,Brisbane
342264,Sydney
342265,Brisbane
342266,Brisbane
342267,Brisbane
342268,Brisbane
342269,Brisbane
342270,Brisbane
342271,Brisbane
342272,Brisbane
342273,Brisbane
342274,Brisbane
342275,Brisbane
342276,Melbourne
342277,Brisbane
342278,Brisbane
342279,Brisbane
342280,Brisbane
342281,Brisbane
342282,Brisbane
342283,Brisbane
342284,Brisbane
342285,Brisbane
342286,Brisbane
342287,Brisbane
342288,Brisbane
342289,Brisbane
342290,Brisbane
342291,Brisbane
342292,Brisbane
342293,Brisbane
342294,Brisbane
342295,Brisbane
342296,Sydney
342297,Brisbane
342298,Brisbane
342299,Perth
342300,Brisbane
342301,Perth
342302,Brisbane
342303,Brisbane
342304,Brisbane
342305,Brisbane
342306,Brisbane
342307,Brisbane
342308,Brisbane
342309,Brisbane
342310,Brisbane
342311,Brisbane
342312,Sydney
342313,Brisbane
342314,Brisbane
342315,Brisbane
342316,Brisbane
342317,Brisbane
342318,Brisbane
342319,Brisbane
342320,Brisbane
342321,Brisbane
342322,Brisbane
342323,Brisbane
342324,Brisbane
342325,Brisbane
342326,Brisbane
342327,Brisbane
342328,Brisbane
342329,Brisbane
342330,Melbourne
342331,Brisbane
342332,Brisbane
342333,Brisbane
342334,Brisbane
342335,Brisbane
342336,Brisbane
342337,Brisbane
342338,Brisbane
342339,Brisbane
342340,Brisbane
342341,Melbourne
342342,Brisbane
342343,Brisbane
342344,Brisbane
342345,Brisbane
342346,Brisbane
342347,Brisbane
342348,Brisbane
342349,Brisbane
342350,Brisbane
342351,Brisbane
342352,Brisbane
342353,Brisbane
342354,Brisbane
342355,Brisbane
342356,Brisbane
342357,Brisbane
342358,Brisbane
342359,Brisbane
342360,Brisbane
342361,Brisbane
342362,Brisbane
342363,Brisbane
342364,Brisbane
342365,Brisbane
342366,Melbourne
342367,Brisbane
342368,Brisbane
342369,Brisbane
342370,Brisbane
342371,Brisbane
342372,Brisbane
342373,Brisbane
342374,Brisbane
342375,Brisbane
342376,Sydney
342377,Brisbane
342378,Sydney
342379,Brisbane
342380,Brisbane
342381,Brisbane
342382,Brisbane
342383,Brisbane
342384,Brisbane
342385,Brisbane
342386,Brisbane
342387,Brisbane
342388,Brisbane
342389,Brisbane
342390,Brisbane
342391,Brisbane
342392,Brisbane
342393,Brisbane
342394,Brisbane
342395,Perth
342396,Brisbane
342397,Brisbane
342398,Brisbane
342399,Brisbane
342400,Brisbane
342401,Brisbane
342402,Brisbane
342403,Brisbane
342404,Sydney
342405,Brisbane
342406,Brisbane
342407,Brisbane
342408,Brisbane
342409,Brisbane
342410,Brisbane
342411,Brisbane
342412,Brisbane
342413,Brisbane
342414,Brisbane
342415,Brisbane
342416,Brisbane
342417,Brisbane
342418,Brisbane
342419,Brisbane
342420,Brisbane
342421,Brisbane
342422,Brisbane
342423,Brisbane
342424,Brisbane
342425,Brisbane
342426,Brisbane
342427,Brisbane
342428,Brisbane
342429,Brisbane
342430,Brisbane
342431,Brisbane
342432,Brisbane
342433,Brisbane
342434,Brisbane
342435,Brisbane
342436,Brisbane
342437,Sydney
342438,Brisbane
342439,Brisbane
342440,Brisbane
342441,Brisbane
342442,Brisbane
342443,Brisbane
342444,Brisbane
342445,Brisbane
342446,Brisbane
342447,Sydney
342448,Brisbane
342449,Brisbane
342450,Brisbane
342451,Sydney
342452,Brisbane
342453,Brisbane
342454,Melbourne
342455,Brisbane
342456,Brisbane
342457,Brisbane
342458,Brisbane
342459,Brisbane
342460,Brisbane
342461,Brisbane
342462,Brisbane
342463,Brisbane
342464,Brisbane
342465,Brisbane
342466,Brisbane
342467,Brisbane
342468,Brisbane
342469,Brisbane
342470,Sydney
342471,Brisbane
342472,Brisbane
342473,Brisbane
342474,Brisbane
342475,Brisbane
342476,Brisbane
342477,Brisbane
342478,Brisbane
342479,Brisbane
342480,Brisbane
342481,Brisbane
342482,Brisbane
342483,Brisbane
342484,Brisbane
342485,Brisbane
342486,Brisbane
342487,Brisbane
342488,Brisbane
342489,Sydney
342490,Brisbane
342491,Brisbane
342492,Brisbane
342493,Brisbane
342494,Sydney
342495,Brisbane
342496,Brisbane
342497,Brisbane
342498,Brisbane
342499,Brisbane
342500,Brisbane
342501,Perth
342502,Brisbane
342503,Brisbane
342504,Brisbane
342505,Brisbane
342506,Brisbane
342507,Brisbane
342508,Brisbane
342509,Brisbane
342510,Brisbane
342511,Sydney
342512,Brisbane
342513,Brisbane
342514,Brisbane
342515,Brisbane
342516,Brisbane
342517,Brisbane
342518,Brisbane
342519,Perth
342520,Brisbane
342521,Brisbane
342522,Brisbane
342523,Brisbane
342524,Brisbane
342525,Brisbane
342526,Brisbane
342527,Brisbane
342528,Brisbane
342529,Brisbane
342530,Brisbane
342531,Brisbane
342532,Brisbane
342533,Brisbane
342534,Brisbane
342535,Brisbane
342536,Brisbane
342537,Brisbane
342538,Brisbane
342539,Brisbane
342540,Brisbane
342541,Perth
342542,Brisbane
342543,Brisbane
342544,Brisbane
342545,Sydney
342546,Brisbane
342547,Perth
342548,Brisbane
342549,Melbourne
342550,Brisbane
342551,Brisbane
342552,Brisbane
342553,Brisbane
342554,Brisbane
342555,Brisbane
342556,Brisbane
342557,Brisbane
342558,Brisbane
342559,Brisbane
342560,Brisbane
342561,Brisbane
342562,Brisbane
342563,Brisbane
342564,Brisbane
342565,Brisbane
342566,Brisbane
342567,Brisbane
342568,Brisbane
342569,Brisbane
342570,Brisbane
342571,Brisbane
342572,Brisbane
342573,Brisbane
342574,Melbourne
342575,Brisbane
342576,Melbourne
342577,Brisbane
342578,Brisbane
342579,Brisbane
342580,Brisbane
342581,Brisbane
342582,Brisbane
342583,Brisbane
342584,Brisbane
342585,Brisbane
342586,Brisbane
342587,Brisbane
342588,Brisbane
342589,Brisbane
342590,Brisbane
342591,Brisbane
342592,Brisbane
342593,Perth
342594,Brisbane
342595,Brisbane
342596,Brisbane
342597,Brisbane
342598,Sydney
342599,Perth
342600,Brisbane
342601,Perth
342602,Brisbane
342603,Brisbane
342604,Brisbane
342605,Sydney
342606,Brisbane
342607,Brisbane
342608,Sydney
342609,Brisbane
342610,Brisbane
342611,Brisbane
342612,Melbourne
342613,Brisbane
342614,Brisbane
342615,Brisbane
342616,Brisbane
342617,Brisbane
342618,Perth
342619,Brisbane
342620,Brisbane
342621,Brisbane
342622,Sydney
342623,Brisbane
342624,Brisbane
342625,Brisbane
342626,Brisbane
342627,Brisbane
342628,Brisbane
342629,Melbourne
342630,Brisbane
342631,Brisbane
342632,Brisbane
342633,Brisbane
342634,Brisbane
342635,Brisbane
342636,Brisbane
342637,Brisbane
342638,Brisbane
342639,Brisbane
342640,Brisbane
342641,Melbourne
342642,Brisbane
342643,Brisbane
342644,Brisbane
342645,Brisbane
342646,Brisbane
342647,Brisbane
342648,Brisbane
342649,Brisbane
342650,Brisbane
342651,Brisbane
342652,Brisbane
342653,Brisbane
342654,Brisbane
342655,Brisbane
342656,Brisbane
342657,Brisbane
342658,Brisbane
342659,Brisbane
342660,Brisbane
342661,Brisbane
342662,Brisbane
342663,Brisbane
342664,Brisbane
342665,Brisbane
342666,Brisbane
342667,Brisbane
342668,Brisbane
342669,Brisbane
342670,Brisbane
342671,Brisbane
342672,Brisbane
342673,Brisbane
342674,Brisbane
342675,Brisbane
342676,Brisbane
342677,Brisbane
342678,Melbourne
342679,Brisbane
342680,Brisbane
342681,Brisbane
342682,Perth
342683,Brisbane
342684,Brisbane
342685,Brisbane
342686,Brisbane
342687,Brisbane
342688,Brisbane
342689,Brisbane
342690,Brisbane
342691,Brisbane
342692,Brisbane
342693,Brisbane
342694,Brisbane
342695,Brisbane
342696,Brisbane
342697,Brisbane
342698,Brisbane
342699,Brisbane
342700,Brisbane
342701,Brisbane
342702,Brisbane
342703,Brisbane
342704,Brisbane
342705,Brisbane
342706,Brisbane
342707,Brisbane
342708,Brisbane
342709,Brisbane
342710,Brisbane
342711,Brisbane
342712,Brisbane
342713,Brisbane
342714,Brisbane
342715,Brisbane
342716,Brisbane
342717,Brisbane
342718,Brisbane
342719,Brisbane
342720,Brisbane
342721,Brisbane
342722,Brisbane
342723,Perth
342724,Brisbane
342725,Brisbane
342726,Brisbane
342727,Brisbane
342728,Sydney
342729,Brisbane
342730,Brisbane
342731,Perth
342732,Brisbane
342733,Brisbane
342734,Brisbane
342735,Brisbane
342736,Brisbane
342737,Brisbane
342738,Melbourne
342739,Brisbane
342740,Brisbane
342741,Sydney
342742,Brisbane
342743,Sydney
342744,Brisbane
342745,Brisbane
342746,Brisbane
342747,Melbourne
342748,Brisbane
342749,Brisbane
342750,Brisbane
342751,Brisbane
342752,Sydney
342753,Sydney
342754,Brisbane
342755,Brisbane
342756,Brisbane
342757,Brisbane
342758,Brisbane
342759,Brisbane
342760,Brisbane
342761,Brisbane
342762,Brisbane
342763,Brisbane
342764,Brisbane
342765,Brisbane
342766,Brisbane
342767,Melbourne
342768,Brisbane
342769,Melbourne
342770,Brisbane
342771,Perth
342772,Brisbane
342773,Sydney
342774,Brisbane
342775,Brisbane
342776,Sydney
342777,Brisbane
342778,Brisbane
342779,Brisbane
342780,Brisbane
342781,Brisbane
342782,Brisbane
342783,Brisbane
342784,Brisbane
342785,Brisbane
342786,Brisbane
342787,Brisbane
342788,Brisbane
342789,Brisbane
342790,Brisbane
342791,Brisbane
342792,Brisbane
342793,Sydney
342794,Melbourne
342795,Brisbane
342796,Brisbane
342797,Brisbane
342798,Brisbane
342799,Brisbane
342800,Perth
342801,Brisbane
342802,Brisbane
342803,Brisbane
342804,Brisbane
342805,Brisbane
342806,Brisbane
342807,Brisbane
342808,Brisbane
342809,Brisbane
342810,Brisbane
342811,Brisbane
342812,Brisbane
342813,Brisbane
342814,Brisbane
342815,Brisbane
342816,Sydney
342817,Brisbane
342818,Brisbane
342819,Brisbane
342820,Brisbane
342821,Brisbane
342822,Brisbane
342823,Brisbane
342824,Brisbane
342825,Sydney
342826,Brisbane
342827,Brisbane
342828,Brisbane
342829,Brisbane
342830,Sydney
342831,Brisbane
342832,Brisbane
342833,Brisbane
342834,Brisbane
342835,Brisbane
342836,Brisbane
342837,Brisbane
342838,Brisbane
342839,Brisbane
342840,Brisbane
342841,Brisbane
342842,Brisbane
342843,Brisbane
342844,Brisbane
342845,Brisbane
342846,Brisbane
342847,Brisbane
342848,Brisbane
342849,Brisbane
342850,Brisbane
342851,Brisbane
342852,Brisbane
342853,Brisbane
342854,Brisbane
342855,Melbourne
342856,Sydney
342857,Brisbane
342858,Brisbane
342859,Brisbane
342860,Brisbane
342861,Brisbane
342862,Brisbane
342863,Brisbane
342864,Brisbane
342865,Brisbane
342866,Brisbane
342867,Brisbane
342868,Brisbane
342869,Sydney
342870,Brisbane
342871,Perth
342872,Brisbane
342873,Brisbane
342874,Brisbane
342875,Brisbane
342876,Brisbane
342877,Brisbane
342878,Brisbane
342879,Melbourne
342880,Brisbane
342881,Brisbane
342882,Brisbane
342883,Brisbane
342884,Brisbane
342885,Brisbane
342886,Brisbane
342887,Brisbane
342888,Brisbane
342889,Brisbane
342890,Brisbane
342891,Brisbane
342892,Brisbane
342893,Brisbane
342894,Brisbane
342895,Brisbane
342896,Brisbane
342897,Brisbane
342898,Brisbane
342899,Brisbane
342900,Brisbane
342901,Brisbane
342902,Brisbane
342903,Brisbane
342904,Brisbane
342905,Brisbane
342906,Brisbane
342907,Brisbane
342908,Brisbane
342909,Brisbane
342910,Brisbane
342911,Brisbane
342912,Brisbane
342913,Brisbane
342914,Brisbane
342915,Brisbane
342916,Brisbane
342917,Brisbane
342918,Brisbane
342919,Brisbane
342920,Brisbane
342921,Brisbane
342922,Brisbane
342923,Brisbane
342924,Brisbane
342925,Brisbane
342926,Brisbane
342927,Brisbane
342928,Brisbane
342929,Brisbane
342930,Brisbane
342931,Brisbane
342932,Brisbane
342933,Brisbane
342934,Brisbane
342935,Brisbane
342936,Brisbane
342937,Brisbane
342938,Melbourne
342939,Brisbane
342940,Brisbane
342941,Brisbane
342942,Brisbane
342943,Brisbane
342944,Brisbane
342945,Sydney
342946,Brisbane
342947,Brisbane
342948,Perth
342949,Brisbane
342950,Brisbane
342951,Brisbane
342952,Brisbane
342953,Brisbane
342954,Brisbane
342955,Brisbane
342956,Brisbane
342957,Brisbane
342958,Brisbane
342959,Sydney
342960,Brisbane
342961,Brisbane
342962,Brisbane
342963,Melbourne
342964,Brisbane
342965,Brisbane
342966,Brisbane
342967,Brisbane
342968,Brisbane
342969,Brisbane
342970,Brisbane
342971,Brisbane
342972,Brisbane
342973,Brisbane
342974,Brisbane
342975,Brisbane
342976,Brisbane
342977,Brisbane
342978,Brisbane
342979,Brisbane
342980,Brisbane
342981,Melbourne
342982,Brisbane
342983,Perth
342984,Sydney
342985,Melbourne
342986,Brisbane
342987,Sydney
342988,Brisbane
342989,Brisbane
342990,Sydney
342991,Brisbane
342992,Brisbane
342993,Brisbane
342994,Brisbane
342995,Melbourne
342996,Brisbane
342997,Brisbane
342998,Brisbane
342999,Sydney
343000,Brisbane
343001,Brisbane
343002,Brisbane
343003,Brisbane
343004,Brisbane
343005,Brisbane
343006,Perth
343007,Brisbane
343008,Brisbane
343009,Brisbane
343010,Brisbane
343011,Brisbane
343012,Brisbane
343013,Brisbane
343014,Brisbane
343015,Brisbane
343016,Brisbane
343017,Brisbane
343018,Brisbane
343019,Brisbane
343020,Brisbane
343021,Brisbane
343022,Brisbane
343023,Melbourne
343024,Brisbane
343025,Brisbane
343026,Brisbane
343027,Brisbane
343028,Brisbane
343029,Brisbane
343030,Brisbane
343031,Brisbane
343032,Brisbane
343033,Brisbane
343034,Brisbane
343035,Brisbane
343036,Brisbane
343037,Perth
343038,Brisbane
343039,Brisbane
343040,Brisbane
343041,Brisbane
343042,Sydney
343043,Brisbane
343044,Brisbane
343045,Brisbane
343046,Perth
343047,Brisbane
343048,Sydney
343049,Brisbane
343050,Brisbane
343051,Sydney
343052,Brisbane
343053,Brisbane
343054,Brisbane
343055,Brisbane
343056,Brisbane
343057,Brisbane
343058,Brisbane
343059,Brisbane
343060,Brisbane
343061,Brisbane
343062,Brisbane
343063,Brisbane
343064,Brisbane
343065,Melbourne
343066,Brisbane
343067,Brisbane
343068,Brisbane
343069,Brisbane
343070,Brisbane
343071,Perth
343072,Perth
343073,Brisbane
343074,Brisbane
343075,Brisbane
343076,Brisbane
343077,Brisbane
343078,Sydney
343079,Brisbane
343080,Brisbane
343081,Brisbane
343082,Melbourne
343083,Brisbane
343084,Brisbane
343085,Brisbane
343086,Brisbane
343087,Brisbane
343088,Brisbane
343089,Brisbane
343090,Brisbane
343091,Brisbane
343092,Sydney
343093,Brisbane
343094,Brisbane
343095,Perth
343096,Brisbane
343097,Melbourne
343098,Sydney
343099,Brisbane
343100,Brisbane
343101,Brisbane
343102,Perth
343103,Brisbane
343104,Brisbane
343105,Brisbane
343106,Brisbane
343107,Brisbane
343108,Brisbane
343109,Brisbane
343110,Melbourne
343111,Brisbane
343112,Brisbane
343113,Brisbane
343114,Brisbane
343115,Sydney
343116,Brisbane
343117,Brisbane
343118,Brisbane
343119,Brisbane
343120,Brisbane
343121,Brisbane
343122,Melbourne
343123,Brisbane
343124,Brisbane
343125,Brisbane
343126,Perth
343127,Brisbane
343128,Perth
343129,Brisbane
343130,Brisbane
343131,Brisbane
343132,Brisbane
343133,Melbourne
343134,Brisbane
343135,Brisbane
343136,Melbourne
343137,Brisbane
343138,Brisbane
343139,Brisbane
343140,Brisbane
343141,Brisbane
343142,Brisbane
343143,Brisbane
343144,Sydney
343145,Brisbane
343146,Brisbane
343147,Brisbane
343148,Melbourne
343149,Brisbane
343150,Brisbane
343151,Brisbane
343152,Brisbane
343153,Brisbane
343154,Sydney
343155,Brisbane
343156,Brisbane
343157,Brisbane
343158,Brisbane
343159,Brisbane
343160,Brisbane
343161,Brisbane
343162,Brisbane
343163,Melbourne
343164,Brisbane
343165,Brisbane
343166,Brisbane
343167,Brisbane
343168,Perth
343169,Brisbane
343170,Brisbane
343171,Brisbane
343172,Brisbane
343173,Brisbane
343174,Brisbane
343175,Brisbane
343176,Brisbane
343177,Brisbane
343178,Brisbane
343179,Brisbane
343180,Brisbane
343181,Brisbane
343182,Brisbane
343183,Brisbane
343184,Brisbane
343185,Brisbane
343186,Perth
343187,Brisbane
343188,Brisbane
343189,Brisbane
343190,Brisbane
343191,Brisbane
343192,Perth
343193,Brisbane
343194,Brisbane
343195,Brisbane
343196,Brisbane
343197,Brisbane
343198,Sydney
343199,Brisbane
343200,Brisbane
343201,Brisbane
343202,Brisbane
343203,Brisbane
343204,Brisbane
343205,Brisbane
343206,Brisbane
343207,Brisbane
343208,Brisbane
343209,Brisbane
343210,Brisbane
343211,Brisbane
343212,Brisbane
343213,Brisbane
343214,Brisbane
343215,Brisbane
343216,Brisbane
343217,Brisbane
343218,Brisbane
343219,Brisbane
343220,Brisbane
343221,Brisbane
343222,Melbourne
343223,Brisbane
343224,Melbourne
343225,Brisbane
343226,Brisbane
343227,Brisbane
343228,Brisbane
343229,Brisbane
343230,Brisbane
343231,Brisbane
343232,Brisbane
343233,Brisbane
343234,Brisbane
343235,Brisbane
343236,Brisbane
343237,Brisbane
343238,Brisbane
343239,Brisbane
343240,Brisbane
343241,Melbourne
343242,Sydney
343243,Brisbane
343244,Brisbane
343245,Brisbane
343246,Brisbane
343247,Brisbane
343248,Brisbane
343249,Brisbane
343250,Brisbane
343251,Perth
343252,Brisbane
343253,Brisbane
343254,Brisbane
343255,Brisbane
343256,Brisbane
343257,Brisbane
343258,Brisbane
343259,Brisbane
343260,Perth
343261,Brisbane
343262,Brisbane
343263,Brisbane
343264,Brisbane
343265,Brisbane
343266,Brisbane
343267,Brisbane
343268,Brisbane
343269,Brisbane
343270,Brisbane
343271,Brisbane
343272,Brisbane
343273,Perth
343274,Brisbane
343275,Sydney
343276,Brisbane
343277,Brisbane
343278,Sydney
343279,Brisbane
343280,Brisbane
343281,Brisbane
343282,Brisbane
343283,Brisbane
343284,Brisbane
343285,Brisbane
343286,Brisbane
343287,Brisbane
343288,Brisbane
343289,Brisbane
343290,Brisbane
343291,Brisbane
343292,Brisbane
343293,Brisbane
343294,Brisbane
343295,Brisbane
343296,Brisbane
343297,Brisbane
343298,Sydney
343299,Brisbane
343300,Brisbane
343301,Brisbane
343302,Brisbane
343303,Brisbane
343304,Brisbane
343305,Brisbane
343306,Brisbane
343307,Brisbane
343308,Brisbane
343309,Brisbane
343310,Brisbane
343311,Brisbane
343312,Brisbane
343313,Brisbane
343314,Brisbane
343315,Brisbane
343316,Brisbane
343317,Brisbane
343318,Brisbane
343319,Brisbane
343320,Brisbane
343321,Brisbane
343322,Perth
343323,Brisbane
343324,Brisbane
343325,Brisbane
343326,Brisbane
343327,Brisbane
343328,Brisbane
343329,Brisbane
343330,Brisbane
343331,Brisbane
343332,Brisbane
343333,Brisbane
343334,Brisbane
343335,Sydney
343336,Brisbane
343337,Brisbane
343338,Brisbane
343339,Brisbane
343340,Brisbane
343341,Brisbane
343342,Brisbane
343343,Brisbane
343344,Brisbane
343345,Brisbane
343346,Brisbane
343347,Sydney
343348,Brisbane
343349,Brisbane
343350,Brisbane
343351,Brisbane
343352,Brisbane
343353,Brisbane
343354,Brisbane
343355,Brisbane
343356,Brisbane
343357,Brisbane
343358,Melbourne
343359,Melbourne
343360,Brisbane
343361,Brisbane
343362,Perth
343363,Brisbane
343364,Brisbane
343365,Perth
343366,Brisbane
343367,Brisbane
343368,Brisbane
343369,Brisbane
343370,Brisbane
343371,Brisbane
343372,Brisbane
343373,Sydney
343374,Brisbane
343375,Brisbane
343376,Brisbane
343377,Brisbane
343378,Brisbane
343379,Brisbane
343380,Brisbane
343381,Brisbane
343382,Brisbane
343383,Brisbane
343384,Brisbane
343385,Brisbane
343386,Brisbane
343387,Brisbane
343388,Brisbane
343389,Brisbane
343390,Brisbane
343391,Brisbane
343392,Sydney
343393,Brisbane
343394,Brisbane
343395,Brisbane
343396,Brisbane
343397,Brisbane
343398,Brisbane
343399,Brisbane
343400,Brisbane
343401,Perth
343402,Brisbane
343403,Brisbane
343404,Brisbane
343405,Brisbane
343406,Melbourne
343407,Brisbane
343408,Brisbane
343409,Brisbane
343410,Brisbane
343411,Brisbane
343412,Brisbane
343413,Brisbane
343414,Perth
343415,Brisbane
343416,Brisbane
343417,Brisbane
343418,Brisbane
343419,Brisbane
343420,Brisbane
343421,Brisbane
343422,Brisbane
343423,Brisbane
343424,Brisbane
343425,Perth
343426,Brisbane
343427,Brisbane
343428,Brisbane
343429,Brisbane
343430,Brisbane
343431,Brisbane
343432,Brisbane
343433,Brisbane
343434,Brisbane
343435,Melbourne
343436,Brisbane
343437,Brisbane
343438,Brisbane
343439,Brisbane
343440,Brisbane
343441,Brisbane
343442,Brisbane
343443,Brisbane
343444,Sydney
343445,Brisbane
343446,Brisbane
343447,Brisbane
343448,Brisbane
343449,Brisbane
343450,Brisbane
343451,Brisbane
343452,Brisbane
343453,Brisbane
343454,Brisbane
343455,Brisbane
343456,Brisbane
343457,Brisbane
343458,Brisbane
343459,Brisbane
343460,Perth
343461,Brisbane
343462,Brisbane
343463,Brisbane
343464,Brisbane
343465,Brisbane
343466,Brisbane
343467,Brisbane
343468,Brisbane
343469,Brisbane
343470,Brisbane
343471,Brisbane
343472,Brisbane
343473,Brisbane
343474,Sydney
343475,Brisbane
343476,Brisbane
343477,Brisbane
343478,Brisbane
343479,Brisbane
343480,Brisbane
343481,Brisbane
343482,Brisbane
343483,Brisbane
343484,Brisbane
343485,Brisbane
343486,Brisbane
343487,Brisbane
343488,Brisbane
343489,Brisbane
343490,Brisbane
343491,Brisbane
343492,Brisbane
343493,Brisbane
343494,Brisbane
343495,Brisbane
343496,Brisbane
343497,Brisbane
343498,Brisbane
343499,Brisbane
343500,Brisbane
343501,Brisbane
343502,Brisbane
343503,Brisbane
343504,Brisbane
343505,Brisbane
343506,Brisbane
343507,Brisbane
343508,Brisbane
343509,Brisbane
343510,Brisbane
343511,Brisbane
343512,Brisbane
343513,Brisbane
343514,Brisbane
343515,Brisbane
343516,Brisbane
343517,Sydney
343518,Sydney
343519,Melbourne
343520,Brisbane
343521,Brisbane
343522,Brisbane
343523,Brisbane
343524,Brisbane
343525,Brisbane
343526,Brisbane
343527,Perth
343528,Brisbane
343529,Brisbane
343530,Brisbane
343531,Brisbane
343532,Brisbane
343533,Brisbane
343534,Brisbane
343535,Brisbane
343536,Sydney
343537,Brisbane
343538,Brisbane
343539,Brisbane
343540,Brisbane
343541,Brisbane
343542,Brisbane
343543,Brisbane
343544,Brisbane
343545,Brisbane
343546,Perth
343547,Brisbane
343548,Brisbane
343549,Brisbane
343550,Brisbane
343551,Brisbane
343552,Brisbane
343553,Brisbane
343554,Brisbane
343555,Brisbane
343556,Brisbane
343557,Brisbane
343558,Brisbane
343559,Brisbane
343560,Brisbane
343561,Brisbane
343562,Brisbane
343563,Brisbane
343564,Sydney
343565,Brisbane
343566,Brisbane
343567,Brisbane
343568,Brisbane
343569,Sydney
343570,Brisbane
343571,Brisbane
343572,Brisbane
343573,Brisbane
343574,Sydney
343575,Brisbane
343576,Brisbane
343577,Brisbane
343578,Sydney
343579,Brisbane
343580,Brisbane
343581,Brisbane
343582,Brisbane
343583,Brisbane
343584,Brisbane
343585,Brisbane
343586,Brisbane
343587,Brisbane
343588,Brisbane
343589,Brisbane
343590,Brisbane
343591,Brisbane
343592,Brisbane
343593,Brisbane
343594,Perth
343595,Brisbane
343596,Sydney
343597,Brisbane
343598,Brisbane
343599,Brisbane
343600,Brisbane
343601,Brisbane
343602,Brisbane
343603,Brisbane
343604,Brisbane
343605,Brisbane
343606,Brisbane
343607,Brisbane
343608,Brisbane
343609,Brisbane
343610,Brisbane
343611,Brisbane
343612,Brisbane
343613,Brisbane
343614,Brisbane
343615,Brisbane
343616,Brisbane
343617,Brisbane
343618,Brisbane
343619,Brisbane
343620,Brisbane
343621,Brisbane
343622,Brisbane
343623,Brisbane
343624,Brisbane
343625,Perth
343626,Brisbane
343627,Brisbane
343628,Brisbane
343629,Brisbane
343630,Brisbane
343631,Brisbane
343632,Brisbane
343633,Brisbane
343634,Sydney
343635,Brisbane
343636,Brisbane
343637,Brisbane
343638,Brisbane
343639,Brisbane
343640,Brisbane
343641,Brisbane
343642,Brisbane
343643,Perth
343644,Brisbane
343645,Sydney
343646,Brisbane
343647,Brisbane
343648,Brisbane
343649,Brisbane
343650,Brisbane
343651,Brisbane
343652,Brisbane
343653,Brisbane
343654,Brisbane
343655,Melbourne
343656,Brisbane
343657,Brisbane
343658,Brisbane
343659,Brisbane
343660,Brisbane
343661,Brisbane
343662,Brisbane
343663,Brisbane
343664,Brisbane
343665,Melbourne
343666,Brisbane
343667,Brisbane
343668,Brisbane
343669,Brisbane
343670,Brisbane
343671,Brisbane
343672,Brisbane
343673,Perth
343674,Brisbane
343675,Brisbane
343676,Brisbane
343677,Brisbane
343678,Brisbane
343679,Brisbane
343680,Brisbane
343681,Brisbane
343682,Brisbane
343683,Brisbane
343684,Brisbane
343685,Brisbane
343686,Brisbane
343687,Brisbane
343688,Brisbane
343689,Brisbane
343690,Perth
343691,Brisbane
343692,Brisbane
343693,Brisbane
343694,Brisbane
343695,Brisbane
343696,Brisbane
343697,Brisbane
343698,Brisbane
343699,Brisbane
343700,Brisbane
343701,Brisbane
343702,Brisbane
343703,Melbourne
343704,Brisbane
343705,Brisbane
343706,Brisbane
343707,Brisbane
343708,Brisbane
343709,Brisbane
343710,Brisbane
343711,Brisbane
343712,Brisbane
343713,Brisbane
343714,Brisbane
343715,Brisbane
343716,Brisbane
343717,Brisbane
343718,Brisbane
343719,Brisbane
343720,Brisbane
343721,Brisbane
343722,Brisbane
343723,Brisbane
343724,Brisbane
343725,Brisbane
343726,Brisbane
343727,Brisbane
343728,Sydney
343729,Brisbane
343730,Brisbane
343731,Brisbane
343732,Brisbane
343733,Brisbane
343734,Brisbane
343735,Brisbane
343736,Perth
343737,Brisbane
343738,Brisbane
343739,Brisbane
343740,Brisbane
343741,Brisbane
343742,Brisbane
343743,Brisbane
343744,Brisbane
343745,Brisbane
343746,Brisbane
343747,Brisbane
343748,Brisbane
343749,Brisbane
343750,Brisbane
343751,Brisbane
343752,Brisbane
343753,Brisbane
343754,Brisbane
343755,Brisbane
343756,Brisbane
343757,Sydney
343758,Brisbane
343759,Brisbane
343760,Brisbane
343761,Brisbane
343762,Brisbane
343763,Sydney
343764,Brisbane
343765,Brisbane
343766,Brisbane
343767,Brisbane
343768,Brisbane
343769,Brisbane
343770,Brisbane
343771,Brisbane
343772,Brisbane
343773,Brisbane
343774,Brisbane
343775,Brisbane
343776,Brisbane
343777,Brisbane
343778,Brisbane
343779,Brisbane
343780,Brisbane
343781,Brisbane
343782,Brisbane
343783,Melbourne
343784,Brisbane
343785,Brisbane
343786,Brisbane
343787,Melbourne
343788,Brisbane
343789,Brisbane
343790,Brisbane
343791,Perth
343792,Melbourne
343793,Brisbane
343794,Brisbane
343795,Brisbane
343796,Brisbane
343797,Brisbane
343798,Brisbane
343799,Sydney
343800,Brisbane
343801,Brisbane
343802,Brisbane
343803,Brisbane
343804,Brisbane
343805,Brisbane
343806,Brisbane
343807,Brisbane
343808,Brisbane
343809,Brisbane
343810,Brisbane
343811,Brisbane
343812,Brisbane
343813,Brisbane
343814,Brisbane
343815,Brisbane
343816,Melbourne
343817,Brisbane
343818,Brisbane
343819,Brisbane
343820,Brisbane
343821,Brisbane
343822,Brisbane
343823,Brisbane
343824,Brisbane
343825,Brisbane
343826,Brisbane
343827,Brisbane
343828,Perth
343829,Brisbane
343830,Brisbane
343831,Brisbane
343832,Melbourne
343833,Brisbane
343834,Brisbane
343835,Brisbane
343836,Brisbane
343837,Melbourne
343838,Perth
343839,Brisbane
343840,Brisbane
343841,Brisbane
343842,Brisbane
343843,Brisbane
343844,Sydney
343845,Brisbane
343846,Brisbane
343847,Brisbane
343848,Brisbane
343849,Brisbane
343850,Brisbane
343851,Brisbane
343852,Melbourne
343853,Brisbane
343854,Brisbane
343855,Perth
343856,Brisbane
343857,Brisbane
343858,Brisbane
343859,Brisbane
343860,Brisbane
343861,Brisbane
343862,Brisbane
343863,Brisbane
343864,Brisbane
343865,Sydney
343866,Brisbane
343867,Melbourne
343868,Brisbane
343869,Brisbane
343870,Brisbane
343871,Brisbane
343872,Brisbane
343873,Perth
343874,Brisbane
343875,Brisbane
343876,Brisbane
343877,Brisbane
343878,Brisbane
343879,Brisbane
343880,Brisbane
343881,Brisbane
343882,Brisbane
343883,Brisbane
343884,Brisbane
343885,Brisbane
343886,Brisbane
343887,Brisbane
343888,Brisbane
343889,Brisbane
343890,Brisbane
343891,Brisbane
343892,Brisbane
343893,Brisbane
343894,Brisbane
343895,Brisbane
343896,Brisbane
343897,Brisbane
343898,Sydney
343899,Sydney
343900,Brisbane
343901,Brisbane
343902,Melbourne
343903,Brisbane
343904,Brisbane
343905,Brisbane
343906,Brisbane
343907,Brisbane
343908,Brisbane
343909,Brisbane
343910,Brisbane
343911,Brisbane
343912,Brisbane
343913,Brisbane
343914,Perth
343915,Brisbane
343916,Brisbane
343917,Perth
343918,Brisbane
343919,Brisbane
343920,Brisbane
343921,Brisbane
343922,Brisbane
343923,Brisbane
343924,Brisbane
343925,Brisbane
343926,Brisbane
343927,Brisbane
343928,Brisbane
343929,Brisbane
343930,Brisbane
343931,Brisbane
343932,Brisbane
343933,Brisbane
343934,Brisbane
343935,Brisbane
343936,Brisbane
343937,Brisbane
343938,Brisbane
343939,Brisbane
343940,Sydney
343941,Brisbane
343942,Brisbane
343943,Brisbane
343944,Brisbane
343945,Brisbane
343946,Brisbane
343947,Melbourne
343948,Brisbane
343949,Brisbane
343950,Brisbane
343951,Brisbane
343952,Brisbane
343953,Brisbane
343954,Brisbane
343955,Brisbane
343956,Brisbane
343957,Brisbane
343958,Brisbane
343959,Brisbane
343960,Brisbane
343961,Brisbane
343962,Sydney
343963,Sydney
343964,Brisbane
343965,Brisbane
343966,Brisbane
343967,Brisbane
343968,Brisbane
343969,Brisbane
343970,Perth
343971,Perth
343972,Brisbane
343973,Brisbane
343974,Brisbane
343975,Brisbane
343976,Brisbane
343977,Brisbane
343978,Brisbane
343979,Brisbane
343980,Brisbane
343981,Brisbane
343982,Brisbane
343983,Brisbane
343984,Brisbane
343985,Sydney
343986,Brisbane
343987,Brisbane
343988,Brisbane
343989,Brisbane
343990,Brisbane
343991,Brisbane
343992,Brisbane
343993,Brisbane
343994,Sydney
343995,Brisbane
343996,Brisbane
343997,Brisbane
343998,Brisbane
343999,Brisbane
344000,Sydney
344001,Brisbane
344002,Brisbane
344003,Brisbane
344004,Brisbane
344005,Brisbane
344006,Brisbane
344007,Brisbane
344008,Brisbane
344009,Brisbane
344010,Brisbane
344011,Brisbane
344012,Brisbane
344013,Brisbane
344014,Brisbane
344015,Sydney
344016,Brisbane
344017,Brisbane
344018,Brisbane
344019,Melbourne
344020,Brisbane
344021,Brisbane
344022,Brisbane
344023,Brisbane
344024,Brisbane
344025,Brisbane
344026,Melbourne
344027,Brisbane
344028,Brisbane
344029,Perth
344030,Brisbane
344031,Brisbane
344032,Brisbane
344033,Brisbane
344034,Melbourne
344035,Brisbane
344036,Brisbane
344037,Brisbane
344038,Brisbane
344039,Brisbane
344040,Brisbane
344041,Brisbane
344042,Brisbane
344043,Melbourne
344044,Brisbane
344045,Brisbane
344046,Brisbane
344047,Brisbane
344048,Brisbane
344049,Brisbane
344050,Brisbane
344051,Brisbane
344052,Brisbane
344053,Brisbane
344054,Brisbane
344055,Perth
344056,Brisbane
344057,Brisbane
344058,Brisbane
344059,Brisbane
344060,Brisbane
344061,Brisbane
344062,Brisbane
344063,Brisbane
344064,Melbourne
344065,Brisbane
344066,Brisbane
344067,Brisbane
344068,Brisbane
344069,Brisbane
344070,Brisbane
344071,Perth
344072,Brisbane
344073,Brisbane
344074,Brisbane
344075,Brisbane
344076,Perth
344077,Brisbane
344078,Brisbane
344079,Brisbane
344080,Brisbane
344081,Brisbane
344082,Brisbane
344083,Brisbane
344084,Brisbane
344085,Brisbane
344086,Brisbane
344087,Brisbane
344088,Brisbane
344089,Brisbane
344090,Brisbane
344091,Brisbane
344092,Brisbane
344093,Brisbane
344094,Brisbane
344095,Brisbane
344096,Sydney
344097,Brisbane
344098,Brisbane
344099,Brisbane
344100,Brisbane
344101,Brisbane
344102,Brisbane
344103,Brisbane
344104,Brisbane
344105,Brisbane
344106,Brisbane
344107,Brisbane
344108,Brisbane
344109,Brisbane
344110,Brisbane
344111,Brisbane
344112,Brisbane
344113,Brisbane
344114,Brisbane
344115,Brisbane
344116,Brisbane
344117,Brisbane
344118,Brisbane
344119,Brisbane
344120,Brisbane
344121,Sydney
344122,Brisbane
344123,Brisbane
344124,Brisbane
344125,Brisbane
344126,Brisbane
344127,Brisbane
344128,Brisbane
344129,Brisbane
344130,Brisbane
344131,Brisbane
344132,Brisbane
344133,Brisbane
344134,Brisbane
344135,Sydney
344136,Brisbane
344137,Brisbane
344138,Brisbane
344139,Brisbane
344140,Brisbane
344141,Perth
344142,Brisbane
344143,Sydney
344144,Brisbane
344145,Brisbane
344146,Brisbane
344147,Brisbane
344148,Brisbane
344149,Brisbane
344150,Perth
344151,Brisbane
344152,Brisbane
344153,Brisbane
344154,Sydney
344155,Brisbane
344156,Sydney
344157,Brisbane
344158,Brisbane
344159,Brisbane
344160,Melbourne
344161,Brisbane
344162,Brisbane
344163,Brisbane
344164,Brisbane
344165,Brisbane
344166,Brisbane
344167,Sydney
344168,Sydney
344169,Brisbane
344170,Brisbane
344171,Brisbane
344172,Brisbane
344173,Brisbane
344174,Brisbane
344175,Brisbane
344176,Brisbane
344177,Brisbane
344178,Brisbane
344179,Brisbane
344180,Brisbane
344181,Brisbane
344182,Brisbane
344183,Brisbane
344184,Brisbane
344185,Brisbane
344186,Brisbane
344187,Brisbane
344188,Brisbane
344189,Brisbane
344190,Brisbane
344191,Brisbane
344192,Brisbane
344193,Brisbane
344194,Brisbane
344195,Brisbane
344196,Brisbane
344197,Brisbane
344198,Brisbane
344199,Brisbane
344200,Brisbane
344201,Brisbane
344202,Brisbane
344203,Brisbane
344204,Brisbane
344205,Brisbane
344206,Brisbane
344207,Brisbane
344208,Brisbane
344209,Brisbane
344210,Brisbane
344211,Brisbane
344212,Brisbane
344213,Brisbane
344214,Brisbane
344215,Brisbane
344216,Brisbane
344217,Brisbane
344218,Brisbane
344219,Brisbane
344220,Brisbane
344221,Brisbane
344222,Melbourne
344223,Brisbane
344224,Brisbane
344225,Brisbane
344226,Brisbane
344227,Sydney
344228,Brisbane
344229,Perth
344230,Brisbane
344231,Brisbane
344232,Perth
344233,Brisbane
344234,Brisbane
344235,Brisbane
344236,Brisbane
344237,Brisbane
344238,Brisbane
344239,Brisbane
344240,Brisbane
344241,Brisbane
344242,Perth
344243,Brisbane
344244,Brisbane
344245,Brisbane
344246,Brisbane
344247,Sydney
344248,Brisbane
344249,Brisbane
344250,Brisbane
344251,Brisbane
344252,Brisbane
344253,Brisbane
344254,Brisbane
344255,Brisbane
344256,Brisbane
344257,Brisbane
344258,Melbourne
344259,Brisbane
344260,Brisbane
344261,Brisbane
344262,Brisbane
344263,Brisbane
344264,Brisbane
344265,Brisbane
344266,Perth
344267,Brisbane
344268,Brisbane
344269,Brisbane
344270,Brisbane
344271,Brisbane
344272,Brisbane
344273,Brisbane
344274,Brisbane
344275,Brisbane
344276,Brisbane
344277,Melbourne
344278,Brisbane
344279,Brisbane
344280,Brisbane
344281,Brisbane
344282,Brisbane
344283,Brisbane
344284,Brisbane
344285,Brisbane
344286,Brisbane
344287,Brisbane
344288,Brisbane
344289,Melbourne
344290,Brisbane
344291,Brisbane
344292,Brisbane
344293,Brisbane
344294,Brisbane
344295,Brisbane
344296,Brisbane
344297,Brisbane
344298,Brisbane
344299,Brisbane
344300,Brisbane
344301,Brisbane
344302,Brisbane
344303,Brisbane
344304,Brisbane
344305,Brisbane
344306,Brisbane
344307,Brisbane
344308,Brisbane
344309,Brisbane
344310,Brisbane
344311,Brisbane
344312,Brisbane
344313,Brisbane
344314,Sydney
344315,Brisbane
344316,Brisbane
344317,Brisbane
344318,Brisbane
344319,Brisbane
344320,Brisbane
344321,Brisbane
344322,Brisbane
344323,Brisbane
344324,Brisbane
344325,Brisbane
344326,Brisbane
344327,Brisbane
344328,Brisbane
344329,Brisbane
344330,Brisbane
344331,Brisbane
344332,Brisbane
344333,Brisbane
344334,Brisbane
344335,Brisbane
344336,Brisbane
344337,Brisbane
344338,Brisbane
344339,Brisbane
344340,Brisbane
344341,Brisbane
344342,Brisbane
344343,Sydney
344344,Brisbane
344345,Brisbane
344346,Brisbane
344347,Brisbane
344348,Brisbane
344349,Brisbane
344350,Brisbane
344351,Brisbane
344352,Brisbane
344353,Brisbane
344354,Brisbane
344355,Perth
344356,Brisbane
344357,Brisbane
344358,Brisbane
344359,Brisbane
344360,Brisbane
344361,Sydney
344362,Brisbane
344363,Brisbane
344364,Brisbane
344365,Brisbane
344366,Brisbane
344367,Brisbane
344368,Brisbane
344369,Brisbane
344370,Brisbane
344371,Brisbane
344372,Brisbane
344373,Brisbane
344374,Brisbane
344375,Brisbane
344376,Brisbane
344377,Brisbane
344378,Brisbane
344379,Brisbane
344380,Brisbane
344381,Brisbane
344382,Brisbane
344383,Brisbane
344384,Sydney
344385,Brisbane
344386,Brisbane
344387,Melbourne
344388,Brisbane
344389,Brisbane
344390,Brisbane
344391,Brisbane
344392,Brisbane
344393,Brisbane
344394,Brisbane
344395,Brisbane
344396,Brisbane
344397,Brisbane
344398,Brisbane
344399,Brisbane
344400,Brisbane
344401,Brisbane
344402,Brisbane
344403,Brisbane
344404,Brisbane
344405,Brisbane
344406,Brisbane
344407,Perth
344408,Brisbane
344409,Brisbane
344410,Brisbane
344411,Perth
344412,Sydney
344413,Brisbane
344414,Brisbane
344415,Brisbane
344416,Brisbane
344417,Sydney
344418,Perth
344419,Brisbane
344420,Brisbane
344421,Brisbane
344422,Perth
344423,Brisbane
344424,Brisbane
344425,Brisbane
344426,Brisbane
344427,Brisbane
344428,Brisbane
344429,Brisbane
344430,Brisbane
344431,Brisbane
344432,Brisbane
344433,Brisbane
344434,Brisbane
344435,Brisbane
344436,Brisbane
344437,Brisbane
344438,Brisbane
344439,Brisbane
344440,Brisbane
344441,Brisbane
344442,Brisbane
344443,Melbourne
344444,Melbourne
344445,Brisbane
344446,Brisbane
344447,Brisbane
344448,Brisbane
344449,Brisbane
344450,Brisbane
344451,Perth
344452,Brisbane
344453,Brisbane
344454,Brisbane
344455,Brisbane
344456,Brisbane
344457,Brisbane
344458,Brisbane
344459,Brisbane
344460,Brisbane
344461,Brisbane
344462,Brisbane
344463,Brisbane
344464,Brisbane
344465,Brisbane
344466,Brisbane
344467,Brisbane
344468,Brisbane
344469,Brisbane
344470,Brisbane
344471,Brisbane
344472,Brisbane
344473,Brisbane
344474,Brisbane
344475,Brisbane
344476,Brisbane
344477,Brisbane
344478,Brisbane
344479,Brisbane
344480,Brisbane
344481,Brisbane
344482,Brisbane
344483,Brisbane
344484,Brisbane
344485,Brisbane
344486,Brisbane
344487,Brisbane
344488,Brisbane
344489,Sydney
344490,Brisbane
344491,Brisbane
344492,Brisbane
344493,Brisbane
344494,Brisbane
344495,Brisbane
344496,Brisbane
344497,Brisbane
344498,Brisbane
344499,Brisbane
344500,Perth
344501,Perth
344502,Brisbane
344503,Brisbane
344504,Brisbane
344505,Brisbane
344506,Brisbane
344507,Brisbane
344508,Brisbane
344509,Brisbane
344510,Sydney
344511,Melbourne
344512,Brisbane
344513,Brisbane
344514,Brisbane
344515,Brisbane
344516,Brisbane
344517,Brisbane
344518,Brisbane
344519,Brisbane
344520,Brisbane
344521,Brisbane
344522,Brisbane
344523,Brisbane
344524,Brisbane
344525,Brisbane
344526,Sydney
344527,Brisbane
344528,Brisbane
344529,Brisbane
344530,Brisbane
344531,Brisbane
344532,Brisbane
344533,Brisbane
344534,Brisbane
344535,Brisbane
344536,Melbourne
344537,Brisbane
344538,Brisbane
344539,Brisbane
344540,Brisbane
344541,Brisbane
344542,Brisbane
344543,Brisbane
344544,Brisbane
344545,Sydney
344546,Brisbane
344547,Sydney
344548,Brisbane
344549,Brisbane
344550,Brisbane
344551,Brisbane
344552,Brisbane
344553,Brisbane
344554,Brisbane
344555,Brisbane
344556,Brisbane
344557,Brisbane
344558,Brisbane
344559,Brisbane
344560,Brisbane
344561,Brisbane
344562,Brisbane
344563,Brisbane
344564,Brisbane
344565,Brisbane
344566,Perth
344567,Brisbane
344568,Brisbane
344569,Brisbane
344570,Brisbane
344571,Brisbane
344572,Brisbane
344573,Brisbane
344574,Brisbane
344575,Brisbane
344576,Brisbane
344577,Brisbane
344578,Brisbane
344579,Brisbane
344580,Brisbane
344581,Brisbane
344582,Brisbane
344583,Brisbane
344584,Brisbane
344585,Brisbane
344586,Brisbane
344587,Brisbane
344588,Brisbane
344589,Brisbane
344590,Brisbane
344591,Brisbane
344592,Brisbane
344593,Sydney
344594,Brisbane
344595,Brisbane
344596,Perth
344597,Brisbane
344598,Brisbane
344599,Brisbane
344600,Brisbane
344601,Brisbane
344602,Brisbane
344603,Brisbane
344604,Brisbane
344605,Brisbane
344606,Perth
344607,Brisbane
344608,Brisbane
344609,Brisbane
344610,Brisbane
344611,Brisbane
344612,Brisbane
344613,Brisbane
344614,Perth
344615,Brisbane
344616,Brisbane
344617,Brisbane
344618,Brisbane
344619,Brisbane
344620,Brisbane
344621,Brisbane
344622,Brisbane
344623,Brisbane
344624,Brisbane
344625,Brisbane
344626,Brisbane
344627,Brisbane
344628,Brisbane
344629,Brisbane
344630,Brisbane
344631,Sydney
344632,Brisbane
344633,Brisbane
344634,Brisbane
344635,Brisbane
344636,Brisbane
344637,Brisbane
344638,Brisbane
344639,Brisbane
344640,Brisbane
344641,Brisbane
344642,Brisbane
344643,Brisbane
344644,Brisbane
344645,Brisbane
344646,Brisbane
344647,Brisbane
344648,Brisbane
344649,Brisbane
344650,Brisbane
344651,Brisbane
344652,Brisbane
344653,Brisbane
344654,Perth
344655,Brisbane
344656,Brisbane
344657,Perth
344658,Brisbane
344659,Sydney
344660,Brisbane
344661,Sydney
344662,Brisbane
344663,Brisbane
344664,Brisbane
344665,Brisbane
344666,Brisbane
344667,Brisbane
344668,Brisbane
344669,Brisbane
344670,Brisbane
344671,Brisbane
344672,Brisbane
344673,Melbourne
344674,Melbourne
344675,Brisbane
344676,Brisbane
344677,Brisbane
344678,Brisbane
344679,Brisbane
344680,Brisbane
344681,Brisbane
344682,Brisbane
344683,Brisbane
344684,Brisbane
344685,Perth
344686,Brisbane
344687,Brisbane
344688,Sydney
344689,Brisbane
344690,Brisbane
344691,Melbourne
344692,Brisbane
344693,Brisbane
344694,Brisbane
344695,Brisbane
344696,Brisbane
344697,Brisbane
344698,Brisbane
344699,Brisbane
344700,Brisbane
344701,Brisbane
344702,Brisbane
344703,Brisbane
344704,Brisbane
344705,Brisbane
344706,Perth
344707,Brisbane
344708,Perth
344709,Brisbane
344710,Brisbane
344711,Brisbane
344712,Perth
344713,Brisbane
344714,Brisbane
344715,Brisbane
344716,Brisbane
344717,Brisbane
344718,Brisbane
344719,Brisbane
344720,Brisbane
344721,Brisbane
344722,Brisbane
344723,Perth
344724,Brisbane
344725,Brisbane
344726,Brisbane
344727,Melbourne
344728,Brisbane
344729,Brisbane
344730,Brisbane
344731,Brisbane
344732,Brisbane
344733,Brisbane
344734,Brisbane
344735,Brisbane
344736,Brisbane
344737,Melbourne
344738,Brisbane
344739,Brisbane
344740,Brisbane
344741,Brisbane
344742,Brisbane
344743,Brisbane
344744,Brisbane
344745,Perth
344746,Brisbane
344747,Brisbane
344748,Brisbane
344749,Melbourne
344750,Brisbane
344751,Brisbane
344752,Brisbane
344753,Brisbane
344754,Brisbane
344755,Brisbane
344756,Brisbane
344757,Brisbane
344758,Brisbane
344759,Brisbane
344760,Brisbane
344761,Brisbane
344762,Brisbane
344763,Sydney
344764,Brisbane
344765,Brisbane
344766,Brisbane
344767,Brisbane
344768,Brisbane
344769,Brisbane
344770,Brisbane
344771,Brisbane
344772,Brisbane
344773,Brisbane
344774,Brisbane
344775,Brisbane
344776,Brisbane
344777,Perth
344778,Brisbane
344779,Brisbane
344780,Brisbane
344781,Brisbane
344782,Brisbane
344783,Brisbane
344784,Brisbane
344785,Brisbane
344786,Brisbane
344787,Brisbane
344788,Brisbane
344789,Brisbane
344790,Brisbane
344791,Brisbane
344792,Brisbane
344793,Brisbane
344794,Brisbane
344795,Brisbane
344796,Brisbane
344797,Melbourne
344798,Brisbane
344799,Brisbane
344800,Brisbane
344801,Brisbane
344802,Brisbane
344803,Perth
344804,Brisbane
344805,Brisbane
344806,Brisbane
344807,Brisbane
344808,Perth
344809,Brisbane
344810,Brisbane
344811,Brisbane
344812,Brisbane
344813,Brisbane
344814,Sydney
344815,Brisbane
344816,Brisbane
344817,Perth
344818,Brisbane
344819,Brisbane
344820,Brisbane
344821,Brisbane
344822,Brisbane
344823,Brisbane
344824,Brisbane
344825,Brisbane
344826,Brisbane
344827,Brisbane
344828,Brisbane
344829,Brisbane
344830,Brisbane
344831,Brisbane
344832,Brisbane
344833,Brisbane
344834,Sydney
344835,Brisbane
344836,Brisbane
344837,Brisbane
344838,Brisbane
344839,Sydney
344840,Brisbane
344841,Brisbane
344842,Brisbane
344843,Brisbane
344844,Brisbane
344845,Brisbane
344846,Brisbane
344847,Brisbane
344848,Brisbane
344849,Brisbane
344850,Sydney
344851,Perth
344852,Brisbane
344853,Brisbane
344854,Brisbane
344855,Brisbane
344856,Perth
344857,Brisbane
344858,Brisbane
344859,Brisbane
344860,Brisbane
344861,Brisbane
344862,Brisbane
344863,Sydney
344864,Brisbane
344865,Brisbane
344866,Brisbane
344867,Brisbane
344868,Brisbane
344869,Brisbane
344870,Brisbane
344871,Brisbane
344872,Brisbane
344873,Melbourne
344874,Brisbane
344875,Brisbane
344876,Brisbane
344877,Brisbane
344878,Brisbane
344879,Brisbane
344880,Brisbane
344881,Brisbane
344882,Brisbane
344883,Brisbane
344884,Brisbane
344885,Brisbane
344886,Brisbane
344887,Brisbane
344888,Brisbane
344889,Brisbane
344890,Sydney
344891,Brisbane
344892,Brisbane
344893,Brisbane
344894,Brisbane
344895,Melbourne
344896,Brisbane
344897,Brisbane
344898,Brisbane
344899,Brisbane
344900,Brisbane
344901,Brisbane
344902,Perth
344903,Brisbane
344904,Brisbane
344905,Brisbane
344906,Brisbane
344907,Brisbane
344908,Brisbane
344909,Brisbane
344910,Brisbane
344911,Brisbane
344912,Brisbane
344913,Brisbane
344914,Brisbane
344915,Brisbane
344916,Brisbane
344917,Brisbane
344918,Brisbane
344919,Brisbane
344920,Brisbane
344921,Brisbane
344922,Brisbane
344923,Brisbane
344924,Sydney
344925,Brisbane
344926,Brisbane
344927,Brisbane
344928,Brisbane
344929,Brisbane
344930,Brisbane
344931,Perth
344932,Perth
344933,Brisbane
344934,Brisbane
344935,Brisbane
344936,Brisbane
344937,Brisbane
344938,Brisbane
344939,Melbourne
344940,Brisbane
344941,Brisbane
344942,Brisbane
344943,Brisbane
344944,Brisbane
344945,Brisbane
344946,Brisbane
344947,Brisbane
344948,Brisbane
344949,Brisbane
344950,Brisbane
344951,Brisbane
344952,Brisbane
344953,Brisbane
344954,Brisbane
344955,Brisbane
344956,Brisbane
344957,Sydney
344958,Brisbane
344959,Brisbane
344960,Brisbane
344961,Brisbane
344962,Brisbane
344963,Brisbane
344964,Brisbane
344965,Brisbane
344966,Brisbane
344967,Brisbane
344968,Brisbane
344969,Brisbane
344970,Brisbane
344971,Brisbane
344972,Brisbane
344973,Brisbane
344974,Brisbane
344975,Brisbane
344976,Brisbane
344977,Brisbane
344978,Brisbane
344979,Brisbane
344980,Brisbane
344981,Perth
344982,Melbourne
344983,Brisbane
344984,Sydney
344985,Brisbane
344986,Brisbane
344987,Brisbane
344988,Brisbane
344989,Brisbane
344990,Brisbane
344991,Perth
344992,Brisbane
344993,Brisbane
344994,Brisbane
344995,Perth
344996,Brisbane
344997,Brisbane
344998,Brisbane
344999,Brisbane
345000,Brisbane
345001,Brisbane
345002,Brisbane
345003,Brisbane
345004,Brisbane
345005,Brisbane
345006,Brisbane
345007,Brisbane
345008,Brisbane
345009,Brisbane
345010,Brisbane
345011,Brisbane
345012,Melbourne
345013,Brisbane
345014,Brisbane
345015,Brisbane
345016,Brisbane
345017,Brisbane
345018,Brisbane
345019,Sydney
345020,Perth
345021,Brisbane
345022,Perth
345023,Brisbane
345024,Sydney
345025,Brisbane
345026,Brisbane
345027,Brisbane
345028,Brisbane
345029,Brisbane
345030,Brisbane
345031,Brisbane
345032,Brisbane
345033,Brisbane
345034,Brisbane
345035,Brisbane
345036,Brisbane
345037,Brisbane
345038,Brisbane
345039,Brisbane
345040,Brisbane
345041,Brisbane
345042,Brisbane
345043,Brisbane
345044,Brisbane
345045,Brisbane
345046,Brisbane
345047,Brisbane
345048,Brisbane
345049,Brisbane
345050,Brisbane
345051,Brisbane
345052,Brisbane
345053,Brisbane
345054,Brisbane
345055,Brisbane
345056,Brisbane
345057,Brisbane
345058,Brisbane
345059,Brisbane
345060,Brisbane
345061,Brisbane
345062,Brisbane
345063,Brisbane
345064,Brisbane
345065,Brisbane
345066,Brisbane
345067,Brisbane
345068,Brisbane
345069,Brisbane
345070,Brisbane
345071,Brisbane
345072,Brisbane
345073,Brisbane
345074,Brisbane
345075,Brisbane
345076,Brisbane
345077,Brisbane
345078,Brisbane
345079,Brisbane
345080,Brisbane
345081,Brisbane
345082,Brisbane
345083,Brisbane
345084,Sydney
345085,Brisbane
345086,Brisbane
345087,Brisbane
345088,Brisbane
345089,Brisbane
345090,Brisbane
345091,Brisbane
345092,Brisbane
345093,Brisbane
345094,Brisbane
345095,Brisbane
345096,Brisbane
345097,Brisbane
345098,Brisbane
345099,Brisbane
345100,Brisbane
345101,Brisbane
345102,Brisbane
345103,Brisbane
345104,Brisbane
345105,Brisbane
345106,Brisbane
345107,Brisbane
345108,Brisbane
345109,Brisbane
345110,Brisbane
345111,Sydney
345112,Brisbane
345113,Brisbane
345114,Brisbane
345115,Brisbane
345116,Melbourne
345117,Brisbane
345118,Brisbane
345119,Perth
345120,Brisbane
345121,Sydney
345122,Brisbane
345123,Brisbane
345124,Brisbane
345125,Brisbane
345126,Brisbane
345127,Brisbane
345128,Brisbane
345129,Brisbane
345130,Brisbane
345131,Brisbane
345132,Brisbane
345133,Brisbane
345134,Brisbane
345135,Perth
345136,Brisbane
345137,Brisbane
345138,Brisbane
345139,Brisbane
345140,Brisbane
345141,Brisbane
345142,Brisbane
345143,Brisbane
345144,Brisbane
345145,Brisbane
345146,Melbourne
345147,Brisbane
345148,Brisbane
345149,Brisbane
345150,Melbourne
345151,Brisbane
345152,Brisbane
345153,Brisbane
345154,Brisbane
345155,Brisbane
345156,Brisbane
345157,Brisbane
345158,Brisbane
345159,Brisbane
345160,Brisbane
345161,Sydney
345162,Brisbane
345163,Brisbane
345164,Brisbane
345165,Brisbane
345166,Brisbane
345167,Brisbane
345168,Brisbane
345169,Sydney
345170,Brisbane
345171,Melbourne
345172,Brisbane
345173,Brisbane
345174,Brisbane
345175,Brisbane
345176,Brisbane
345177,Brisbane
345178,Brisbane
345179,Brisbane
345180,Perth
345181,Brisbane
345182,Brisbane
345183,Brisbane
345184,Brisbane
345185,Brisbane
345186,Brisbane
345187,Brisbane
345188,Sydney
345189,Brisbane
345190,Brisbane
345191,Perth
345192,Brisbane
345193,Brisbane
345194,Brisbane
345195,Brisbane
345196,Brisbane
345197,Brisbane
345198,Brisbane
345199,Brisbane
345200,Brisbane
345201,Brisbane
345202,Brisbane
345203,Brisbane
345204,Brisbane
345205,Brisbane
345206,Brisbane
345207,Brisbane
345208,Brisbane
345209,Brisbane
345210,Brisbane
345211,Brisbane
345212,Brisbane
345213,Melbourne
345214,Brisbane
345215,Brisbane
345216,Brisbane
345217,Brisbane
345218,Brisbane
345219,Brisbane
345220,Brisbane
345221,Brisbane
345222,Brisbane
345223,Brisbane
345224,Brisbane
345225,Brisbane
345226,Brisbane
345227,Brisbane
345228,Brisbane
345229,Sydney
345230,Brisbane
345231,Brisbane
345232,Brisbane
345233,Perth
345234,Brisbane
345235,Brisbane
345236,Brisbane
345237,Brisbane
345238,Brisbane
345239,Brisbane
345240,Brisbane
345241,Brisbane
345242,Sydney
345243,Brisbane
345244,Brisbane
345245,Brisbane
345246,Brisbane
345247,Brisbane
345248,Brisbane
345249,Brisbane
345250,Brisbane
345251,Brisbane
345252,Brisbane
345253,Brisbane
345254,Brisbane
345255,Brisbane
345256,Brisbane
345257,Brisbane
345258,Brisbane
345259,Brisbane
345260,Brisbane
345261,Sydney
345262,Brisbane
345263,Brisbane
345264,Brisbane
345265,Brisbane
345266,Brisbane
345267,Sydney
345268,Brisbane
345269,Melbourne
345270,Brisbane
345271,Brisbane
345272,Brisbane
345273,Brisbane
345274,Sydney
345275,Brisbane
345276,Brisbane
345277,Brisbane
345278,Brisbane
345279,Melbourne
345280,Brisbane
345281,Brisbane
345282,Sydney
345283,Brisbane
345284,Brisbane
345285,Brisbane
345286,Brisbane
345287,Brisbane
345288,Brisbane
345289,Brisbane
345290,Brisbane
345291,Brisbane
345292,Brisbane
345293,Brisbane
345294,Brisbane
345295,Brisbane
345296,Brisbane
345297,Brisbane
345298,Brisbane
345299,Brisbane
345300,Brisbane
345301,Brisbane
345302,Brisbane
345303,Brisbane
345304,Brisbane
345305,Sydney
345306,Brisbane
345307,Brisbane
345308,Brisbane
345309,Brisbane
345310,Brisbane
345311,Brisbane
345312,Brisbane
345313,Brisbane
345314,Brisbane
345315,Brisbane
345316,Brisbane
345317,Brisbane
345318,Brisbane
345319,Brisbane
345320,Brisbane
345321,Brisbane
345322,Brisbane
345323,Melbourne
345324,Brisbane
345325,Brisbane
345326,Sydney
345327,Brisbane
345328,Brisbane
345329,Brisbane
345330,Brisbane
345331,Brisbane
345332,Brisbane
345333,Brisbane
345334,Brisbane
345335,Brisbane
345336,Brisbane
345337,Brisbane
345338,Brisbane
345339,Brisbane
345340,Brisbane
345341,Brisbane
345342,Brisbane
345343,Sydney
345344,Brisbane
345345,Brisbane
345346,Brisbane
345347,Brisbane
345348,Brisbane
345349,Brisbane
345350,Brisbane
345351,Brisbane
345352,Brisbane
345353,Brisbane
345354,Brisbane
345355,Brisbane
345356,Brisbane
345357,Brisbane
345358,Brisbane
345359,Brisbane
345360,Brisbane
345361,Brisbane
345362,Brisbane
345363,Brisbane
345364,Brisbane
345365,Brisbane
345366,Brisbane
345367,Brisbane
345368,Brisbane
345369,Sydney
345370,Brisbane
345371,Brisbane
345372,Brisbane
345373,Brisbane
345374,Brisbane
345375,Brisbane
345376,Brisbane
345377,Sydney
345378,Brisbane
345379,Brisbane
345380,Brisbane
345381,Brisbane
345382,Brisbane
345383,Brisbane
345384,Brisbane
345385,Brisbane
345386,Brisbane
345387,Brisbane
345388,Brisbane
345389,Brisbane
345390,Brisbane
345391,Brisbane
345392,Brisbane
345393,Brisbane
345394,Brisbane
345395,Sydney
345396,Brisbane
345397,Sydney
345398,Brisbane
345399,Brisbane
345400,Brisbane
345401,Brisbane
345402,Brisbane
345403,Brisbane
345404,Brisbane
345405,Brisbane
345406,Brisbane
345407,Sydney
345408,Brisbane
345409,Brisbane
345410,Brisbane
345411,Brisbane
345412,Brisbane
345413,Perth
345414,Brisbane
345415,Brisbane
345416,Brisbane
345417,Brisbane
345418,Brisbane
345419,Brisbane
345420,Sydney
345421,Brisbane
345422,Brisbane
345423,Brisbane
345424,Brisbane
345425,Brisbane
345426,Perth
345427,Brisbane
345428,Brisbane
345429,Brisbane
345430,Melbourne
345431,Brisbane
345432,Brisbane
345433,Brisbane
345434,Brisbane
345435,Brisbane
345436,Brisbane
345437,Brisbane
345438,Perth
345439,Brisbane
345440,Brisbane
345441,Brisbane
345442,Brisbane
345443,Brisbane
345444,Brisbane
345445,Brisbane
345446,Brisbane
345447,Melbourne
345448,Brisbane
345449,Melbourne
345450,Brisbane
345451,Brisbane
345452,Brisbane
345453,Brisbane
345454,Brisbane
345455,Brisbane
345456,Brisbane
345457,Brisbane
345458,Sydney
345459,Perth
345460,Melbourne
345461,Brisbane
345462,Brisbane
345463,Brisbane
345464,Brisbane
345465,Sydney
345466,Brisbane
345467,Brisbane
345468,Brisbane
345469,Brisbane
345470,Brisbane
345471,Brisbane
345472,Brisbane
345473,Brisbane
345474,Brisbane
345475,Brisbane
345476,Brisbane
345477,Brisbane
345478,Brisbane
345479,Brisbane
345480,Brisbane
345481,Brisbane
345482,Brisbane
345483,Brisbane
345484,Brisbane
345485,Brisbane
345486,Brisbane
345487,Sydney
345488,Brisbane
345489,Brisbane
345490,Brisbane
345491,Brisbane
345492,Brisbane
345493,Brisbane
345494,Brisbane
345495,Brisbane
345496,Brisbane
345497,Brisbane
345498,Brisbane
345499,Brisbane
345500,Brisbane
345501,Brisbane
345502,Brisbane
345503,Brisbane
345504,Brisbane
345505,Brisbane
345506,Brisbane
345507,Brisbane
345508,Brisbane
345509,Brisbane
345510,Brisbane
345511,Brisbane
345512,Brisbane
345513,Brisbane
345514,Brisbane
345515,Brisbane
345516,Brisbane
345517,Sydney
345518,Brisbane
345519,Sydney
345520,Perth
345521,Brisbane
345522,Perth
345523,Brisbane
345524,Brisbane
345525,Brisbane
345526,Brisbane
345527,Sydney
345528,Perth
345529,Brisbane
345530,Brisbane
345531,Brisbane
345532,Brisbane
345533,Brisbane
345534,Brisbane
345535,Brisbane
345536,Brisbane
345537,Brisbane
345538,Brisbane
345539,Brisbane
345540,Brisbane
345541,Brisbane
345542,Brisbane
345543,Brisbane
345544,Brisbane
345545,Melbourne
345546,Brisbane
345547,Brisbane
345548,Brisbane
345549,Sydney
345550,Brisbane
345551,Brisbane
345552,Brisbane
345553,Sydney
345554,Brisbane
345555,Brisbane
345556,Brisbane
345557,Brisbane
345558,Brisbane
345559,Brisbane
345560,Brisbane
345561,Brisbane
345562,Brisbane
345563,Brisbane
345564,Brisbane
345565,Brisbane
345566,Brisbane
345567,Brisbane
345568,Brisbane
345569,Brisbane
345570,Brisbane
345571,Sydney
345572,Melbourne
345573,Brisbane
345574,Brisbane
345575,Brisbane
345576,Brisbane
345577,Brisbane
345578,Brisbane
345579,Brisbane
345580,Brisbane
345581,Sydney
345582,Brisbane
345583,Brisbane
345584,Brisbane
345585,Brisbane
345586,Brisbane
345587,Brisbane
345588,Perth
345589,Brisbane
345590,Brisbane
345591,Brisbane
345592,Brisbane
345593,Brisbane
345594,Brisbane
345595,Brisbane
345596,Brisbane
345597,Brisbane
345598,Brisbane
345599,Sydney
345600,Brisbane
345601,Brisbane
345602,Brisbane
345603,Brisbane
345604,Brisbane
345605,Brisbane
345606,Brisbane
345607,Brisbane
345608,Brisbane
345609,Brisbane
345610,Perth
345611,Sydney
345612,Brisbane
345613,Brisbane
345614,Melbourne
345615,Brisbane
345616,Perth
345617,Brisbane
345618,Brisbane
345619,Brisbane
345620,Brisbane
345621,Brisbane
345622,Brisbane
345623,Brisbane
345624,Brisbane
345625,Perth
345626,Brisbane
345627,Brisbane
345628,Brisbane
345629,Brisbane
345630,Brisbane
345631,Brisbane
345632,Brisbane
345633,Brisbane
345634,Brisbane
345635,Brisbane
345636,Brisbane
345637,Brisbane
345638,Brisbane
345639,Brisbane
345640,Brisbane
345641,Perth
345642,Brisbane
345643,Brisbane
345644,Brisbane
345645,Brisbane
345646,Brisbane
345647,Brisbane
345648,Brisbane
345649,Brisbane
345650,Melbourne
345651,Brisbane
345652,Brisbane
345653,Brisbane
345654,Brisbane
345655,Brisbane
345656,Brisbane
345657,Brisbane
345658,Brisbane
345659,Brisbane
345660,Brisbane
345661,Brisbane
345662,Brisbane
345663,Brisbane
345664,Brisbane
345665,Brisbane
345666,Sydney
345667,Brisbane
345668,Brisbane
345669,Brisbane
345670,Perth
345671,Brisbane
345672,Brisbane
345673,Brisbane
345674,Brisbane
345675,Brisbane
345676,Brisbane
345677,Perth
345678,Sydney
345679,Brisbane
345680,Brisbane
345681,Brisbane
345682,Brisbane
345683,Sydney
345684,Brisbane
345685,Brisbane
345686,Brisbane
345687,Brisbane
345688,Brisbane
345689,Brisbane
345690,Sydney
345691,Brisbane
345692,Brisbane
345693,Brisbane
345694,Brisbane
345695,Brisbane
345696,Brisbane
345697,Brisbane
345698,Brisbane
345699,Brisbane
345700,Brisbane
345701,Sydney
345702,Brisbane
345703,Brisbane
345704,Brisbane
345705,Brisbane
345706,Brisbane
345707,Brisbane
345708,Brisbane
345709,Brisbane
345710,Brisbane
345711,Brisbane
345712,Brisbane
345713,Brisbane
345714,Brisbane
345715,Melbourne
345716,Brisbane
345717,Brisbane
345718,Brisbane
345719,Brisbane
345720,Brisbane
345721,Brisbane
345722,Brisbane
345723,Brisbane
345724,Brisbane
345725,Brisbane
345726,Brisbane
345727,Brisbane
345728,Brisbane
345729,Brisbane
345730,Brisbane
345731,Brisbane
345732,Brisbane
345733,Brisbane
345734,Brisbane
345735,Perth
345736,Brisbane
345737,Brisbane
345738,Brisbane
345739,Brisbane
345740,Brisbane
345741,Brisbane
345742,Brisbane
345743,Brisbane
345744,Brisbane
345745,Brisbane
345746,Brisbane
345747,Brisbane
345748,Brisbane
345749,Melbourne
345750,Brisbane
345751,Brisbane
345752,Brisbane
345753,Brisbane
345754,Brisbane
345755,Brisbane
345756,Brisbane
345757,Brisbane
345758,Brisbane
345759,Brisbane
345760,Brisbane
345761,Brisbane
345762,Brisbane
345763,Melbourne
345764,Brisbane
345765,Brisbane
345766,Brisbane
345767,Brisbane
345768,Brisbane
345769,Brisbane
345770,Sydney
345771,Brisbane
345772,Brisbane
345773,Brisbane
345774,Brisbane
345775,Brisbane
345776,Brisbane
345777,Brisbane
345778,Brisbane
345779,Brisbane
345780,Brisbane
345781,Brisbane
345782,Brisbane
345783,Brisbane
345784,Brisbane
345785,Brisbane
345786,Perth
345787,Brisbane
345788,Brisbane
345789,Brisbane
345790,Brisbane
345791,Brisbane
345792,Brisbane
345793,Brisbane
345794,Brisbane
345795,Brisbane
345796,Brisbane
345797,Brisbane
345798,Brisbane
345799,Brisbane
345800,Brisbane
345801,Brisbane
345802,Brisbane
345803,Brisbane
345804,Brisbane
345805,Perth
345806,Brisbane
345807,Brisbane
345808,Brisbane
345809,Brisbane
345810,Brisbane
345811,Brisbane
345812,Brisbane
345813,Brisbane
345814,Brisbane
345815,Brisbane
345816,Brisbane
345817,Perth
345818,Brisbane
345819,Brisbane
345820,Brisbane
345821,Brisbane
345822,Brisbane
345823,Brisbane
345824,Melbourne
345825,Brisbane
345826,Sydney
345827,Brisbane
345828,Brisbane
345829,Brisbane
345830,Brisbane
345831,Brisbane
345832,Brisbane
345833,Brisbane
345834,Brisbane
345835,Brisbane
345836,Brisbane
345837,Brisbane
345838,Brisbane
345839,Brisbane
345840,Brisbane
345841,Brisbane
345842,Brisbane
345843,Brisbane
345844,Sydney
345845,Brisbane
345846,Brisbane
345847,Brisbane
345848,Brisbane
345849,Brisbane
345850,Sydney
345851,Brisbane
345852,Brisbane
345853,Brisbane
345854,Brisbane
345855,Brisbane
345856,Brisbane
345857,Brisbane
345858,Brisbane
345859,Brisbane
345860,Melbourne
345861,Brisbane
345862,Brisbane
345863,Brisbane
345864,Sydney
345865,Brisbane
345866,Brisbane
345867,Brisbane
345868,Brisbane
345869,Perth
345870,Brisbane
345871,Brisbane
345872,Sydney
345873,Brisbane
345874,Brisbane
345875,Brisbane
345876,Brisbane
345877,Brisbane
345878,Brisbane
345879,Brisbane
345880,Brisbane
345881,Brisbane
345882,Brisbane
345883,Brisbane
345884,Brisbane
345885,Brisbane
345886,Brisbane
345887,Brisbane
345888,Brisbane
345889,Brisbane
345890,Brisbane
345891,Brisbane
345892,Brisbane
345893,Brisbane
345894,Brisbane
345895,Brisbane
345896,Brisbane
345897,Brisbane
345898,Brisbane
345899,Brisbane
345900,Brisbane
345901,Brisbane
345902,Brisbane
345903,Brisbane
345904,Sydney
345905,Brisbane
345906,Melbourne
345907,Brisbane
345908,Brisbane
345909,Brisbane
345910,Brisbane
345911,Brisbane
345912,Brisbane
345913,Brisbane
345914,Brisbane
345915,Brisbane
345916,Brisbane
345917,Brisbane
345918,Brisbane
345919,Brisbane
345920,Brisbane
345921,Brisbane
345922,Brisbane
345923,Brisbane
345924,Perth
345925,Brisbane
345926,Brisbane
345927,Brisbane
345928,Brisbane
345929,Perth
345930,Perth
345931,Brisbane
345932,Brisbane
345933,Brisbane
345934,Brisbane
345935,Brisbane
345936,Brisbane
345937,Brisbane
345938,Brisbane
345939,Brisbane
345940,Brisbane
345941,Brisbane
345942,Brisbane
345943,Brisbane
345944,Brisbane
345945,Brisbane
345946,Brisbane
345947,Brisbane
345948,Brisbane
345949,Brisbane
345950,Brisbane
345951,Brisbane
345952,Brisbane
345953,Brisbane
345954,Brisbane
345955,Perth
345956,Brisbane
345957,Brisbane
345958,Brisbane
345959,Brisbane
345960,Brisbane
345961,Brisbane
345962,Brisbane
345963,Brisbane
345964,Brisbane
345965,Brisbane
345966,Brisbane
345967,Brisbane
345968,Brisbane
345969,Brisbane
345970,Brisbane
345971,Brisbane
345972,Brisbane
345973,Brisbane
345974,Brisbane
345975,Brisbane
345976,Brisbane
345977,Brisbane
345978,Brisbane
345979,Brisbane
345980,Brisbane
345981,Brisbane
345982,Brisbane
345983,Brisbane
345984,Brisbane
345985,Brisbane
345986,Brisbane
345987,Brisbane
345988,Brisbane
345989,Brisbane
345990,Brisbane
345991,Brisbane
345992,Brisbane
345993,Brisbane
345994,Brisbane
345995,Brisbane
345996,Brisbane
345997,Brisbane
345998,Brisbane
345999,Brisbane
346000,Brisbane
346001,Melbourne
346002,Brisbane
346003,Brisbane
346004,Brisbane
346005,Brisbane
346006,Brisbane
346007,Brisbane
346008,Brisbane
346009,Brisbane
346010,Perth
346011,Brisbane
346012,Brisbane
346013,Brisbane
346014,Perth
346015,Brisbane
346016,Brisbane
346017,Brisbane
346018,Brisbane
346019,Brisbane
346020,Brisbane
346021,Brisbane
346022,Brisbane
346023,Sydney
346024,Brisbane
346025,Brisbane
346026,Brisbane
346027,Sydney
346028,Brisbane
346029,Brisbane
346030,Brisbane
346031,Brisbane
346032,Brisbane
346033,Brisbane
346034,Brisbane
346035,Brisbane
346036,Brisbane
346037,Brisbane
346038,Brisbane
346039,Brisbane
346040,Brisbane
346041,Brisbane
346042,Perth
346043,Brisbane
346044,Brisbane
346045,Brisbane
346046,Brisbane
346047,Brisbane
346048,Brisbane
346049,Brisbane
346050,Brisbane
346051,Brisbane
346052,Brisbane
346053,Brisbane
346054,Brisbane
346055,Brisbane
346056,Brisbane
346057,Brisbane
346058,Brisbane
346059,Brisbane
346060,Brisbane
346061,Brisbane
346062,Brisbane
346063,Brisbane
346064,Melbourne
346065,Brisbane
346066,Brisbane
346067,Brisbane
346068,Brisbane
346069,Brisbane
346070,Melbourne
346071,Brisbane
346072,Brisbane
346073,Brisbane
346074,Brisbane
346075,Brisbane
346076,Sydney
346077,Brisbane
346078,Brisbane
346079,Brisbane
346080,Brisbane
346081,Brisbane
346082,Brisbane
346083,Brisbane
346084,Brisbane
346085,Brisbane
346086,Brisbane
346087,Melbourne
346088,Brisbane
346089,Perth
346090,Brisbane
346091,Brisbane
346092,Sydney
346093,Brisbane
346094,Brisbane
346095,Brisbane
346096,Brisbane
346097,Brisbane
346098,Brisbane
346099,Brisbane
346100,Brisbane
346101,Brisbane
346102,Brisbane
346103,Brisbane
346104,Brisbane
346105,Brisbane
346106,Perth
346107,Brisbane
346108,Brisbane
346109,Brisbane
346110,Brisbane
346111,Brisbane
346112,Brisbane
346113,Brisbane
346114,Brisbane
346115,Brisbane
346116,Brisbane
346117,Brisbane
346118,Brisbane
346119,Brisbane
346120,Brisbane
346121,Brisbane
346122,Brisbane
346123,Brisbane
346124,Brisbane
346125,Brisbane
346126,Brisbane
346127,Brisbane
346128,Perth
346129,Perth
346130,Brisbane
346131,Brisbane
346132,Brisbane
346133,Brisbane
346134,Brisbane
346135,Sydney
346136,Brisbane
346137,Brisbane
346138,Brisbane
346139,Brisbane
346140,Brisbane
346141,Brisbane
346142,Brisbane
346143,Brisbane
346144,Brisbane
346145,Brisbane
346146,Brisbane
346147,Brisbane
346148,Brisbane
346149,Brisbane
346150,Brisbane
346151,Brisbane
346152,Brisbane
346153,Brisbane
346154,Brisbane
346155,Brisbane
346156,Brisbane
346157,Brisbane
346158,Brisbane
346159,Brisbane
346160,Brisbane
346161,Brisbane
346162,Brisbane
346163,Brisbane
346164,Brisbane
346165,Brisbane
346166,Brisbane
346167,Brisbane
346168,Brisbane
346169,Brisbane
346170,Brisbane
346171,Brisbane
346172,Brisbane
346173,Brisbane
346174,Brisbane
346175,Brisbane
346176,Brisbane
346177,Brisbane
346178,Brisbane
346179,Brisbane
346180,Brisbane
346181,Brisbane
346182,Brisbane
346183,Brisbane
346184,Brisbane
346185,Melbourne
346186,Brisbane
346187,Brisbane
346188,Brisbane
346189,Brisbane
346190,Brisbane
346191,Brisbane
346192,Brisbane
346193,Brisbane
346194,Melbourne
346195,Brisbane
346196,Brisbane
346197,Brisbane
346198,Brisbane
346199,Brisbane
346200,Brisbane
346201,Brisbane
346202,Brisbane
346203,Brisbane
346204,Brisbane
346205,Brisbane
346206,Brisbane
346207,Sydney
346208,Brisbane
346209,Brisbane
346210,Brisbane
346211,Brisbane
346212,Brisbane
346213,Brisbane
346214,Sydney
346215,Brisbane
346216,Brisbane
346217,Brisbane
346218,Brisbane
346219,Brisbane
346220,Brisbane
346221,Brisbane
346222,Brisbane
346223,Brisbane
346224,Brisbane
346225,Brisbane
346226,Brisbane
346227,Brisbane
346228,Sydney
346229,Brisbane
346230,Brisbane
346231,Brisbane
346232,Perth
346233,Melbourne
346234,Brisbane
346235,Brisbane
346236,Brisbane
346237,Melbourne
346238,Brisbane
346239,Brisbane
346240,Brisbane
346241,Brisbane
346242,Brisbane
346243,Brisbane
346244,Brisbane
346245,Brisbane
346246,Brisbane
346247,Brisbane
346248,Brisbane
346249,Melbourne
346250,Brisbane
346251,Brisbane
346252,Brisbane
346253,Brisbane
346254,Brisbane
346255,Brisbane
346256,Brisbane
346257,Brisbane
346258,Brisbane
346259,Brisbane
346260,Brisbane
346261,Brisbane
346262,Brisbane
346263,Brisbane
346264,Brisbane
346265,Brisbane
346266,Melbourne
346267,Brisbane
346268,Brisbane
346269,Sydney
346270,Brisbane
346271,Brisbane
346272,Brisbane
346273,Brisbane
346274,Brisbane
346275,Brisbane
346276,Brisbane
346277,Brisbane
346278,Brisbane
346279,Brisbane
346280,Perth
346281,Brisbane
346282,Brisbane
346283,Brisbane
346284,Brisbane
346285,Brisbane
346286,Brisbane
346287,Brisbane
346288,Sydney
346289,Brisbane
346290,Brisbane
346291,Brisbane
346292,Brisbane
346293,Brisbane
346294,Brisbane
346295,Brisbane
346296,Brisbane
346297,Brisbane
346298,Brisbane
346299,Brisbane
346300,Melbourne
346301,Brisbane
346302,Brisbane
346303,Brisbane
346304,Brisbane
346305,Brisbane
346306,Perth
346307,Brisbane
346308,Brisbane
346309,Brisbane
346310,Brisbane
346311,Brisbane
346312,Brisbane
346313,Brisbane
346314,Brisbane
346315,Brisbane
346316,Brisbane
346317,Brisbane
346318,Brisbane
346319,Brisbane
346320,Brisbane
346321,Brisbane
346322,Brisbane
346323,Brisbane
346324,Brisbane
346325,Brisbane
346326,Brisbane
346327,Brisbane
346328,Sydney
346329,Brisbane
346330,Brisbane
346331,Brisbane
346332,Brisbane
346333,Brisbane
346334,Brisbane
346335,Brisbane
346336,Brisbane
346337,Brisbane
346338,Brisbane
346339,Brisbane
346340,Brisbane
346341,Brisbane
346342,Brisbane
346343,Brisbane
346344,Brisbane
346345,Brisbane
346346,Brisbane
346347,Brisbane
346348,Brisbane
346349,Sydney
346350,Brisbane
346351,Sydney
346352,Brisbane
346353,Brisbane
346354,Brisbane
346355,Brisbane
346356,Sydney
346357,Brisbane
346358,Brisbane
346359,Brisbane
346360,Brisbane
346361,Brisbane
346362,Brisbane
346363,Melbourne
346364,Brisbane
346365,Brisbane
346366,Brisbane
346367,Perth
346368,Brisbane
346369,Brisbane
346370,Brisbane
346371,Brisbane
346372,Brisbane
346373,Brisbane
346374,Brisbane
346375,Brisbane
346376,Brisbane
346377,Melbourne
346378,Brisbane
346379,Brisbane
346380,Brisbane
346381,Brisbane
346382,Sydney
346383,Brisbane
346384,Perth
346385,Brisbane
346386,Sydney
346387,Brisbane
346388,Perth
346389,Brisbane
346390,Brisbane
346391,Brisbane
346392,Perth
346393,Brisbane
346394,Brisbane
346395,Brisbane
346396,Brisbane
346397,Brisbane
346398,Brisbane
346399,Brisbane
346400,Brisbane
346401,Brisbane
346402,Brisbane
346403,Brisbane
346404,Brisbane
346405,Brisbane
346406,Brisbane
346407,Brisbane
346408,Brisbane
346409,Sydney
346410,Sydney
346411,Brisbane
346412,Brisbane
346413,Brisbane
346414,Brisbane
346415,Sydney
346416,Brisbane
346417,Brisbane
346418,Brisbane
346419,Brisbane
346420,Brisbane
346421,Brisbane
346422,Brisbane
346423,Brisbane
346424,Brisbane
346425,Brisbane
346426,Brisbane
346427,Brisbane
346428,Brisbane
346429,Brisbane
346430,Brisbane
346431,Brisbane
346432,Brisbane
346433,Brisbane
346434,Brisbane
346435,Brisbane
346436,Brisbane
346437,Brisbane
346438,Brisbane
346439,Brisbane
346440,Brisbane
346441,Brisbane
346442,Brisbane
346443,Brisbane
346444,Brisbane
346445,Sydney
346446,Brisbane
346447,Melbourne
346448,Perth
346449,Brisbane
346450,Brisbane
346451,Brisbane
346452,Brisbane
346453,Brisbane
346454,Brisbane
346455,Brisbane
346456,Brisbane
346457,Perth
346458,Brisbane
346459,Brisbane
346460,Brisbane
346461,Brisbane
346462,Brisbane
346463,Brisbane
346464,Sydney
346465,Brisbane
346466,Brisbane
346467,Brisbane
346468,Brisbane
346469,Brisbane
346470,Brisbane
346471,Brisbane
346472,Brisbane
346473,Sydney
346474,Brisbane
346475,Brisbane
346476,Brisbane
346477,Brisbane
346478,Brisbane
346479,Brisbane
346480,Brisbane
346481,Perth
346482,Brisbane
346483,Brisbane
346484,Brisbane
346485,Brisbane
346486,Brisbane
346487,Brisbane
346488,Brisbane
346489,Brisbane
346490,Brisbane
346491,Brisbane
346492,Brisbane
346493,Brisbane
346494,Brisbane
346495,Brisbane
346496,Perth
346497,Brisbane
346498,Brisbane
346499,Brisbane
346500,Melbourne
346501,Brisbane
346502,Brisbane
346503,Brisbane
346504,Brisbane
346505,Brisbane
346506,Brisbane
346507,Melbourne
346508,Brisbane
346509,Brisbane
346510,Brisbane
346511,Brisbane
346512,Brisbane
346513,Brisbane
346514,Brisbane
346515,Brisbane
346516,Sydney
346517,Brisbane
346518,Sydney
346519,Brisbane
346520,Brisbane
346521,Brisbane
346522,Brisbane
346523,Brisbane
346524,Brisbane
346525,Brisbane
346526,Brisbane
346527,Melbourne
346528,Brisbane
346529,Brisbane
346530,Brisbane
346531,Brisbane
346532,Brisbane
346533,Brisbane
346534,Brisbane
346535,Brisbane
346536,Brisbane
346537,Brisbane
346538,Brisbane
346539,Brisbane
346540,Brisbane
346541,Brisbane
346542,Brisbane
346543,Brisbane
346544,Brisbane
346545,Sydney
346546,Brisbane
346547,Brisbane
346548,Brisbane
346549,Brisbane
346550,Brisbane
346551,Brisbane
346552,Brisbane
346553,Brisbane
346554,Brisbane
346555,Brisbane
346556,Brisbane
346557,Brisbane
346558,Brisbane
346559,Brisbane
346560,Brisbane
346561,Brisbane
346562,Brisbane
346563,Brisbane
346564,Brisbane
346565,Brisbane
346566,Brisbane
346567,Brisbane
346568,Brisbane
346569,Brisbane
346570,Brisbane
346571,Brisbane
346572,Brisbane
346573,Brisbane
346574,Brisbane
346575,Brisbane
346576,Brisbane
346577,Brisbane
346578,Brisbane
346579,Brisbane
346580,Brisbane
346581,Brisbane
346582,Brisbane
346583,Brisbane
346584,Brisbane
346585,Brisbane
346586,Brisbane
346587,Brisbane
346588,Brisbane
346589,Brisbane
346590,Sydney
346591,Sydney
346592,Brisbane
346593,Brisbane
346594,Brisbane
346595,Brisbane
346596,Brisbane
346597,Brisbane
346598,Brisbane
346599,Sydney
346600,Brisbane
346601,Brisbane
346602,Brisbane
346603,Brisbane
346604,Brisbane
346605,Brisbane
346606,Brisbane
346607,Brisbane
346608,Brisbane
346609,Brisbane
346610,Brisbane
346611,Brisbane
346612,Brisbane
346613,Brisbane
346614,Brisbane
346615,Sydney
346616,Brisbane
346617,Brisbane
346618,Brisbane
346619,Brisbane
346620,Brisbane
346621,Brisbane
346622,Sydney
346623,Melbourne
346624,Brisbane
346625,Perth
346626,Brisbane
346627,Brisbane
346628,Brisbane
346629,Brisbane
346630,Melbourne
346631,Brisbane
346632,Melbourne
346633,Brisbane
346634,Perth
346635,Brisbane
346636,Brisbane
346637,Brisbane
346638,Brisbane
346639,Brisbane
346640,Brisbane
346641,Brisbane
346642,Perth
346643,Brisbane
346644,Brisbane
346645,Brisbane
346646,Sydney
346647,Brisbane
346648,Brisbane
346649,Brisbane
346650,Brisbane
346651,Sydney
346652,Brisbane
346653,Brisbane
346654,Brisbane
346655,Brisbane
346656,Brisbane
346657,Sydney
346658,Brisbane
346659,Melbourne
346660,Brisbane
346661,Brisbane
346662,Brisbane
346663,Brisbane
346664,Sydney
346665,Brisbane
346666,Brisbane
346667,Brisbane
346668,Brisbane
346669,Sydney
346670,Brisbane
346671,Brisbane
346672,Brisbane
346673,Brisbane
346674,Brisbane
346675,Brisbane
346676,Brisbane
346677,Brisbane
346678,Brisbane
346679,Brisbane
346680,Brisbane
346681,Melbourne
346682,Brisbane
346683,Brisbane
346684,Sydney
346685,Brisbane
346686,Brisbane
346687,Brisbane
346688,Brisbane
346689,Brisbane
346690,Brisbane
346691,Brisbane
346692,Brisbane
346693,Brisbane
346694,Brisbane
346695,Brisbane
346696,Brisbane
346697,Brisbane
346698,Brisbane
346699,Brisbane
346700,Perth
346701,Brisbane
346702,Brisbane
346703,Brisbane
346704,Brisbane
346705,Brisbane
346706,Brisbane
346707,Brisbane
346708,Brisbane
346709,Brisbane
346710,Brisbane
346711,Brisbane
346712,Brisbane
346713,Brisbane
346714,Brisbane
346715,Brisbane
346716,Brisbane
346717,Brisbane
346718,Brisbane
346719,Brisbane
346720,Brisbane
346721,Brisbane
346722,Brisbane
346723,Brisbane
346724,Brisbane
346725,Brisbane
346726,Brisbane
346727,Brisbane
346728,Brisbane
346729,Brisbane
346730,Brisbane
346731,Brisbane
346732,Perth
346733,Brisbane
346734,Brisbane
346735,Sydney
346736,Perth
346737,Brisbane
346738,Brisbane
346739,Brisbane
346740,Sydney
346741,Brisbane
346742,Brisbane
346743,Brisbane
346744,Brisbane
346745,Perth
346746,Brisbane
346747,Brisbane
346748,Brisbane
346749,Brisbane
346750,Brisbane
346751,Brisbane
346752,Brisbane
346753,Brisbane
346754,Brisbane
346755,Brisbane
346756,Brisbane
346757,Perth
346758,Brisbane
346759,Brisbane
346760,Brisbane
346761,Melbourne
346762,Brisbane
346763,Brisbane
346764,Brisbane
346765,Brisbane
346766,Brisbane
346767,Brisbane
346768,Brisbane
346769,Brisbane
346770,Brisbane
346771,Brisbane
346772,Brisbane
346773,Brisbane
346774,Brisbane
346775,Melbourne
346776,Brisbane
346777,Brisbane
346778,Sydney
346779,Brisbane
346780,Brisbane
346781,Brisbane
346782,Brisbane
346783,Brisbane
346784,Brisbane
346785,Brisbane
346786,Brisbane
346787,Brisbane
346788,Brisbane
346789,Brisbane
346790,Brisbane
346791,Brisbane
346792,Brisbane
346793,Brisbane
346794,Brisbane
346795,Perth
346796,Melbourne
346797,Sydney
346798,Brisbane
346799,Brisbane
346800,Brisbane
346801,Brisbane
346802,Brisbane
346803,Brisbane
346804,Brisbane
346805,Brisbane
346806,Brisbane
346807,Brisbane
346808,Brisbane
346809,Melbourne
346810,Brisbane
346811,Brisbane
346812,Brisbane
346813,Brisbane
346814,Brisbane
346815,Brisbane
346816,Brisbane
346817,Brisbane
346818,Brisbane
346819,Brisbane
346820,Brisbane
346821,Brisbane
346822,Brisbane
346823,Brisbane
346824,Perth
346825,Brisbane
346826,Brisbane
346827,Brisbane
346828,Brisbane
346829,Brisbane
346830,Brisbane
346831,Brisbane
346832,Brisbane
346833,Brisbane
346834,Brisbane
346835,Brisbane
346836,Brisbane
346837,Brisbane
346838,Brisbane
346839,Brisbane
346840,Brisbane
346841,Brisbane
346842,Brisbane
346843,Brisbane
346844,Brisbane
346845,Brisbane
346846,Brisbane
346847,Brisbane
346848,Brisbane
346849,Brisbane
346850,Brisbane
346851,Brisbane
346852,Brisbane
346853,Brisbane
346854,Brisbane
346855,Brisbane
346856,Brisbane
346857,Brisbane
346858,Brisbane
346859,Brisbane
346860,Brisbane
346861,Brisbane
346862,Brisbane
346863,Brisbane
346864,Brisbane
346865,Brisbane
346866,Brisbane
346867,Brisbane
346868,Brisbane
346869,Brisbane
346870,Brisbane
346871,Brisbane
346872,Brisbane
346873,Brisbane
346874,Brisbane
346875,Brisbane
346876,Brisbane
346877,Brisbane
346878,Brisbane
346879,Brisbane
346880,Brisbane
346881,Sydney
346882,Brisbane
346883,Brisbane
346884,Brisbane
346885,Brisbane
346886,Sydney
346887,Brisbane
346888,Brisbane
346889,Brisbane
346890,Sydney
346891,Brisbane
346892,Brisbane
346893,Brisbane
346894,Melbourne
346895,Brisbane
346896,Brisbane
346897,Brisbane
346898,Brisbane
346899,Brisbane
346900,Brisbane
346901,Brisbane
346902,Brisbane
346903,Brisbane
346904,Brisbane
346905,Brisbane
346906,Brisbane
346907,Brisbane
346908,Brisbane
346909,Brisbane
346910,Brisbane
346911,Brisbane
346912,Brisbane
346913,Brisbane
346914,Brisbane
346915,Brisbane
346916,Brisbane
346917,Brisbane
346918,Brisbane
346919,Perth
346920,Brisbane
346921,Brisbane
346922,Brisbane
346923,Brisbane
346924,Brisbane
346925,Brisbane
346926,Brisbane
346927,Brisbane
346928,Brisbane
346929,Brisbane
346930,Brisbane
346931,Brisbane
346932,Brisbane
346933,Brisbane
346934,Brisbane
346935,Brisbane
346936,Brisbane
346937,Brisbane
346938,Brisbane
346939,Sydney
346940,Brisbane
346941,Brisbane
346942,Brisbane
346943,Brisbane
346944,Brisbane
346945,Brisbane
346946,Brisbane
346947,Brisbane
346948,Melbourne
346949,Brisbane
346950,Brisbane
346951,Brisbane
346952,Sydney
346953,Brisbane
346954,Brisbane
346955,Brisbane
346956,Brisbane
346957,Brisbane
346958,Brisbane
346959,Brisbane
346960,Melbourne
346961,Sydney
346962,Brisbane
346963,Melbourne
346964,Brisbane
346965,Brisbane
346966,Brisbane
346967,Brisbane
346968,Brisbane
346969,Brisbane
346970,Brisbane
346971,Brisbane
346972,Brisbane
346973,Sydney
346974,Brisbane
346975,Brisbane
346976,Brisbane
346977,Brisbane
346978,Brisbane
346979,Brisbane
346980,Melbourne
346981,Brisbane
346982,Brisbane
346983,Brisbane
346984,Melbourne
346985,Brisbane
346986,Brisbane
346987,Brisbane
346988,Brisbane
346989,Brisbane
346990,Brisbane
346991,Brisbane
346992,Brisbane
346993,Brisbane
346994,Brisbane
346995,Brisbane
346996,Brisbane
346997,Brisbane
346998,Brisbane
346999,Brisbane
347000,Brisbane
347001,Brisbane
347002,Brisbane
347003,Melbourne
347004,Brisbane
347005,Brisbane
347006,Brisbane
347007,Brisbane
347008,Brisbane
347009,Brisbane
347010,Perth
347011,Sydney
347012,Brisbane
347013,Perth
347014,Brisbane
347015,Brisbane
347016,Brisbane
347017,Perth
347018,Brisbane
347019,Brisbane
347020,Brisbane
347021,Brisbane
347022,Brisbane
347023,Brisbane
347024,Brisbane
347025,Brisbane
347026,Brisbane
347027,Brisbane
347028,Brisbane
347029,Brisbane
347030,Brisbane
347031,Sydney
347032,Brisbane
347033,Brisbane
347034,Brisbane
347035,Brisbane
347036,Brisbane
347037,Brisbane
347038,Brisbane
347039,Brisbane
347040,Brisbane
347041,Brisbane
347042,Brisbane
347043,Sydney
347044,Brisbane
347045,Brisbane
347046,Perth
347047,Brisbane
347048,Brisbane
347049,Brisbane
347050,Brisbane
347051,Brisbane
347052,Sydney
347053,Brisbane
347054,Brisbane
347055,Brisbane
347056,Brisbane
347057,Brisbane
347058,Brisbane
347059,Brisbane
347060,Brisbane
347061,Brisbane
347062,Sydney
347063,Brisbane
347064,Brisbane
347065,Brisbane
347066,Brisbane
347067,Brisbane
347068,Brisbane
347069,Brisbane
347070,Brisbane
347071,Brisbane
347072,Perth
347073,Brisbane
347074,Brisbane
347075,Brisbane
347076,Brisbane
347077,Brisbane
347078,Brisbane
347079,Brisbane
347080,Brisbane
347081,Brisbane
347082,Brisbane
347083,Melbourne
347084,Brisbane
347085,Brisbane
347086,Brisbane
347087,Brisbane
347088,Brisbane
347089,Brisbane
347090,Brisbane
347091,Brisbane
347092,Brisbane
347093,Brisbane
347094,Brisbane
347095,Brisbane
347096,Brisbane
347097,Brisbane
347098,Brisbane
347099,Perth
347100,Brisbane
347101,Perth
347102,Brisbane
347103,Brisbane
347104,Brisbane
347105,Brisbane
347106,Brisbane
347107,Brisbane
347108,Perth
347109,Sydney
347110,Brisbane
347111,Brisbane
347112,Brisbane
347113,Brisbane
347114,Brisbane
347115,Brisbane
347116,Brisbane
347117,Brisbane
347118,Brisbane
347119,Brisbane
347120,Brisbane
347121,Brisbane
347122,Perth
347123,Brisbane
347124,Brisbane
347125,Brisbane
347126,Brisbane
347127,Brisbane
347128,Brisbane
347129,Brisbane
347130,Brisbane
347131,Brisbane
347132,Brisbane
347133,Brisbane
347134,Brisbane
347135,Brisbane
347136,Brisbane
347137,Brisbane
347138,Brisbane
347139,Perth
347140,Brisbane
347141,Brisbane
347142,Melbourne
347143,Brisbane
347144,Brisbane
347145,Brisbane
347146,Brisbane
347147,Brisbane
347148,Sydney
347149,Brisbane
347150,Sydney
347151,Brisbane
347152,Brisbane
347153,Brisbane
347154,Brisbane
347155,Brisbane
347156,Brisbane
347157,Brisbane
347158,Brisbane
347159,Brisbane
347160,Brisbane
347161,Brisbane
347162,Brisbane
347163,Brisbane
347164,Brisbane
347165,Brisbane
347166,Brisbane
347167,Brisbane
347168,Sydney
347169,Brisbane
347170,Brisbane
347171,Brisbane
347172,Brisbane
347173,Brisbane
347174,Sydney
347175,Brisbane
347176,Brisbane
347177,Brisbane
347178,Brisbane
347179,Brisbane
347180,Brisbane
347181,Brisbane
347182,Brisbane
347183,Brisbane
347184,Brisbane
347185,Brisbane
347186,Brisbane
347187,Brisbane
347188,Brisbane
347189,Brisbane
347190,Melbourne
347191,Perth
347192,Brisbane
347193,Brisbane
347194,Brisbane
347195,Brisbane
347196,Brisbane
347197,Brisbane
347198,Brisbane
347199,Brisbane
347200,Brisbane
347201,Brisbane
347202,Brisbane
347203,Perth
347204,Brisbane
347205,Brisbane
347206,Brisbane
347207,Brisbane
347208,Sydney
347209,Brisbane
347210,Brisbane
347211,Sydney
347212,Brisbane
347213,Sydney
347214,Brisbane
347215,Brisbane
347216,Brisbane
347217,Sydney
347218,Brisbane
347219,Brisbane
347220,Brisbane
347221,Brisbane
347222,Sydney
347223,Brisbane
347224,Brisbane
347225,Brisbane
347226,Brisbane
347227,Brisbane
347228,Melbourne
347229,Brisbane
347230,Brisbane
347231,Brisbane
347232,Brisbane
347233,Brisbane
347234,Brisbane
347235,Brisbane
347236,Brisbane
347237,Brisbane
347238,Sydney
347239,Sydney
347240,Brisbane
347241,Brisbane
347242,Brisbane
347243,Brisbane
347244,Brisbane
347245,Sydney
347246,Brisbane
347247,Brisbane
347248,Brisbane
347249,Brisbane
347250,Melbourne
347251,Brisbane
347252,Brisbane
347253,Brisbane
347254,Brisbane
347255,Brisbane
347256,Perth
347257,Brisbane
347258,Brisbane
347259,Brisbane
347260,Brisbane
347261,Brisbane
347262,Melbourne
347263,Brisbane
347264,Brisbane
347265,Brisbane
347266,Brisbane
347267,Perth
347268,Brisbane
347269,Brisbane
347270,Brisbane
347271,Brisbane
347272,Brisbane
347273,Brisbane
347274,Brisbane
347275,Brisbane
347276,Perth
347277,Brisbane
347278,Brisbane
347279,Brisbane
347280,Brisbane
347281,Brisbane
347282,Sydney
347283,Melbourne
347284,Brisbane
347285,Sydney
347286,Brisbane
347287,Brisbane
347288,Brisbane
347289,Brisbane
347290,Brisbane
347291,Brisbane
347292,Sydney
347293,Brisbane
347294,Brisbane
347295,Brisbane
347296,Brisbane
347297,Brisbane
347298,Brisbane
347299,Brisbane
347300,Brisbane
347301,Brisbane
347302,Brisbane
347303,Brisbane
347304,Brisbane
347305,Brisbane
347306,Brisbane
347307,Brisbane
347308,Brisbane
347309,Melbourne
347310,Brisbane
347311,Brisbane
347312,Brisbane
347313,Brisbane
347314,Brisbane
347315,Brisbane
347316,Brisbane
347317,Brisbane
347318,Brisbane
347319,Brisbane
347320,Brisbane
347321,Brisbane
347322,Brisbane
347323,Brisbane
347324,Brisbane
347325,Brisbane
347326,Brisbane
347327,Perth
347328,Brisbane
347329,Sydney
347330,Brisbane
347331,Brisbane
347332,Brisbane
347333,Brisbane
347334,Brisbane
347335,Brisbane
347336,Brisbane
347337,Brisbane
347338,Brisbane
347339,Brisbane
347340,Sydney
347341,Brisbane
347342,Brisbane
347343,Brisbane
347344,Brisbane
347345,Brisbane
347346,Brisbane
347347,Brisbane
347348,Brisbane
347349,Brisbane
347350,Brisbane
347351,Brisbane
347352,Brisbane
347353,Brisbane
347354,Brisbane
347355,Brisbane
347356,Brisbane
347357,Brisbane
347358,Brisbane
347359,Brisbane
347360,Brisbane
347361,Perth
347362,Melbourne
347363,Brisbane
347364,Brisbane
347365,Brisbane
347366,Brisbane
347367,Perth
347368,Brisbane
347369,Brisbane
347370,Brisbane
347371,Brisbane
347372,Brisbane
347373,Brisbane
347374,Brisbane
347375,Brisbane
347376,Brisbane
347377,Melbourne
347378,Perth
347379,Brisbane
347380,Brisbane
347381,Brisbane
347382,Brisbane
347383,Brisbane
347384,Brisbane
347385,Brisbane
347386,Perth
347387,Brisbane
347388,Brisbane
347389,Brisbane
347390,Brisbane
347391,Brisbane
347392,Brisbane
347393,Perth
347394,Brisbane
347395,Brisbane
347396,Brisbane
347397,Brisbane
347398,Brisbane
347399,Brisbane
347400,Brisbane
347401,Brisbane
347402,Brisbane
347403,Melbourne
347404,Brisbane
347405,Brisbane
347406,Brisbane
347407,Brisbane
347408,Melbourne
347409,Brisbane
347410,Brisbane
347411,Brisbane
347412,Melbourne
347413,Brisbane
347414,Brisbane
347415,Brisbane
347416,Brisbane
347417,Brisbane
347418,Brisbane
347419,Brisbane
347420,Brisbane
347421,Brisbane
347422,Brisbane
347423,Brisbane
347424,Brisbane
347425,Brisbane
347426,Brisbane
347427,Brisbane
347428,Brisbane
347429,Perth
347430,Brisbane
347431,Brisbane
347432,Brisbane
347433,Perth
347434,Brisbane
347435,Brisbane
347436,Brisbane
347437,Melbourne
347438,Brisbane
347439,Brisbane
347440,Brisbane
347441,Brisbane
347442,Brisbane
347443,Brisbane
347444,Brisbane
347445,Brisbane
347446,Brisbane
347447,Perth
347448,Brisbane
347449,Brisbane
347450,Brisbane
347451,Brisbane
347452,Brisbane
347453,Brisbane
347454,Brisbane
347455,Brisbane
347456,Melbourne
347457,Brisbane
347458,Brisbane
347459,Brisbane
347460,Brisbane
347461,Brisbane
347462,Brisbane
347463,Brisbane
347464,Brisbane
347465,Brisbane
347466,Brisbane
347467,Melbourne
347468,Brisbane
347469,Brisbane
347470,Brisbane
347471,Perth
347472,Brisbane
347473,Brisbane
347474,Brisbane
347475,Brisbane
347476,Brisbane
347477,Sydney
347478,Perth
347479,Brisbane
347480,Sydney
347481,Brisbane
347482,Brisbane
347483,Brisbane
347484,Brisbane
347485,Brisbane
347486,Brisbane
347487,Brisbane
347488,Brisbane
347489,Sydney
347490,Sydney
347491,Brisbane
347492,Brisbane
347493,Sydney
347494,Brisbane
347495,Brisbane
347496,Brisbane
347497,Brisbane
347498,Brisbane
347499,Brisbane
347500,Brisbane
347501,Brisbane
347502,Brisbane
347503,Brisbane
347504,Brisbane
347505,Brisbane
347506,Brisbane
347507,Brisbane
347508,Brisbane
347509,Brisbane
347510,Brisbane
347511,Brisbane
347512,Brisbane
347513,Brisbane
347514,Brisbane
347515,Brisbane
347516,Brisbane
347517,Brisbane
347518,Brisbane
347519,Brisbane
347520,Brisbane
347521,Brisbane
347522,Brisbane
347523,Brisbane
347524,Brisbane
347525,Brisbane
347526,Brisbane
347527,Brisbane
347528,Brisbane
347529,Brisbane
347530,Brisbane
347531,Brisbane
347532,Brisbane
347533,Brisbane
347534,Brisbane
347535,Melbourne
347536,Brisbane
347537,Brisbane
347538,Brisbane
347539,Brisbane
347540,Perth
347541,Brisbane
347542,Brisbane
347543,Brisbane
347544,Brisbane
347545,Brisbane
347546,Brisbane
347547,Brisbane
347548,Brisbane
347549,Brisbane
347550,Brisbane
347551,Brisbane
347552,Brisbane
347553,Brisbane
347554,Brisbane
347555,Brisbane
347556,Brisbane
347557,Brisbane
347558,Brisbane
347559,Brisbane
347560,Brisbane
347561,Brisbane
347562,Brisbane
347563,Brisbane
347564,Brisbane
347565,Brisbane
347566,Perth
347567,Brisbane
347568,Brisbane
347569,Brisbane
347570,Perth
347571,Brisbane
347572,Brisbane
347573,Brisbane
347574,Brisbane
347575,Brisbane
347576,Brisbane
347577,Brisbane
347578,Brisbane
347579,Brisbane
347580,Brisbane
347581,Brisbane
347582,Brisbane
347583,Brisbane
347584,Brisbane
347585,Perth
347586,Brisbane
347587,Melbourne
347588,Brisbane
347589,Brisbane
347590,Brisbane
347591,Brisbane
347592,Brisbane
347593,Brisbane
347594,Brisbane
347595,Brisbane
347596,Brisbane
347597,Brisbane
347598,Brisbane
347599,Brisbane
347600,Brisbane
347601,Melbourne
347602,Brisbane
347603,Brisbane
347604,Brisbane
347605,Brisbane
347606,Brisbane
347607,Brisbane
347608,Brisbane
347609,Brisbane
347610,Brisbane
347611,Brisbane
347612,Melbourne
347613,Brisbane
347614,Brisbane
347615,Brisbane
347616,Brisbane
347617,Brisbane
347618,Brisbane
347619,Brisbane
347620,Brisbane
347621,Brisbane
347622,Brisbane
347623,Sydney
347624,Brisbane
347625,Brisbane
347626,Brisbane
347627,Brisbane
347628,Brisbane
347629,Brisbane
347630,Brisbane
347631,Brisbane
347632,Brisbane
347633,Brisbane
347634,Brisbane
347635,Brisbane
347636,Brisbane
347637,Melbourne
347638,Brisbane
347639,Brisbane
347640,Brisbane
347641,Brisbane
347642,Brisbane
347643,Brisbane
347644,Brisbane
347645,Brisbane
347646,Brisbane
347647,Brisbane
347648,Brisbane
347649,Brisbane
347650,Perth
347651,Brisbane
347652,Brisbane
347653,Brisbane
347654,Sydney
347655,Perth
347656,Brisbane
347657,Brisbane
347658,Brisbane
347659,Brisbane
347660,Brisbane
347661,Brisbane
347662,Brisbane
347663,Perth
347664,Brisbane
347665,Perth
347666,Melbourne
347667,Melbourne
347668,Sydney
347669,Brisbane
347670,Brisbane
347671,Sydney
347672,Brisbane
347673,Brisbane
347674,Brisbane
347675,Brisbane
347676,Brisbane
347677,Brisbane
347678,Brisbane
347679,Brisbane
347680,Brisbane
347681,Brisbane
347682,Brisbane
347683,Brisbane
347684,Melbourne
347685,Brisbane
347686,Brisbane
347687,Melbourne
347688,Brisbane
347689,Brisbane
347690,Brisbane
347691,Brisbane
347692,Brisbane
347693,Brisbane
347694,Perth
347695,Perth
347696,Brisbane
347697,Brisbane
347698,Brisbane
347699,Brisbane
347700,Brisbane
347701,Brisbane
347702,Brisbane
347703,Sydney
347704,Brisbane
347705,Brisbane
347706,Brisbane
347707,Brisbane
347708,Brisbane
347709,Brisbane
347710,Brisbane
347711,Brisbane
347712,Brisbane
347713,Brisbane
347714,Brisbane
347715,Brisbane
347716,Brisbane
347717,Brisbane
347718,Brisbane
347719,Brisbane
347720,Brisbane
347721,Melbourne
347722,Brisbane
347723,Brisbane
347724,Brisbane
347725,Brisbane
347726,Melbourne
347727,Brisbane
347728,Perth
347729,Brisbane
347730,Brisbane
347731,Brisbane
347732,Brisbane
347733,Brisbane
347734,Brisbane
347735,Brisbane
347736,Brisbane
347737,Brisbane
347738,Melbourne
347739,Brisbane
347740,Brisbane
347741,Brisbane
347742,Brisbane
347743,Brisbane
347744,Brisbane
347745,Brisbane
347746,Brisbane
347747,Brisbane
347748,Melbourne
347749,Brisbane
347750,Brisbane
347751,Brisbane
347752,Brisbane
347753,Brisbane
347754,Brisbane
347755,Brisbane
347756,Brisbane
347757,Brisbane
347758,Brisbane
347759,Brisbane
347760,Brisbane
347761,Brisbane
347762,Brisbane
347763,Brisbane
347764,Brisbane
347765,Brisbane
347766,Brisbane
347767,Brisbane
347768,Brisbane
347769,Brisbane
347770,Brisbane
347771,Brisbane
347772,Melbourne
347773,Brisbane
347774,Brisbane
347775,Brisbane
347776,Brisbane
347777,Brisbane
347778,Brisbane
347779,Brisbane
347780,Brisbane
347781,Brisbane
347782,Brisbane
347783,Brisbane
347784,Brisbane
347785,Brisbane
347786,Brisbane
347787,Brisbane
347788,Brisbane
347789,Brisbane
347790,Brisbane
347791,Brisbane
347792,Brisbane
347793,Sydney
347794,Brisbane
347795,Brisbane
347796,Sydney
347797,Brisbane
347798,Brisbane
347799,Brisbane
347800,Brisbane
347801,Perth
347802,Brisbane
347803,Brisbane
347804,Brisbane
347805,Brisbane
347806,Brisbane
347807,Brisbane
347808,Brisbane
347809,Brisbane
347810,Brisbane
347811,Brisbane
347812,Brisbane
347813,Brisbane
347814,Brisbane
347815,Brisbane
347816,Brisbane
347817,Brisbane
347818,Brisbane
347819,Brisbane
347820,Sydney
347821,Brisbane
347822,Brisbane
347823,Brisbane
347824,Melbourne
347825,Brisbane
347826,Brisbane
347827,Brisbane
347828,Brisbane
347829,Brisbane
347830,Brisbane
347831,Perth
347832,Brisbane
347833,Brisbane
347834,Melbourne
347835,Brisbane
347836,Sydney
347837,Melbourne
347838,Brisbane
347839,Melbourne
347840,Brisbane
347841,Brisbane
347842,Perth
347843,Brisbane
347844,Brisbane
347845,Melbourne
347846,Brisbane
347847,Brisbane
347848,Brisbane
347849,Brisbane
347850,Brisbane
347851,Brisbane
347852,Sydney
347853,Brisbane
347854,Brisbane
347855,Brisbane
347856,Brisbane
347857,Brisbane
347858,Brisbane
347859,Brisbane
347860,Brisbane
347861,Brisbane
347862,Brisbane
347863,Melbourne
347864,Brisbane
347865,Brisbane
347866,Brisbane
347867,Brisbane
347868,Brisbane
347869,Brisbane
347870,Brisbane
347871,Brisbane
347872,Brisbane
347873,Brisbane
347874,Brisbane
347875,Brisbane
347876,Brisbane
347877,Brisbane
347878,Brisbane
347879,Brisbane
347880,Brisbane
347881,Brisbane
347882,Brisbane
347883,Brisbane
347884,Brisbane
347885,Brisbane
347886,Brisbane
347887,Brisbane
347888,Brisbane
347889,Brisbane
347890,Brisbane
347891,Melbourne
347892,Brisbane
347893,Brisbane
347894,Brisbane
347895,Brisbane
347896,Brisbane
347897,Brisbane
347898,Brisbane
347899,Brisbane
347900,Brisbane
347901,Brisbane
347902,Brisbane
347903,Brisbane
347904,Brisbane
347905,Brisbane
347906,Brisbane
347907,Perth
347908,Brisbane
347909,Brisbane
347910,Brisbane
347911,Brisbane
347912,Brisbane
347913,Brisbane
347914,Brisbane
347915,Brisbane
347916,Brisbane
347917,Melbourne
347918,Brisbane
347919,Perth
347920,Melbourne
347921,Brisbane
347922,Brisbane
347923,Brisbane
347924,Brisbane
347925,Brisbane
347926,Brisbane
347927,Brisbane
347928,Brisbane
347929,Brisbane
347930,Brisbane
347931,Brisbane
347932,Brisbane
347933,Brisbane
347934,Brisbane
347935,Brisbane
347936,Brisbane
347937,Brisbane
347938,Brisbane
347939,Brisbane
347940,Brisbane
347941,Brisbane
347942,Brisbane
347943,Brisbane
347944,Brisbane
347945,Sydney
347946,Brisbane
347947,Brisbane
347948,Brisbane
347949,Melbourne
347950,Brisbane
347951,Brisbane
347952,Brisbane
347953,Brisbane
347954,Brisbane
347955,Brisbane
347956,Brisbane
347957,Brisbane
347958,Sydney
347959,Brisbane
347960,Brisbane
347961,Brisbane
347962,Brisbane
347963,Brisbane
347964,Brisbane
347965,Brisbane
347966,Brisbane
347967,Brisbane
347968,Brisbane
347969,Brisbane
347970,Sydney
347971,Brisbane
347972,Brisbane
347973,Brisbane
347974,Brisbane
347975,Brisbane
347976,Brisbane
347977,Brisbane
347978,Brisbane
347979,Brisbane
347980,Brisbane
347981,Brisbane
347982,Brisbane
347983,Brisbane
347984,Brisbane
347985,Sydney
347986,Brisbane
347987,Brisbane
347988,Brisbane
347989,Brisbane
347990,Perth
347991,Brisbane
347992,Brisbane
347993,Brisbane
347994,Brisbane
347995,Sydney
347996,Brisbane
347997,Brisbane
347998,Brisbane
347999,Brisbane
348000,Brisbane
348001,Brisbane
348002,Brisbane
348003,Brisbane
348004,Brisbane
348005,Melbourne
348006,Perth
348007,Brisbane
348008,Sydney
348009,Brisbane
348010,Brisbane
348011,Brisbane
348012,Brisbane
348013,Brisbane
348014,Brisbane
348015,Brisbane
348016,Melbourne
348017,Brisbane
348018,Brisbane
348019,Brisbane
348020,Sydney
348021,Perth
348022,Brisbane
348023,Brisbane
348024,Brisbane
348025,Brisbane
348026,Brisbane
348027,Brisbane
348028,Brisbane
348029,Brisbane
348030,Brisbane
348031,Brisbane
348032,Brisbane
348033,Sydney
348034,Brisbane
348035,Brisbane
348036,Brisbane
348037,Brisbane
348038,Brisbane
348039,Brisbane
348040,Sydney
348041,Brisbane
348042,Brisbane
348043,Perth
348044,Brisbane
348045,Brisbane
348046,Brisbane
348047,Brisbane
348048,Brisbane
348049,Brisbane
348050,Sydney
348051,Brisbane
348052,Brisbane
348053,Brisbane
348054,Brisbane
348055,Brisbane
348056,Brisbane
348057,Brisbane
348058,Brisbane
348059,Brisbane
348060,Brisbane
348061,Brisbane
348062,Brisbane
348063,Perth
348064,Brisbane
348065,Brisbane
348066,Perth
348067,Brisbane
348068,Brisbane
348069,Brisbane
348070,Brisbane
348071,Brisbane
348072,Brisbane
348073,Brisbane
348074,Brisbane
348075,Brisbane
348076,Brisbane
348077,Brisbane
348078,Brisbane
348079,Brisbane
348080,Brisbane
348081,Brisbane
348082,Brisbane
348083,Brisbane
348084,Brisbane
348085,Brisbane
348086,Brisbane
348087,Brisbane
348088,Brisbane
348089,Brisbane
348090,Brisbane
348091,Brisbane
348092,Brisbane
348093,Brisbane
348094,Brisbane
348095,Brisbane
348096,Brisbane
348097,Perth
348098,Brisbane
348099,Brisbane
348100,Brisbane
348101,Brisbane
348102,Brisbane
348103,Brisbane
348104,Brisbane
348105,Brisbane
348106,Brisbane
348107,Brisbane
348108,Sydney
348109,Brisbane
348110,Brisbane
348111,Brisbane
348112,Brisbane
348113,Brisbane
348114,Brisbane
348115,Brisbane
348116,Brisbane
348117,Brisbane
348118,Perth
348119,Brisbane
348120,Perth
348121,Brisbane
348122,Brisbane
348123,Brisbane
348124,Brisbane
348125,Brisbane
348126,Brisbane
348127,Brisbane
348128,Brisbane
348129,Brisbane
348130,Brisbane
348131,Brisbane
348132,Brisbane
348133,Brisbane
348134,Brisbane
348135,Brisbane
348136,Melbourne
348137,Brisbane
348138,Brisbane
348139,Brisbane
348140,Brisbane
348141,Brisbane
348142,Brisbane
348143,Brisbane
348144,Brisbane
348145,Brisbane
348146,Brisbane
348147,Brisbane
348148,Brisbane
348149,Brisbane
348150,Brisbane
348151,Brisbane
348152,Brisbane
348153,Brisbane
348154,Brisbane
348155,Brisbane
348156,Brisbane
348157,Brisbane
348158,Brisbane
348159,Brisbane
348160,Sydney
348161,Melbourne
348162,Brisbane
348163,Brisbane
348164,Brisbane
348165,Brisbane
348166,Brisbane
348167,Brisbane
348168,Brisbane
348169,Sydney
348170,Brisbane
348171,Brisbane
348172,Brisbane
348173,Sydney
348174,Brisbane
348175,Brisbane
348176,Brisbane
348177,Brisbane
348178,Brisbane
348179,Brisbane
348180,Perth
348181,Brisbane
348182,Brisbane
348183,Brisbane
348184,Brisbane
348185,Brisbane
348186,Melbourne
348187,Brisbane
348188,Brisbane
348189,Brisbane
348190,Brisbane
348191,Perth
348192,Brisbane
348193,Brisbane
348194,Brisbane
348195,Brisbane
348196,Brisbane
348197,Brisbane
348198,Brisbane
348199,Brisbane
348200,Brisbane
348201,Brisbane
348202,Brisbane
348203,Brisbane
348204,Brisbane
348205,Brisbane
348206,Brisbane
348207,Brisbane
348208,Brisbane
348209,Brisbane
348210,Brisbane
348211,Brisbane
348212,Brisbane
348213,Brisbane
348214,Brisbane
348215,Brisbane
348216,Brisbane
348217,Brisbane
348218,Brisbane
348219,Brisbane
348220,Brisbane
348221,Brisbane
348222,Brisbane
348223,Brisbane
348224,Brisbane
348225,Brisbane
348226,Brisbane
348227,Brisbane
348228,Brisbane
348229,Brisbane
348230,Brisbane
348231,Brisbane
348232,Brisbane
348233,Sydney
348234,Brisbane
348235,Brisbane
348236,Brisbane
348237,Brisbane
348238,Brisbane
348239,Brisbane
348240,Brisbane
348241,Brisbane
348242,Brisbane
348243,Brisbane
348244,Perth
348245,Brisbane
348246,Brisbane
348247,Brisbane
348248,Melbourne
348249,Brisbane
348250,Brisbane
348251,Brisbane
348252,Brisbane
348253,Brisbane
348254,Brisbane
348255,Brisbane
348256,Brisbane
348257,Brisbane
348258,Brisbane
348259,Brisbane
348260,Perth
348261,Brisbane
348262,Sydney
348263,Sydney
348264,Brisbane
348265,Brisbane
348266,Brisbane
348267,Brisbane
348268,Brisbane
348269,Perth
348270,Brisbane
348271,Brisbane
348272,Brisbane
348273,Brisbane
348274,Brisbane
348275,Brisbane
348276,Brisbane
348277,Brisbane
348278,Brisbane
348279,Brisbane
348280,Brisbane
348281,Brisbane
348282,Brisbane
348283,Brisbane
348284,Brisbane
348285,Brisbane
348286,Brisbane
348287,Brisbane
348288,Brisbane
348289,Brisbane
348290,Brisbane
348291,Brisbane
348292,Brisbane
348293,Brisbane
348294,Brisbane
348295,Brisbane
348296,Brisbane
348297,Brisbane
348298,Brisbane
348299,Brisbane
348300,Brisbane
348301,Brisbane
348302,Brisbane
348303,Brisbane
348304,Brisbane
348305,Brisbane
348306,Brisbane
348307,Brisbane
348308,Brisbane
348309,Brisbane
348310,Brisbane
348311,Melbourne
348312,Brisbane
348313,Brisbane
348314,Melbourne
348315,Brisbane
348316,Brisbane
348317,Brisbane
348318,Brisbane
348319,Brisbane
348320,Brisbane
348321,Brisbane
348322,Perth
348323,Brisbane
348324,Brisbane
348325,Brisbane
348326,Brisbane
348327,Brisbane
348328,Brisbane
348329,Brisbane
348330,Brisbane
348331,Brisbane
348332,Brisbane
348333,Brisbane
348334,Brisbane
348335,Brisbane
348336,Brisbane
348337,Brisbane
348338,Brisbane
348339,Brisbane
348340,Brisbane
348341,Brisbane
348342,Brisbane
348343,Brisbane
348344,Brisbane
348345,Brisbane
348346,Brisbane
348347,Brisbane
348348,Brisbane
348349,Brisbane
348350,Brisbane
348351,Brisbane
348352,Brisbane
348353,Brisbane
348354,Brisbane
348355,Brisbane
348356,Brisbane
348357,Brisbane
348358,Perth
348359,Brisbane
348360,Brisbane
348361,Brisbane
348362,Brisbane
348363,Brisbane
348364,Brisbane
348365,Brisbane
348366,Brisbane
348367,Brisbane
348368,Brisbane
348369,Brisbane
348370,Brisbane
348371,Brisbane
348372,Brisbane
348373,Brisbane
348374,Brisbane
348375,Brisbane
348376,Brisbane
348377,Brisbane
348378,Sydney
348379,Brisbane
348380,Brisbane
348381,Brisbane
348382,Brisbane
348383,Brisbane
348384,Brisbane
348385,Brisbane
348386,Brisbane
348387,Brisbane
348388,Brisbane
348389,Brisbane
348390,Brisbane
348391,Melbourne
348392,Brisbane
348393,Brisbane
348394,Brisbane
348395,Perth
348396,Brisbane
348397,Brisbane
348398,Brisbane
348399,Brisbane
348400,Brisbane
348401,Brisbane
348402,Brisbane
348403,Brisbane
348404,Brisbane
348405,Brisbane
348406,Brisbane
348407,Melbourne
348408,Sydney
348409,Brisbane
348410,Brisbane
348411,Sydney
348412,Brisbane
348413,Brisbane
348414,Brisbane
348415,Perth
348416,Brisbane
348417,Sydney
348418,Brisbane
348419,Brisbane
348420,Brisbane
348421,Brisbane
348422,Brisbane
348423,Brisbane
348424,Brisbane
348425,Brisbane
348426,Brisbane
348427,Brisbane
348428,Brisbane
348429,Brisbane
348430,Melbourne
348431,Brisbane
348432,Brisbane
348433,Brisbane
348434,Brisbane
348435,Brisbane
348436,Brisbane
348437,Brisbane
348438,Brisbane
348439,Brisbane
348440,Brisbane
348441,Brisbane
348442,Brisbane
348443,Brisbane
348444,Brisbane
348445,Brisbane
348446,Brisbane
348447,Sydney
348448,Brisbane
348449,Brisbane
348450,Brisbane
348451,Brisbane
348452,Brisbane
348453,Sydney
348454,Brisbane
348455,Brisbane
348456,Brisbane
348457,Brisbane
348458,Brisbane
348459,Brisbane
348460,Brisbane
348461,Brisbane
348462,Brisbane
348463,Brisbane
348464,Brisbane
348465,Brisbane
348466,Melbourne
348467,Brisbane
348468,Melbourne
348469,Brisbane
348470,Brisbane
348471,Sydney
348472,Brisbane
348473,Brisbane
348474,Brisbane
348475,Brisbane
348476,Brisbane
348477,Brisbane
348478,Brisbane
348479,Sydney
348480,Brisbane
348481,Brisbane
348482,Brisbane
348483,Brisbane
348484,Brisbane
348485,Brisbane
348486,Brisbane
348487,Brisbane
348488,Melbourne
348489,Brisbane
348490,Brisbane
348491,Brisbane
348492,Brisbane
348493,Brisbane
348494,Brisbane
348495,Brisbane
348496,Brisbane
348497,Brisbane
348498,Brisbane
348499,Brisbane
348500,Brisbane
348501,Brisbane
348502,Brisbane
348503,Brisbane
348504,Perth
348505,Brisbane
348506,Brisbane
348507,Melbourne
348508,Brisbane
348509,Sydney
348510,Brisbane
348511,Brisbane
348512,Brisbane
348513,Brisbane
348514,Brisbane
348515,Brisbane
348516,Brisbane
348517,Brisbane
348518,Brisbane
348519,Brisbane
348520,Brisbane
348521,Brisbane
348522,Brisbane
348523,Brisbane
348524,Brisbane
348525,Perth
348526,Brisbane
348527,Brisbane
348528,Brisbane
348529,Brisbane
348530,Brisbane
348531,Brisbane
348532,Brisbane
348533,Brisbane
348534,Brisbane
348535,Brisbane
348536,Perth
348537,Melbourne
348538,Brisbane
348539,Brisbane
348540,Brisbane
348541,Brisbane
348542,Brisbane
348543,Brisbane
348544,Brisbane
348545,Brisbane
348546,Brisbane
348547,Brisbane
348548,Melbourne
348549,Sydney
348550,Brisbane
348551,Brisbane
348552,Brisbane
348553,Brisbane
348554,Brisbane
348555,Brisbane
348556,Brisbane
348557,Brisbane
348558,Sydney
348559,Brisbane
348560,Perth
348561,Brisbane
348562,Brisbane
348563,Brisbane
348564,Brisbane
348565,Brisbane
348566,Brisbane
348567,Brisbane
348568,Melbourne
348569,Brisbane
348570,Perth
348571,Brisbane
348572,Brisbane
348573,Brisbane
348574,Brisbane
348575,Brisbane
348576,Brisbane
348577,Sydney
348578,Brisbane
348579,Brisbane
348580,Perth
348581,Brisbane
348582,Brisbane
348583,Brisbane
348584,Brisbane
348585,Brisbane
348586,Brisbane
348587,Brisbane
348588,Brisbane
348589,Brisbane
348590,Brisbane
348591,Brisbane
348592,Brisbane
348593,Brisbane
348594,Brisbane
348595,Brisbane
348596,Brisbane
348597,Brisbane
348598,Brisbane
348599,Brisbane
348600,Brisbane
348601,Brisbane
348602,Brisbane
348603,Brisbane
348604,Brisbane
348605,Brisbane
348606,Brisbane
348607,Brisbane
348608,Brisbane
348609,Brisbane
348610,Brisbane
348611,Brisbane
348612,Brisbane
348613,Brisbane
348614,Brisbane
348615,Brisbane
348616,Sydney
348617,Brisbane
348618,Brisbane
348619,Brisbane
348620,Brisbane
348621,Brisbane
348622,Sydney
348623,Brisbane
348624,Brisbane
348625,Brisbane
348626,Brisbane
348627,Brisbane
348628,Brisbane
348629,Brisbane
348630,Brisbane
348631,Brisbane
348632,Sydney
348633,Brisbane
348634,Brisbane
348635,Brisbane
348636,Melbourne
348637,Brisbane
348638,Brisbane
348639,Brisbane
348640,Brisbane
348641,Brisbane
348642,Brisbane
348643,Brisbane
348644,Brisbane
348645,Brisbane
348646,Perth
348647,Brisbane
348648,Brisbane
348649,Brisbane
348650,Brisbane
348651,Brisbane
348652,Brisbane
348653,Brisbane
348654,Brisbane
348655,Brisbane
348656,Sydney
348657,Brisbane
348658,Brisbane
348659,Brisbane
348660,Brisbane
348661,Perth
348662,Brisbane
348663,Brisbane
348664,Brisbane
348665,Brisbane
348666,Brisbane
348667,Perth
348668,Brisbane
348669,Brisbane
348670,Brisbane
348671,Brisbane
348672,Brisbane
348673,Brisbane
348674,Brisbane
348675,Brisbane
348676,Brisbane
348677,Brisbane
348678,Brisbane
348679,Brisbane
348680,Brisbane
348681,Brisbane
348682,Brisbane
348683,Brisbane
348684,Brisbane
348685,Brisbane
348686,Brisbane
348687,Brisbane
348688,Brisbane
348689,Brisbane
348690,Brisbane
348691,Brisbane
348692,Brisbane
348693,Melbourne
348694,Brisbane
348695,Brisbane
348696,Brisbane
348697,Brisbane
348698,Brisbane
348699,Brisbane
348700,Brisbane
348701,Brisbane
348702,Brisbane
348703,Brisbane
348704,Sydney
348705,Brisbane
348706,Brisbane
348707,Brisbane
348708,Brisbane
348709,Brisbane
348710,Brisbane
348711,Brisbane
348712,Brisbane
348713,Brisbane
348714,Brisbane
348715,Brisbane
348716,Brisbane
348717,Sydney
348718,Brisbane
348719,Brisbane
348720,Brisbane
348721,Sydney
348722,Brisbane
348723,Brisbane
348724,Brisbane
348725,Brisbane
348726,Brisbane
348727,Brisbane
348728,Brisbane
348729,Brisbane
348730,Brisbane
348731,Brisbane
348732,Brisbane
348733,Brisbane
348734,Brisbane
348735,Brisbane
348736,Brisbane
348737,Brisbane
348738,Brisbane
348739,Brisbane
348740,Brisbane
348741,Perth
348742,Sydney
348743,Brisbane
348744,Brisbane
348745,Brisbane
348746,Brisbane
348747,Brisbane
348748,Sydney
348749,Brisbane
348750,Brisbane
348751,Brisbane
348752,Brisbane
348753,Brisbane
348754,Brisbane
348755,Brisbane
348756,Brisbane
348757,Brisbane
348758,Brisbane
348759,Brisbane
348760,Brisbane
348761,Brisbane
348762,Sydney
348763,Brisbane
348764,Brisbane
348765,Brisbane
348766,Brisbane
348767,Brisbane
348768,Sydney
348769,Melbourne
348770,Brisbane
348771,Brisbane
348772,Brisbane
348773,Brisbane
348774,Brisbane
348775,Brisbane
348776,Brisbane
348777,Melbourne
348778,Brisbane
348779,Brisbane
348780,Brisbane
348781,Brisbane
348782,Brisbane
348783,Brisbane
348784,Brisbane
348785,Brisbane
348786,Brisbane
348787,Melbourne
348788,Brisbane
348789,Brisbane
348790,Perth
348791,Brisbane
348792,Brisbane
348793,Brisbane
348794,Brisbane
348795,Brisbane
348796,Brisbane
348797,Brisbane
348798,Brisbane
348799,Brisbane
348800,Brisbane
348801,Brisbane
348802,Brisbane
348803,Brisbane
348804,Brisbane
348805,Brisbane
348806,Brisbane
348807,Brisbane
348808,Brisbane
348809,Brisbane
348810,Brisbane
348811,Brisbane
348812,Brisbane
348813,Brisbane
348814,Brisbane
348815,Perth
348816,Brisbane
348817,Brisbane
348818,Brisbane
348819,Brisbane
348820,Brisbane
348821,Brisbane
348822,Brisbane
348823,Perth
348824,Brisbane
348825,Brisbane
348826,Brisbane
348827,Brisbane
348828,Brisbane
348829,Brisbane
348830,Sydney
348831,Brisbane
348832,Brisbane
348833,Brisbane
348834,Brisbane
348835,Brisbane
348836,Sydney
348837,Brisbane
348838,Brisbane
348839,Perth
348840,Brisbane
348841,Brisbane
348842,Brisbane
348843,Brisbane
348844,Brisbane
348845,Brisbane
348846,Brisbane
348847,Brisbane
348848,Melbourne
348849,Melbourne
348850,Perth
348851,Sydney
348852,Brisbane
348853,Brisbane
348854,Brisbane
348855,Brisbane
348856,Brisbane
348857,Brisbane
348858,Brisbane
348859,Brisbane
348860,Brisbane
348861,Perth
348862,Brisbane
348863,Brisbane
348864,Brisbane
348865,Sydney
348866,Brisbane
348867,Brisbane
348868,Perth
348869,Brisbane
348870,Brisbane
348871,Brisbane
348872,Brisbane
348873,Sydney
348874,Brisbane
348875,Brisbane
348876,Brisbane
348877,Brisbane
348878,Brisbane
348879,Brisbane
348880,Brisbane
348881,Brisbane
348882,Sydney
348883,Brisbane
348884,Brisbane
348885,Brisbane
348886,Brisbane
348887,Brisbane
348888,Brisbane
348889,Brisbane
348890,Perth
348891,Brisbane
348892,Brisbane
348893,Brisbane
348894,Brisbane
348895,Brisbane
348896,Brisbane
348897,Brisbane
348898,Brisbane
348899,Brisbane
348900,Brisbane
348901,Brisbane
348902,Brisbane
348903,Brisbane
348904,Brisbane
348905,Brisbane
348906,Brisbane
348907,Brisbane
348908,Brisbane
348909,Sydney
348910,Brisbane
348911,Brisbane
348912,Brisbane
348913,Brisbane
348914,Brisbane
348915,Brisbane
348916,Brisbane
348917,Melbourne
348918,Brisbane
348919,Perth
348920,Brisbane
348921,Brisbane
348922,Brisbane
348923,Brisbane
348924,Brisbane
348925,Brisbane
348926,Brisbane
348927,Brisbane
348928,Brisbane
348929,Brisbane
348930,Brisbane
348931,Brisbane
348932,Brisbane
348933,Melbourne
348934,Brisbane
348935,Brisbane
348936,Brisbane
348937,Brisbane
348938,Brisbane
348939,Brisbane
348940,Brisbane
348941,Brisbane
348942,Brisbane
348943,Sydney
348944,Brisbane
348945,Brisbane
348946,Brisbane
348947,Sydney
348948,Brisbane
348949,Perth
348950,Brisbane
348951,Perth
348952,Brisbane
348953,Brisbane
348954,Brisbane
348955,Brisbane
348956,Brisbane
348957,Brisbane
348958,Brisbane
348959,Brisbane
348960,Brisbane
348961,Brisbane
348962,Brisbane
348963,Sydney
348964,Sydney
348965,Brisbane
348966,Brisbane
348967,Brisbane
348968,Brisbane
348969,Brisbane
348970,Brisbane
348971,Brisbane
348972,Brisbane
348973,Brisbane
348974,Brisbane
348975,Brisbane
348976,Brisbane
348977,Brisbane
348978,Brisbane
348979,Brisbane
348980,Brisbane
348981,Sydney
348982,Brisbane
348983,Brisbane
348984,Brisbane
348985,Brisbane
348986,Brisbane
348987,Brisbane
348988,Brisbane
348989,Brisbane
348990,Brisbane
348991,Sydney
348992,Sydney
348993,Brisbane
348994,Brisbane
348995,Brisbane
348996,Brisbane
348997,Brisbane
348998,Brisbane
348999,Brisbane
349000,Brisbane
349001,Brisbane
349002,Brisbane
349003,Melbourne
349004,Brisbane
349005,Brisbane
349006,Brisbane
349007,Brisbane
349008,Brisbane
349009,Brisbane
349010,Brisbane
349011,Brisbane
349012,Brisbane
349013,Brisbane
349014,Brisbane
349015,Brisbane
349016,Brisbane
349017,Brisbane
349018,Perth
349019,Melbourne
349020,Brisbane
349021,Perth
349022,Brisbane
349023,Brisbane
349024,Brisbane
349025,Brisbane
349026,Sydney
349027,Brisbane
349028,Brisbane
349029,Sydney
349030,Brisbane
349031,Brisbane
349032,Brisbane
349033,Brisbane
349034,Brisbane
349035,Brisbane
349036,Brisbane
349037,Brisbane
349038,Brisbane
349039,Brisbane
349040,Brisbane
349041,Brisbane
349042,Brisbane
349043,Brisbane
349044,Brisbane
349045,Brisbane
349046,Brisbane
349047,Brisbane
349048,Brisbane
349049,Brisbane
349050,Brisbane
349051,Brisbane
349052,Brisbane
349053,Brisbane
349054,Brisbane
349055,Brisbane
349056,Sydney
349057,Brisbane
349058,Brisbane
349059,Brisbane
349060,Brisbane
349061,Brisbane
349062,Brisbane
349063,Brisbane
349064,Brisbane
349065,Brisbane
349066,Brisbane
349067,Brisbane
349068,Brisbane
349069,Brisbane
349070,Brisbane
349071,Brisbane
349072,Brisbane
349073,Sydney
349074,Perth
349075,Brisbane
349076,Brisbane
349077,Brisbane
349078,Brisbane
349079,Brisbane
349080,Brisbane
349081,Brisbane
349082,Brisbane
349083,Brisbane
349084,Sydney
349085,Brisbane
349086,Brisbane
349087,Brisbane
349088,Brisbane
349089,Brisbane
349090,Brisbane
349091,Brisbane
349092,Brisbane
349093,Brisbane
349094,Melbourne
349095,Brisbane
349096,Brisbane
349097,Brisbane
349098,Brisbane
349099,Brisbane
349100,Brisbane
349101,Brisbane
349102,Brisbane
349103,Perth
349104,Brisbane
349105,Brisbane
349106,Brisbane
349107,Brisbane
349108,Brisbane
349109,Brisbane
349110,Brisbane
349111,Brisbane
349112,Brisbane
349113,Brisbane
349114,Brisbane
349115,Brisbane
349116,Brisbane
349117,Brisbane
349118,Brisbane
349119,Brisbane
349120,Brisbane
349121,Brisbane
349122,Brisbane
349123,Brisbane
349124,Brisbane
349125,Brisbane
349126,Brisbane
349127,Brisbane
349128,Brisbane
349129,Brisbane
349130,Brisbane
349131,Brisbane
349132,Brisbane
349133,Brisbane
349134,Brisbane
349135,Brisbane
349136,Brisbane
349137,Brisbane
349138,Brisbane
349139,Perth
349140,Brisbane
349141,Brisbane
349142,Brisbane
349143,Brisbane
349144,Brisbane
349145,Brisbane
349146,Brisbane
349147,Brisbane
349148,Brisbane
349149,Brisbane
349150,Brisbane
349151,Brisbane
349152,Brisbane
349153,Brisbane
349154,Brisbane
349155,Brisbane
349156,Brisbane
349157,Brisbane
349158,Brisbane
349159,Brisbane
349160,Brisbane
349161,Sydney
349162,Brisbane
349163,Brisbane
349164,Brisbane
349165,Brisbane
349166,Brisbane
349167,Brisbane
349168,Brisbane
349169,Brisbane
349170,Brisbane
349171,Brisbane
349172,Brisbane
349173,Brisbane
349174,Brisbane
349175,Brisbane
349176,Brisbane
349177,Brisbane
349178,Brisbane
349179,Brisbane
349180,Perth
349181,Brisbane
349182,Brisbane
349183,Brisbane
349184,Brisbane
349185,Brisbane
349186,Brisbane
349187,Brisbane
349188,Brisbane
349189,Brisbane
349190,Brisbane
349191,Brisbane
349192,Brisbane
349193,Brisbane
349194,Brisbane
349195,Brisbane
349196,Brisbane
349197,Brisbane
349198,Brisbane
349199,Brisbane
349200,Brisbane
349201,Melbourne
349202,Brisbane
349203,Brisbane
349204,Sydney
349205,Brisbane
349206,Brisbane
349207,Brisbane
349208,Sydney
349209,Melbourne
349210,Brisbane
349211,Brisbane
349212,Brisbane
349213,Brisbane
349214,Brisbane
349215,Brisbane
349216,Brisbane
349217,Perth
349218,Brisbane
349219,Brisbane
349220,Brisbane
349221,Brisbane
349222,Brisbane
349223,Brisbane
349224,Brisbane
349225,Brisbane
349226,Brisbane
349227,Melbourne
349228,Brisbane
349229,Brisbane
349230,Brisbane
349231,Brisbane
349232,Brisbane
349233,Brisbane
349234,Brisbane
349235,Brisbane
349236,Brisbane
349237,Perth
349238,Perth
349239,Brisbane
349240,Brisbane
349241,Brisbane
349242,Brisbane
349243,Brisbane
349244,Brisbane
349245,Brisbane
349246,Brisbane
349247,Sydney
349248,Sydney
349249,Sydney
349250,Brisbane
349251,Brisbane
349252,Brisbane
349253,Brisbane
349254,Brisbane
349255,Brisbane
349256,Brisbane
349257,Brisbane
349258,Brisbane
349259,Brisbane
349260,Perth
349261,Brisbane
349262,Brisbane
349263,Brisbane
349264,Brisbane
349265,Brisbane
349266,Brisbane
349267,Brisbane
349268,Brisbane
349269,Brisbane
349270,Brisbane
349271,Brisbane
349272,Brisbane
349273,Brisbane
349274,Brisbane
349275,Brisbane
349276,Brisbane
349277,Brisbane
349278,Brisbane
349279,Brisbane
349280,Brisbane
349281,Brisbane
349282,Brisbane
349283,Brisbane
349284,Brisbane
349285,Brisbane
349286,Brisbane
349287,Brisbane
349288,Brisbane
349289,Brisbane
349290,Brisbane
349291,Brisbane
349292,Brisbane
349293,Melbourne
349294,Brisbane
349295,Brisbane
349296,Brisbane
349297,Brisbane
349298,Brisbane
349299,Brisbane
349300,Melbourne
349301,Brisbane
349302,Melbourne
349303,Brisbane
349304,Brisbane
349305,Brisbane
349306,Sydney
349307,Brisbane
349308,Brisbane
349309,Brisbane
349310,Sydney
349311,Sydney
349312,Brisbane
349313,Brisbane
349314,Brisbane
349315,Perth
349316,Melbourne
349317,Brisbane
349318,Brisbane
349319,Brisbane
349320,Perth
349321,Brisbane
349322,Sydney
349323,Brisbane
349324,Brisbane
349325,Brisbane
349326,Brisbane
349327,Brisbane
349328,Brisbane
349329,Brisbane
349330,Sydney
349331,Brisbane
349332,Brisbane
349333,Brisbane
349334,Perth
349335,Brisbane
349336,Brisbane
349337,Brisbane
349338,Brisbane
349339,Brisbane
349340,Brisbane
349341,Brisbane
349342,Brisbane
349343,Brisbane
349344,Brisbane
349345,Brisbane
349346,Brisbane
349347,Brisbane
349348,Sydney
349349,Brisbane
349350,Brisbane
349351,Brisbane
349352,Sydney
349353,Brisbane
349354,Brisbane
349355,Melbourne
349356,Brisbane
349357,Brisbane
349358,Brisbane
349359,Brisbane
349360,Brisbane
349361,Brisbane
349362,Brisbane
349363,Brisbane
349364,Brisbane
349365,Brisbane
349366,Brisbane
349367,Brisbane
349368,Brisbane
349369,Brisbane
349370,Melbourne
349371,Brisbane
349372,Brisbane
349373,Brisbane
349374,Brisbane
349375,Brisbane
349376,Brisbane
349377,Brisbane
349378,Brisbane
349379,Melbourne
349380,Brisbane
349381,Brisbane
349382,Brisbane
349383,Brisbane
349384,Brisbane
349385,Brisbane
349386,Brisbane
349387,Brisbane
349388,Brisbane
349389,Brisbane
349390,Brisbane
349391,Brisbane
349392,Brisbane
349393,Brisbane
349394,Brisbane
349395,Brisbane
349396,Brisbane
349397,Brisbane
349398,Brisbane
349399,Brisbane
349400,Brisbane
349401,Brisbane
349402,Brisbane
349403,Melbourne
349404,Brisbane
349405,Melbourne
349406,Brisbane
349407,Brisbane
349408,Brisbane
349409,Brisbane
349410,Brisbane
349411,Brisbane
349412,Brisbane
349413,Brisbane
349414,Brisbane
349415,Brisbane
349416,Brisbane
349417,Brisbane
349418,Brisbane
349419,Brisbane
349420,Brisbane
349421,Brisbane
349422,Brisbane
349423,Brisbane
349424,Brisbane
349425,Perth
349426,Brisbane
349427,Brisbane
349428,Brisbane
349429,Brisbane
349430,Brisbane
349431,Brisbane
349432,Brisbane
349433,Melbourne
349434,Brisbane
349435,Brisbane
349436,Brisbane
349437,Brisbane
349438,Brisbane
349439,Brisbane
349440,Brisbane
349441,Brisbane
349442,Brisbane
349443,Brisbane
349444,Brisbane
349445,Brisbane
349446,Brisbane
349447,Sydney
349448,Brisbane
349449,Brisbane
349450,Sydney
349451,Brisbane
349452,Brisbane
349453,Brisbane
349454,Brisbane
349455,Perth
349456,Brisbane
349457,Brisbane
349458,Brisbane
349459,Brisbane
349460,Brisbane
349461,Sydney
349462,Brisbane
349463,Brisbane
349464,Brisbane
349465,Brisbane
349466,Brisbane
349467,Brisbane
349468,Brisbane
349469,Brisbane
349470,Brisbane
349471,Brisbane
349472,Sydney
349473,Brisbane
349474,Melbourne
349475,Perth
349476,Brisbane
349477,Brisbane
349478,Brisbane
349479,Brisbane
349480,Melbourne
349481,Brisbane
349482,Brisbane
349483,Brisbane
349484,Brisbane
349485,Sydney
349486,Brisbane
349487,Brisbane
349488,Brisbane
349489,Brisbane
349490,Melbourne
349491,Brisbane
349492,Perth
349493,Perth
349494,Brisbane
349495,Brisbane
349496,Brisbane
349497,Brisbane
349498,Sydney
349499,Brisbane
349500,Brisbane
349501,Brisbane
349502,Brisbane
349503,Brisbane
349504,Brisbane
349505,Brisbane
349506,Perth
349507,Sydney
349508,Brisbane
349509,Brisbane
349510,Brisbane
349511,Brisbane
349512,Brisbane
349513,Brisbane
349514,Brisbane
349515,Brisbane
349516,Brisbane
349517,Sydney
349518,Brisbane
349519,Brisbane
349520,Brisbane
349521,Brisbane
349522,Brisbane
349523,Brisbane
349524,Sydney
349525,Brisbane
349526,Perth
349527,Brisbane
349528,Brisbane
349529,Brisbane
349530,Perth
349531,Brisbane
349532,Brisbane
349533,Brisbane
349534,Brisbane
349535,Sydney
349536,Sydney
349537,Brisbane
349538,Brisbane
349539,Brisbane
349540,Brisbane
349541,Brisbane
349542,Brisbane
349543,Brisbane
349544,Brisbane
349545,Sydney
349546,Sydney
349547,Brisbane
349548,Brisbane
349549,Brisbane
349550,Brisbane
349551,Brisbane
349552,Brisbane
349553,Brisbane
349554,Brisbane
349555,Brisbane
349556,Brisbane
349557,Brisbane
349558,Sydney
349559,Brisbane
349560,Brisbane
349561,Brisbane
349562,Brisbane
349563,Brisbane
349564,Brisbane
349565,Perth
349566,Brisbane
349567,Brisbane
349568,Brisbane
349569,Brisbane
349570,Brisbane
349571,Brisbane
349572,Brisbane
349573,Brisbane
349574,Brisbane
349575,Brisbane
349576,Brisbane
349577,Brisbane
349578,Brisbane
349579,Brisbane
349580,Brisbane
349581,Brisbane
349582,Brisbane
349583,Sydney
349584,Brisbane
349585,Melbourne
349586,Brisbane
349587,Brisbane
349588,Brisbane
349589,Brisbane
349590,Brisbane
349591,Brisbane
349592,Perth
349593,Brisbane
349594,Brisbane
349595,Brisbane
349596,Brisbane
349597,Brisbane
349598,Sydney
349599,Brisbane
349600,Brisbane
349601,Brisbane
349602,Sydney
349603,Brisbane
349604,Brisbane
349605,Brisbane
349606,Brisbane
349607,Brisbane
349608,Sydney
349609,Sydney
349610,Brisbane
349611,Brisbane
349612,Brisbane
349613,Brisbane
349614,Brisbane
349615,Sydney
349616,Brisbane
349617,Brisbane
349618,Brisbane
349619,Brisbane
349620,Sydney
349621,Brisbane
349622,Brisbane
349623,Brisbane
349624,Brisbane
349625,Brisbane
349626,Perth
349627,Brisbane
349628,Brisbane
349629,Brisbane
349630,Brisbane
349631,Brisbane
349632,Brisbane
349633,Brisbane
349634,Brisbane
349635,Brisbane
349636,Brisbane
349637,Brisbane
349638,Brisbane
349639,Brisbane
349640,Brisbane
349641,Brisbane
349642,Perth
349643,Brisbane
349644,Brisbane
349645,Brisbane
349646,Brisbane
349647,Perth
349648,Brisbane
349649,Brisbane
349650,Melbourne
349651,Melbourne
349652,Brisbane
349653,Brisbane
349654,Brisbane
349655,Brisbane
349656,Brisbane
349657,Brisbane
349658,Brisbane
349659,Brisbane
349660,Brisbane
349661,Brisbane
349662,Brisbane
349663,Brisbane
349664,Brisbane
349665,Brisbane
349666,Brisbane
349667,Brisbane
349668,Brisbane
349669,Brisbane
349670,Brisbane
349671,Brisbane
349672,Brisbane
349673,Brisbane
349674,Brisbane
349675,Brisbane
349676,Brisbane
349677,Brisbane
349678,Brisbane
349679,Perth
349680,Brisbane
349681,Brisbane
349682,Brisbane
349683,Brisbane
349684,Brisbane
349685,Brisbane
349686,Brisbane
349687,Brisbane
349688,Brisbane
349689,Brisbane
349690,Brisbane
349691,Brisbane
349692,Brisbane
349693,Brisbane
349694,Brisbane
349695,Brisbane
349696,Brisbane
349697,Brisbane
349698,Brisbane
349699,Brisbane
349700,Brisbane
349701,Perth
349702,Brisbane
349703,Brisbane
349704,Brisbane
349705,Brisbane
349706,Brisbane
349707,Brisbane
349708,Sydney
349709,Brisbane
349710,Brisbane
349711,Sydney
349712,Brisbane
349713,Brisbane
349714,Brisbane
349715,Perth
349716,Melbourne
349717,Brisbane
349718,Brisbane
349719,Brisbane
349720,Brisbane
349721,Brisbane
349722,Brisbane
349723,Brisbane
349724,Brisbane
349725,Brisbane
349726,Brisbane
349727,Brisbane
349728,Brisbane
349729,Brisbane
349730,Brisbane
349731,Brisbane
349732,Brisbane
349733,Brisbane
349734,Brisbane
349735,Brisbane
349736,Brisbane
349737,Brisbane
349738,Brisbane
349739,Brisbane
349740,Perth
349741,Brisbane
349742,Brisbane
349743,Brisbane
349744,Brisbane
349745,Brisbane
349746,Brisbane
349747,Perth
349748,Brisbane
349749,Brisbane
349750,Brisbane
349751,Brisbane
349752,Brisbane
349753,Brisbane
349754,Brisbane
349755,Brisbane
349756,Brisbane
349757,Perth
349758,Brisbane
349759,Brisbane
349760,Brisbane
349761,Brisbane
349762,Brisbane
349763,Brisbane
349764,Perth
349765,Brisbane
349766,Brisbane
349767,Sydney
349768,Brisbane
349769,Brisbane
349770,Brisbane
349771,Brisbane
349772,Brisbane
349773,Brisbane
349774,Brisbane
349775,Brisbane
349776,Sydney
349777,Brisbane
349778,Brisbane
349779,Brisbane
349780,Brisbane
349781,Brisbane
349782,Brisbane
349783,Brisbane
349784,Brisbane
349785,Brisbane
349786,Brisbane
349787,Brisbane
349788,Brisbane
349789,Brisbane
349790,Perth
349791,Brisbane
349792,Brisbane
349793,Brisbane
349794,Perth
349795,Brisbane
349796,Brisbane
349797,Brisbane
349798,Brisbane
349799,Brisbane
349800,Brisbane
349801,Brisbane
349802,Brisbane
349803,Brisbane
349804,Melbourne
349805,Brisbane
349806,Brisbane
349807,Brisbane
349808,Sydney
349809,Brisbane
349810,Sydney
349811,Brisbane
349812,Brisbane
349813,Brisbane
349814,Brisbane
349815,Brisbane
349816,Perth
349817,Brisbane
349818,Brisbane
349819,Brisbane
349820,Brisbane
349821,Melbourne
349822,Brisbane
349823,Brisbane
349824,Brisbane
349825,Brisbane
349826,Brisbane
349827,Brisbane
349828,Brisbane
349829,Brisbane
349830,Brisbane
349831,Brisbane
349832,Brisbane
349833,Brisbane
349834,Brisbane
349835,Sydney
349836,Brisbane
349837,Brisbane
349838,Brisbane
349839,Brisbane
349840,Brisbane
349841,Brisbane
349842,Brisbane
349843,Brisbane
349844,Brisbane
349845,Brisbane
349846,Brisbane
349847,Brisbane
349848,Brisbane
349849,Brisbane
349850,Brisbane
349851,Brisbane
349852,Brisbane
349853,Brisbane
349854,Brisbane
349855,Brisbane
349856,Brisbane
349857,Brisbane
349858,Brisbane
349859,Melbourne
349860,Brisbane
349861,Brisbane
349862,Brisbane
349863,Brisbane
349864,Brisbane
349865,Brisbane
349866,Brisbane
349867,Brisbane
349868,Brisbane
349869,Brisbane
349870,Brisbane
349871,Brisbane
349872,Brisbane
349873,Brisbane
349874,Brisbane
349875,Brisbane
349876,Brisbane
349877,Brisbane
349878,Brisbane
349879,Brisbane
349880,Brisbane
349881,Brisbane
349882,Brisbane
349883,Brisbane
349884,Brisbane
349885,Brisbane
349886,Brisbane
349887,Brisbane
349888,Brisbane
349889,Brisbane
349890,Brisbane
349891,Brisbane
349892,Brisbane
349893,Brisbane
349894,Brisbane
349895,Brisbane
349896,Brisbane
349897,Brisbane
349898,Brisbane
349899,Brisbane
349900,Brisbane
349901,Brisbane
349902,Brisbane
349903,Brisbane
349904,Brisbane
349905,Sydney
349906,Melbourne
349907,Brisbane
349908,Brisbane
349909,Brisbane
349910,Brisbane
349911,Brisbane
349912,Brisbane
349913,Brisbane
349914,Brisbane
349915,Brisbane
349916,Brisbane
349917,Brisbane
349918,Sydney
349919,Brisbane
349920,Brisbane
349921,Perth
349922,Perth
349923,Brisbane
349924,Perth
349925,Brisbane
349926,Brisbane
349927,Brisbane
349928,Brisbane
349929,Brisbane
349930,Perth
349931,Brisbane
349932,Brisbane
349933,Sydney
349934,Brisbane
349935,Brisbane
349936,Brisbane
349937,Brisbane
349938,Sydney
349939,Brisbane
349940,Brisbane
349941,Brisbane
349942,Brisbane
349943,Brisbane
349944,Brisbane
349945,Brisbane
349946,Melbourne
349947,Melbourne
349948,Brisbane
349949,Brisbane
349950,Perth
349951,Sydney
349952,Brisbane
349953,Brisbane
349954,Brisbane
349955,Perth
349956,Brisbane
349957,Brisbane
349958,Brisbane
349959,Brisbane
349960,Sydney
349961,Brisbane
349962,Brisbane
349963,Brisbane
349964,Brisbane
349965,Brisbane
349966,Brisbane
349967,Brisbane
349968,Brisbane
349969,Brisbane
349970,Brisbane
349971,Melbourne
349972,Melbourne
349973,Brisbane
349974,Melbourne
349975,Brisbane
349976,Brisbane
349977,Brisbane
349978,Brisbane
349979,Melbourne
349980,Brisbane
349981,Brisbane
349982,Sydney
349983,Brisbane
349984,Perth
349985,Brisbane
349986,Brisbane
349987,Brisbane
349988,Sydney
349989,Sydney
349990,Brisbane
349991,Brisbane
349992,Brisbane
349993,Brisbane
349994,Brisbane
349995,Brisbane
349996,Brisbane
349997,Brisbane
349998,Brisbane
349999,Brisbane
350000,Brisbane
350001,Brisbane
350002,Brisbane
350003,Brisbane
350004,Brisbane
350005,Brisbane
350006,Brisbane
350007,Melbourne
350008,Brisbane
350009,Brisbane
350010,Brisbane
350011,Perth
350012,Brisbane
350013,Brisbane
350014,Brisbane
350015,Brisbane
350016,Brisbane
350017,Brisbane
350018,Brisbane
350019,Brisbane
350020,Brisbane
350021,Brisbane
350022,Brisbane
350023,Brisbane
350024,Sydney
350025,Brisbane
350026,Perth
350027,Brisbane
350028,Brisbane
350029,Brisbane
350030,Perth
350031,Brisbane
350032,Brisbane
350033,Brisbane
350034,Sydney
350035,Brisbane
350036,Brisbane
350037,Sydney
350038,Brisbane
350039,Brisbane
350040,Brisbane
350041,Brisbane
350042,Brisbane
350043,Brisbane
350044,Brisbane
350045,Brisbane
350046,Brisbane
350047,Brisbane
350048,Brisbane
350049,Brisbane
350050,Melbourne
350051,Brisbane
350052,Brisbane
350053,Brisbane
350054,Brisbane
350055,Brisbane
350056,Brisbane
350057,Brisbane
350058,Brisbane
350059,Brisbane
350060,Brisbane
350061,Brisbane
350062,Brisbane
350063,Brisbane
350064,Brisbane
350065,Brisbane
350066,Brisbane
350067,Perth
350068,Brisbane
350069,Brisbane
350070,Brisbane
350071,Brisbane
350072,Brisbane
350073,Brisbane
350074,Brisbane
350075,Brisbane
350076,Brisbane
350077,Brisbane
350078,Brisbane
350079,Brisbane
350080,Brisbane
350081,Sydney
350082,Brisbane
350083,Brisbane
350084,Melbourne
350085,Perth
350086,Brisbane
350087,Brisbane
350088,Brisbane
350089,Brisbane
350090,Brisbane
350091,Brisbane
350092,Perth
350093,Perth
350094,Sydney
350095,Brisbane
350096,Brisbane
350097,Brisbane
350098,Brisbane
350099,Brisbane
350100,Brisbane
350101,Brisbane
350102,Brisbane
350103,Brisbane
350104,Brisbane
350105,Brisbane
350106,Brisbane
350107,Brisbane
350108,Brisbane
350109,Brisbane
350110,Brisbane
350111,Brisbane
350112,Brisbane
350113,Brisbane
350114,Perth
350115,Brisbane
350116,Brisbane
350117,Perth
350118,Melbourne
350119,Brisbane
350120,Brisbane
350121,Brisbane
350122,Brisbane
350123,Brisbane
350124,Sydney
350125,Brisbane
350126,Brisbane
350127,Brisbane
350128,Perth
350129,Brisbane
350130,Brisbane
350131,Brisbane
350132,Melbourne
350133,Perth
350134,Melbourne
350135,Brisbane
350136,Brisbane
350137,Brisbane
350138,Brisbane
350139,Brisbane
350140,Brisbane
350141,Brisbane
350142,Brisbane
350143,Brisbane
350144,Brisbane
350145,Brisbane
350146,Perth
350147,Sydney
350148,Brisbane
350149,Brisbane
350150,Brisbane
350151,Melbourne
350152,Brisbane
350153,Brisbane
350154,Brisbane
350155,Brisbane
350156,Brisbane
350157,Perth
350158,Brisbane
350159,Brisbane
350160,Brisbane
350161,Brisbane
350162,Brisbane
350163,Brisbane
350164,Brisbane
350165,Brisbane
350166,Brisbane
350167,Brisbane
350168,Brisbane
350169,Brisbane
350170,Brisbane
350171,Brisbane
350172,Brisbane
350173,Brisbane
350174,Brisbane
350175,Brisbane
350176,Brisbane
350177,Brisbane
350178,Brisbane
350179,Brisbane
350180,Melbourne
350181,Brisbane
350182,Brisbane
350183,Brisbane
350184,Brisbane
350185,Brisbane
350186,Brisbane
350187,Brisbane
350188,Brisbane
350189,Brisbane
350190,Brisbane
350191,Brisbane
350192,Brisbane
350193,Brisbane
350194,Brisbane
350195,Brisbane
350196,Brisbane
350197,Brisbane
350198,Sydney
350199,Brisbane
350200,Brisbane
350201,Brisbane
350202,Brisbane
350203,Perth
350204,Perth
350205,Sydney
350206,Brisbane
350207,Brisbane
350208,Brisbane
350209,Brisbane
350210,Brisbane
350211,Brisbane
350212,Brisbane
350213,Brisbane
350214,Brisbane
350215,Brisbane
350216,Brisbane
350217,Melbourne
350218,Brisbane
350219,Brisbane
350220,Brisbane
350221,Brisbane
350222,Brisbane
350223,Sydney
350224,Brisbane
350225,Brisbane
350226,Brisbane
350227,Brisbane
350228,Sydney
350229,Sydney
350230,Perth
350231,Brisbane
350232,Brisbane
350233,Brisbane
350234,Brisbane
350235,Brisbane
350236,Brisbane
350237,Brisbane
350238,Brisbane
350239,Brisbane
350240,Sydney
350241,Brisbane
350242,Melbourne
350243,Brisbane
350244,Sydney
350245,Brisbane
350246,Brisbane
350247,Brisbane
350248,Brisbane
350249,Sydney
350250,Brisbane
350251,Brisbane
350252,Melbourne
350253,Brisbane
350254,Brisbane
350255,Brisbane
350256,Sydney
350257,Brisbane
350258,Brisbane
350259,Brisbane
350260,Brisbane
350261,Brisbane
350262,Perth
350263,Brisbane
350264,Brisbane
350265,Perth
350266,Brisbane
350267,Brisbane
350268,Brisbane
350269,Brisbane
350270,Brisbane
350271,Brisbane
350272,Brisbane
350273,Brisbane
350274,Brisbane
350275,Brisbane
350276,Brisbane
350277,Melbourne
350278,Brisbane
350279,Brisbane
350280,Brisbane
350281,Brisbane
350282,Brisbane
350283,Brisbane
350284,Brisbane
350285,Brisbane
350286,Brisbane
350287,Brisbane
350288,Brisbane
350289,Perth
350290,Brisbane
350291,Brisbane
350292,Brisbane
350293,Brisbane
350294,Brisbane
350295,Brisbane
350296,Brisbane
350297,Brisbane
350298,Sydney
350299,Brisbane
350300,Brisbane
350301,Sydney
350302,Brisbane
350303,Brisbane
350304,Brisbane
350305,Brisbane
350306,Brisbane
350307,Brisbane
350308,Brisbane
350309,Brisbane
350310,Brisbane
350311,Brisbane
350312,Brisbane
350313,Brisbane
350314,Brisbane
350315,Brisbane
350316,Brisbane
350317,Sydney
350318,Brisbane
350319,Brisbane
350320,Sydney
350321,Brisbane
350322,Brisbane
350323,Brisbane
350324,Brisbane
350325,Brisbane
350326,Brisbane
350327,Brisbane
350328,Brisbane
350329,Brisbane
350330,Sydney
350331,Brisbane
350332,Brisbane
350333,Brisbane
350334,Brisbane
350335,Brisbane
350336,Brisbane
350337,Brisbane
350338,Brisbane
350339,Brisbane
350340,Brisbane
350341,Brisbane
350342,Brisbane
350343,Brisbane
350344,Brisbane
350345,Brisbane
350346,Brisbane
350347,Brisbane
350348,Brisbane
350349,Brisbane
350350,Sydney
350351,Brisbane
350352,Brisbane
350353,Brisbane
350354,Brisbane
350355,Brisbane
350356,Brisbane
350357,Brisbane
350358,Brisbane
350359,Perth
350360,Brisbane
350361,Brisbane
350362,Brisbane
350363,Brisbane
350364,Brisbane
350365,Brisbane
350366,Brisbane
350367,Brisbane
350368,Brisbane
350369,Brisbane
350370,Brisbane
350371,Brisbane
350372,Brisbane
350373,Brisbane
350374,Brisbane
350375,Brisbane
350376,Brisbane
350377,Brisbane
350378,Sydney
350379,Brisbane
350380,Brisbane
350381,Brisbane
350382,Brisbane
350383,Brisbane
350384,Brisbane
350385,Melbourne
350386,Brisbane
350387,Brisbane
350388,Brisbane
350389,Brisbane
350390,Brisbane
350391,Brisbane
350392,Brisbane
350393,Sydney
350394,Brisbane
350395,Brisbane
350396,Brisbane
350397,Brisbane
350398,Perth
350399,Brisbane
350400,Brisbane
350401,Brisbane
350402,Brisbane
350403,Perth
350404,Brisbane
350405,Brisbane
350406,Brisbane
350407,Brisbane
350408,Brisbane
350409,Brisbane
350410,Brisbane
350411,Brisbane
350412,Brisbane
350413,Brisbane
350414,Sydney
350415,Brisbane
350416,Brisbane
350417,Brisbane
350418,Brisbane
350419,Brisbane
350420,Brisbane
350421,Brisbane
350422,Brisbane
350423,Melbourne
350424,Brisbane
350425,Perth
350426,Brisbane
350427,Brisbane
350428,Brisbane
350429,Brisbane
350430,Brisbane
350431,Brisbane
350432,Brisbane
350433,Brisbane
350434,Brisbane
350435,Brisbane
350436,Brisbane
350437,Brisbane
350438,Perth
350439,Brisbane
350440,Brisbane
350441,Brisbane
350442,Brisbane
350443,Brisbane
350444,Brisbane
350445,Brisbane
350446,Brisbane
350447,Brisbane
350448,Brisbane
350449,Brisbane
350450,Melbourne
350451,Sydney
350452,Brisbane
350453,Brisbane
350454,Brisbane
350455,Brisbane
350456,Brisbane
350457,Sydney
350458,Brisbane
350459,Brisbane
350460,Brisbane
350461,Perth
350462,Brisbane
350463,Brisbane
350464,Brisbane
350465,Sydney
350466,Brisbane
350467,Brisbane
350468,Melbourne
350469,Brisbane
350470,Brisbane
350471,Brisbane
350472,Brisbane
350473,Brisbane
350474,Brisbane
350475,Brisbane
350476,Brisbane
350477,Brisbane
350478,Brisbane
350479,Brisbane
350480,Brisbane
350481,Brisbane
350482,Brisbane
350483,Perth
350484,Melbourne
350485,Brisbane
350486,Brisbane
350487,Brisbane
350488,Sydney
350489,Brisbane
350490,Brisbane
350491,Brisbane
350492,Brisbane
350493,Brisbane
350494,Brisbane
350495,Brisbane
350496,Brisbane
350497,Brisbane
350498,Brisbane
350499,Brisbane
350500,Brisbane
350501,Brisbane
350502,Brisbane
350503,Brisbane
350504,Brisbane
350505,Brisbane
350506,Brisbane
350507,Brisbane
350508,Brisbane
350509,Brisbane
350510,Brisbane
350511,Brisbane
350512,Brisbane
350513,Brisbane
350514,Brisbane
350515,Brisbane
350516,Brisbane
350517,Brisbane
350518,Brisbane
350519,Brisbane
350520,Brisbane
350521,Brisbane
350522,Brisbane
350523,Brisbane
350524,Sydney
350525,Brisbane
350526,Brisbane
350527,Brisbane
350528,Brisbane
350529,Brisbane
350530,Brisbane
350531,Brisbane
350532,Brisbane
350533,Brisbane
350534,Brisbane
350535,Brisbane
350536,Brisbane
350537,Brisbane
350538,Brisbane
350539,Brisbane
350540,Brisbane
350541,Brisbane
350542,Melbourne
350543,Brisbane
350544,Brisbane
350545,Brisbane
350546,Melbourne
350547,Brisbane
350548,Brisbane
350549,Brisbane
350550,Brisbane
350551,Brisbane
350552,Brisbane
350553,Brisbane
350554,Brisbane
350555,Brisbane
350556,Brisbane
350557,Brisbane
350558,Brisbane
350559,Brisbane
350560,Brisbane
350561,Brisbane
350562,Brisbane
350563,Brisbane
350564,Brisbane
350565,Brisbane
350566,Brisbane
350567,Brisbane
350568,Brisbane
350569,Brisbane
350570,Brisbane
350571,Brisbane
350572,Brisbane
350573,Brisbane
350574,Brisbane
350575,Brisbane
350576,Brisbane
350577,Brisbane
350578,Brisbane
350579,Brisbane
350580,Brisbane
350581,Brisbane
350582,Brisbane
350583,Sydney
350584,Brisbane
350585,Brisbane
350586,Perth
350587,Brisbane
350588,Brisbane
350589,Brisbane
350590,Melbourne
350591,Brisbane
350592,Brisbane
350593,Melbourne
350594,Brisbane
350595,Brisbane
350596,Perth
350597,Brisbane
350598,Brisbane
350599,Brisbane
350600,Brisbane
350601,Brisbane
350602,Brisbane
350603,Brisbane
350604,Brisbane
350605,Brisbane
350606,Brisbane
350607,Brisbane
350608,Brisbane
350609,Brisbane
350610,Melbourne
350611,Brisbane
350612,Brisbane
350613,Brisbane
350614,Brisbane
350615,Brisbane
350616,Brisbane
350617,Brisbane
350618,Brisbane
350619,Brisbane
350620,Brisbane
350621,Brisbane
350622,Brisbane
350623,Brisbane
350624,Brisbane
350625,Brisbane
350626,Brisbane
350627,Brisbane
350628,Brisbane
350629,Brisbane
350630,Brisbane
350631,Brisbane
350632,Brisbane
350633,Perth
350634,Brisbane
350635,Brisbane
350636,Brisbane
350637,Brisbane
350638,Brisbane
350639,Brisbane
350640,Brisbane
350641,Sydney
350642,Brisbane
350643,Brisbane
350644,Brisbane
350645,Brisbane
350646,Brisbane
350647,Brisbane
350648,Brisbane
350649,Brisbane
350650,Brisbane
350651,Brisbane
350652,Brisbane
350653,Brisbane
350654,Sydney
350655,Brisbane
350656,Brisbane
350657,Brisbane
350658,Brisbane
350659,Brisbane
350660,Brisbane
350661,Brisbane
350662,Brisbane
350663,Brisbane
350664,Brisbane
350665,Brisbane
350666,Brisbane
350667,Brisbane
350668,Brisbane
350669,Brisbane
350670,Brisbane
350671,Melbourne
350672,Brisbane
350673,Brisbane
350674,Sydney
350675,Brisbane
350676,Brisbane
350677,Brisbane
350678,Brisbane
350679,Brisbane
350680,Brisbane
350681,Brisbane
350682,Brisbane
350683,Brisbane
350684,Brisbane
350685,Brisbane
350686,Brisbane
350687,Brisbane
350688,Brisbane
350689,Brisbane
350690,Brisbane
350691,Sydney
350692,Perth
350693,Brisbane
350694,Brisbane
350695,Brisbane
350696,Brisbane
350697,Brisbane
350698,Brisbane
350699,Brisbane
350700,Brisbane
350701,Brisbane
350702,Brisbane
350703,Brisbane
350704,Brisbane
350705,Brisbane
350706,Brisbane
350707,Brisbane
350708,Brisbane
350709,Brisbane
350710,Brisbane
350711,Melbourne
350712,Brisbane
350713,Brisbane
350714,Brisbane
350715,Brisbane
350716,Brisbane
350717,Brisbane
350718,Brisbane
350719,Brisbane
350720,Brisbane
350721,Brisbane
350722,Brisbane
350723,Brisbane
350724,Brisbane
350725,Brisbane
350726,Brisbane
350727,Brisbane
350728,Brisbane
350729,Brisbane
350730,Brisbane
350731,Brisbane
350732,Brisbane
350733,Brisbane
350734,Brisbane
350735,Brisbane
350736,Brisbane
350737,Brisbane
350738,Brisbane
350739,Brisbane
350740,Melbourne
350741,Brisbane
350742,Brisbane
350743,Brisbane
350744,Sydney
350745,Melbourne
350746,Brisbane
350747,Brisbane
350748,Brisbane
350749,Brisbane
350750,Sydney
350751,Brisbane
350752,Brisbane
350753,Brisbane
350754,Brisbane
350755,Brisbane
350756,Sydney
350757,Brisbane
350758,Brisbane
350759,Brisbane
350760,Brisbane
350761,Brisbane
350762,Sydney
350763,Brisbane
350764,Brisbane
350765,Brisbane
350766,Brisbane
350767,Sydney
350768,Brisbane
350769,Brisbane
350770,Brisbane
350771,Brisbane
350772,Brisbane
350773,Brisbane
350774,Brisbane
350775,Brisbane
350776,Brisbane
350777,Brisbane
350778,Brisbane
350779,Brisbane
350780,Brisbane
350781,Brisbane
350782,Brisbane
350783,Brisbane
350784,Brisbane
350785,Brisbane
350786,Brisbane
350787,Brisbane
350788,Brisbane
350789,Brisbane
350790,Brisbane
350791,Brisbane
350792,Brisbane
350793,Brisbane
350794,Brisbane
350795,Brisbane
350796,Brisbane
350797,Brisbane
350798,Brisbane
350799,Brisbane
350800,Brisbane
350801,Sydney
350802,Brisbane
350803,Brisbane
350804,Brisbane
350805,Brisbane
350806,Brisbane
350807,Brisbane
350808,Brisbane
350809,Brisbane
350810,Sydney
350811,Brisbane
350812,Brisbane
350813,Brisbane
350814,Brisbane
350815,Brisbane
350816,Brisbane
350817,Brisbane
350818,Brisbane
350819,Brisbane
350820,Sydney
350821,Brisbane
350822,Brisbane
350823,Melbourne
350824,Sydney
350825,Brisbane
350826,Brisbane
350827,Sydney
350828,Brisbane
350829,Brisbane
350830,Brisbane
350831,Brisbane
350832,Brisbane
350833,Brisbane
350834,Brisbane
350835,Brisbane
350836,Brisbane
350837,Brisbane
350838,Brisbane
350839,Brisbane
350840,Brisbane
350841,Brisbane
350842,Brisbane
350843,Sydney
350844,Brisbane
350845,Melbourne
350846,Brisbane
350847,Brisbane
350848,Brisbane
350849,Brisbane
350850,Melbourne
350851,Brisbane
350852,Brisbane
350853,Brisbane
350854,Brisbane
350855,Sydney
350856,Brisbane
350857,Brisbane
350858,Brisbane
350859,Brisbane
350860,Brisbane
350861,Brisbane
350862,Brisbane
350863,Brisbane
350864,Brisbane
350865,Brisbane
350866,Brisbane
350867,Brisbane
350868,Perth
350869,Brisbane
350870,Brisbane
350871,Brisbane
350872,Brisbane
350873,Brisbane
350874,Sydney
350875,Brisbane
350876,Brisbane
350877,Brisbane
350878,Brisbane
350879,Brisbane
350880,Brisbane
350881,Brisbane
350882,Brisbane
350883,Brisbane
350884,Brisbane
350885,Brisbane
350886,Brisbane
350887,Brisbane
350888,Brisbane
350889,Brisbane
350890,Brisbane
350891,Brisbane
350892,Brisbane
350893,Brisbane
350894,Brisbane
350895,Brisbane
350896,Brisbane
350897,Brisbane
350898,Brisbane
350899,Brisbane
350900,Brisbane
350901,Brisbane
350902,Brisbane
350903,Brisbane
350904,Brisbane
350905,Brisbane
350906,Brisbane
350907,Brisbane
350908,Brisbane
350909,Brisbane
350910,Perth
350911,Brisbane
350912,Brisbane
350913,Brisbane
350914,Brisbane
350915,Brisbane
350916,Sydney
350917,Brisbane
350918,Brisbane
350919,Brisbane
350920,Melbourne
350921,Sydney
350922,Brisbane
350923,Brisbane
350924,Brisbane
350925,Melbourne
350926,Brisbane
350927,Brisbane
350928,Brisbane
350929,Brisbane
350930,Brisbane
350931,Brisbane
350932,Brisbane
350933,Brisbane
350934,Brisbane
350935,Brisbane
350936,Brisbane
350937,Brisbane
350938,Brisbane
350939,Brisbane
350940,Brisbane
350941,Brisbane
350942,Brisbane
350943,Brisbane
350944,Sydney
350945,Brisbane
350946,Brisbane
350947,Brisbane
350948,Brisbane
350949,Brisbane
350950,Brisbane
350951,Brisbane
350952,Brisbane
350953,Brisbane
350954,Perth
350955,Brisbane
350956,Brisbane
350957,Brisbane
350958,Brisbane
350959,Perth
350960,Brisbane
350961,Brisbane
350962,Sydney
350963,Brisbane
350964,Brisbane
350965,Brisbane
350966,Brisbane
350967,Brisbane
350968,Brisbane
350969,Brisbane
350970,Brisbane
350971,Brisbane
350972,Brisbane
350973,Sydney
350974,Brisbane
350975,Brisbane
350976,Brisbane
350977,Brisbane
350978,Brisbane
350979,Brisbane
350980,Brisbane
350981,Brisbane
350982,Brisbane
350983,Brisbane
350984,Perth
350985,Brisbane
350986,Perth
350987,Sydney
350988,Brisbane
350989,Brisbane
350990,Brisbane
350991,Brisbane
350992,Brisbane
350993,Brisbane
350994,Brisbane
350995,Brisbane
350996,Brisbane
350997,Brisbane
350998,Brisbane
350999,Sydney
351000,Perth
351001,Perth
351002,Brisbane
351003,Brisbane
351004,Perth
351005,Brisbane
351006,Brisbane
351007,Brisbane
351008,Brisbane
351009,Brisbane
351010,Brisbane
351011,Brisbane
351012,Brisbane
351013,Brisbane
351014,Brisbane
351015,Brisbane
351016,Brisbane
351017,Brisbane
351018,Brisbane
351019,Brisbane
351020,Brisbane
351021,Brisbane
351022,Brisbane
351023,Perth
351024,Brisbane
351025,Brisbane
351026,Sydney
351027,Brisbane
351028,Sydney
351029,Perth
351030,Brisbane
351031,Brisbane
351032,Brisbane
351033,Brisbane
351034,Brisbane
351035,Brisbane
351036,Brisbane
351037,Brisbane
351038,Brisbane
351039,Brisbane
351040,Brisbane
351041,Brisbane
351042,Brisbane
351043,Brisbane
351044,Brisbane
351045,Brisbane
351046,Brisbane
351047,Brisbane
351048,Perth
351049,Brisbane
351050,Brisbane
351051,Brisbane
351052,Brisbane
351053,Brisbane
351054,Brisbane
351055,Brisbane
351056,Brisbane
351057,Brisbane
351058,Brisbane
351059,Brisbane
351060,Brisbane
351061,Brisbane
351062,Brisbane
351063,Perth
351064,Brisbane
351065,Brisbane
351066,Brisbane
351067,Brisbane
351068,Perth
351069,Brisbane
351070,Brisbane
351071,Brisbane
351072,Brisbane
351073,Brisbane
351074,Brisbane
351075,Brisbane
351076,Brisbane
351077,Sydney
351078,Brisbane
351079,Brisbane
351080,Brisbane
351081,Brisbane
351082,Brisbane
351083,Brisbane
351084,Brisbane
351085,Brisbane
351086,Brisbane
351087,Brisbane
351088,Brisbane
351089,Brisbane
351090,Brisbane
351091,Brisbane
351092,Brisbane
351093,Brisbane
351094,Brisbane
351095,Brisbane
351096,Brisbane
351097,Perth
351098,Brisbane
351099,Brisbane
351100,Brisbane
351101,Melbourne
351102,Brisbane
351103,Brisbane
351104,Brisbane
351105,Brisbane
351106,Brisbane
351107,Brisbane
351108,Brisbane
351109,Brisbane
351110,Brisbane
351111,Brisbane
351112,Brisbane
351113,Brisbane
351114,Brisbane
351115,Brisbane
351116,Brisbane
351117,Brisbane
351118,Brisbane
351119,Sydney
351120,Brisbane
351121,Brisbane
351122,Brisbane
351123,Brisbane
351124,Brisbane
351125,Brisbane
351126,Brisbane
351127,Brisbane
351128,Melbourne
351129,Brisbane
351130,Brisbane
351131,Brisbane
351132,Brisbane
351133,Brisbane
351134,Brisbane
351135,Brisbane
351136,Brisbane
351137,Brisbane
351138,Brisbane
351139,Brisbane
351140,Brisbane
351141,Brisbane
351142,Brisbane
351143,Brisbane
351144,Brisbane
351145,Brisbane
351146,Brisbane
351147,Brisbane
351148,Brisbane
351149,Brisbane
351150,Brisbane
351151,Brisbane
351152,Brisbane
351153,Brisbane
351154,Brisbane
351155,Perth
351156,Brisbane
351157,Brisbane
351158,Brisbane
351159,Brisbane
351160,Brisbane
351161,Brisbane
351162,Brisbane
351163,Melbourne
351164,Brisbane
351165,Perth
351166,Brisbane
351167,Brisbane
351168,Brisbane
351169,Brisbane
351170,Brisbane
351171,Brisbane
351172,Brisbane
351173,Brisbane
351174,Brisbane
351175,Brisbane
351176,Brisbane
351177,Brisbane
351178,Brisbane
351179,Brisbane
351180,Brisbane
351181,Perth
351182,Brisbane
351183,Brisbane
351184,Sydney
351185,Brisbane
351186,Brisbane
351187,Brisbane
351188,Brisbane
351189,Brisbane
351190,Brisbane
351191,Sydney
351192,Brisbane
351193,Brisbane
351194,Brisbane
351195,Brisbane
351196,Brisbane
351197,Brisbane
351198,Brisbane
351199,Perth
351200,Brisbane
351201,Brisbane
351202,Melbourne
351203,Brisbane
351204,Sydney
351205,Brisbane
351206,Brisbane
351207,Perth
351208,Brisbane
351209,Sydney
351210,Brisbane
351211,Sydney
351212,Brisbane
351213,Perth
351214,Brisbane
351215,Brisbane
351216,Brisbane
351217,Brisbane
351218,Brisbane
351219,Brisbane
351220,Brisbane
351221,Brisbane
351222,Brisbane
351223,Brisbane
351224,Sydney
351225,Brisbane
351226,Brisbane
351227,Brisbane
351228,Brisbane
351229,Brisbane
351230,Brisbane
351231,Brisbane
351232,Brisbane
351233,Brisbane
351234,Sydney
351235,Brisbane
351236,Perth
351237,Brisbane
351238,Perth
351239,Sydney
351240,Brisbane
351241,Brisbane
351242,Brisbane
351243,Melbourne
351244,Brisbane
351245,Brisbane
351246,Perth
351247,Brisbane
351248,Brisbane
351249,Brisbane
351250,Brisbane
351251,Perth
351252,Brisbane
351253,Brisbane
351254,Brisbane
351255,Brisbane
351256,Brisbane
351257,Brisbane
351258,Brisbane
351259,Brisbane
351260,Brisbane
351261,Brisbane
351262,Brisbane
351263,Brisbane
351264,Brisbane
351265,Brisbane
351266,Melbourne
351267,Brisbane
351268,Brisbane
351269,Brisbane
351270,Brisbane
351271,Brisbane
351272,Brisbane
351273,Brisbane
351274,Brisbane
351275,Brisbane
351276,Brisbane
351277,Sydney
351278,Brisbane
351279,Perth
351280,Brisbane
351281,Brisbane
351282,Brisbane
351283,Melbourne
351284,Brisbane
351285,Brisbane
351286,Brisbane
351287,Brisbane
351288,Brisbane
351289,Brisbane
351290,Brisbane
351291,Brisbane
351292,Brisbane
351293,Brisbane
351294,Brisbane
351295,Brisbane
351296,Brisbane
351297,Brisbane
351298,Brisbane
351299,Perth
351300,Brisbane
351301,Brisbane
351302,Brisbane
351303,Brisbane
351304,Brisbane
351305,Brisbane
351306,Brisbane
351307,Melbourne
351308,Brisbane
351309,Brisbane
351310,Brisbane
351311,Brisbane
351312,Brisbane
351313,Brisbane
351314,Brisbane
351315,Brisbane
351316,Perth
351317,Brisbane
351318,Brisbane
351319,Brisbane
351320,Brisbane
351321,Brisbane
351322,Brisbane
351323,Brisbane
351324,Brisbane
351325,Sydney
351326,Brisbane
351327,Brisbane
351328,Brisbane
351329,Brisbane
351330,Brisbane
351331,Sydney
351332,Brisbane
351333,Brisbane
351334,Brisbane
351335,Brisbane
351336,Brisbane
351337,Brisbane
351338,Brisbane
351339,Brisbane
351340,Brisbane
351341,Brisbane
351342,Brisbane
351343,Brisbane
351344,Brisbane
351345,Brisbane
351346,Brisbane
351347,Brisbane
351348,Brisbane
351349,Brisbane
351350,Brisbane
351351,Brisbane
351352,Brisbane
351353,Brisbane
351354,Brisbane
351355,Brisbane
351356,Brisbane
351357,Brisbane
351358,Brisbane
351359,Melbourne
351360,Brisbane
351361,Brisbane
351362,Brisbane
351363,Brisbane
351364,Brisbane
351365,Perth
351366,Brisbane
351367,Brisbane
351368,Brisbane
351369,Brisbane
351370,Brisbane
351371,Brisbane
351372,Perth
351373,Brisbane
351374,Brisbane
351375,Brisbane
351376,Melbourne
351377,Brisbane
351378,Brisbane
351379,Brisbane
351380,Sydney
351381,Brisbane
351382,Brisbane
351383,Brisbane
351384,Perth
351385,Melbourne
351386,Brisbane
351387,Brisbane
351388,Brisbane
351389,Brisbane
351390,Brisbane
351391,Brisbane
351392,Brisbane
351393,Brisbane
351394,Brisbane
351395,Brisbane
351396,Brisbane
351397,Brisbane
351398,Brisbane
351399,Sydney
351400,Brisbane
351401,Brisbane
351402,Brisbane
351403,Brisbane
351404,Brisbane
351405,Brisbane
351406,Perth
351407,Brisbane
351408,Perth
351409,Brisbane
351410,Brisbane
351411,Brisbane
351412,Melbourne
351413,Sydney
351414,Brisbane
351415,Brisbane
351416,Brisbane
351417,Brisbane
351418,Brisbane
351419,Melbourne
351420,Brisbane
351421,Brisbane
351422,Brisbane
351423,Brisbane
351424,Brisbane
351425,Brisbane
351426,Brisbane
351427,Brisbane
351428,Brisbane
351429,Brisbane
351430,Brisbane
351431,Perth
351432,Brisbane
351433,Brisbane
351434,Brisbane
351435,Brisbane
351436,Brisbane
351437,Brisbane
351438,Brisbane
351439,Brisbane
351440,Brisbane
351441,Brisbane
351442,Brisbane
351443,Brisbane
351444,Brisbane
351445,Brisbane
351446,Brisbane
351447,Brisbane
351448,Brisbane
351449,Brisbane
351450,Perth
351451,Brisbane
351452,Brisbane
351453,Brisbane
351454,Brisbane
351455,Brisbane
351456,Brisbane
351457,Sydney
351458,Brisbane
351459,Brisbane
351460,Brisbane
351461,Brisbane
351462,Brisbane
351463,Brisbane
351464,Brisbane
351465,Brisbane
351466,Brisbane
351467,Brisbane
351468,Melbourne
351469,Brisbane
351470,Brisbane
351471,Brisbane
351472,Brisbane
351473,Brisbane
351474,Brisbane
351475,Brisbane
351476,Brisbane
351477,Sydney
351478,Brisbane
351479,Brisbane
351480,Brisbane
351481,Brisbane
351482,Brisbane
351483,Brisbane
351484,Brisbane
351485,Brisbane
351486,Brisbane
351487,Brisbane
351488,Brisbane
351489,Brisbane
351490,Brisbane
351491,Brisbane
351492,Brisbane
351493,Brisbane
351494,Brisbane
351495,Brisbane
351496,Brisbane
351497,Brisbane
351498,Brisbane
351499,Brisbane
351500,Brisbane
351501,Sydney
351502,Brisbane
351503,Brisbane
351504,Brisbane
351505,Brisbane
351506,Brisbane
351507,Brisbane
351508,Brisbane
351509,Brisbane
351510,Brisbane
351511,Brisbane
351512,Sydney
351513,Brisbane
351514,Brisbane
351515,Brisbane
351516,Brisbane
351517,Brisbane
351518,Brisbane
351519,Brisbane
351520,Brisbane
351521,Brisbane
351522,Brisbane
351523,Brisbane
351524,Brisbane
351525,Brisbane
351526,Brisbane
351527,Brisbane
351528,Brisbane
351529,Brisbane
351530,Sydney
351531,Brisbane
351532,Brisbane
351533,Brisbane
351534,Brisbane
351535,Brisbane
351536,Brisbane
351537,Brisbane
351538,Brisbane
351539,Perth
351540,Perth
351541,Brisbane
351542,Brisbane
351543,Brisbane
351544,Sydney
351545,Brisbane
351546,Brisbane
351547,Brisbane
351548,Brisbane
351549,Brisbane
351550,Brisbane
351551,Brisbane
351552,Brisbane
351553,Brisbane
351554,Brisbane
351555,Sydney
351556,Brisbane
351557,Brisbane
351558,Brisbane
351559,Brisbane
351560,Brisbane
351561,Brisbane
351562,Brisbane
351563,Brisbane
351564,Brisbane
351565,Brisbane
351566,Brisbane
351567,Brisbane
351568,Perth
351569,Brisbane
351570,Brisbane
351571,Brisbane
351572,Melbourne
351573,Brisbane
351574,Brisbane
351575,Brisbane
351576,Brisbane
351577,Brisbane
351578,Perth
351579,Brisbane
351580,Melbourne
351581,Brisbane
351582,Brisbane
351583,Brisbane
351584,Brisbane
351585,Brisbane
351586,Brisbane
351587,Brisbane
351588,Brisbane
351589,Brisbane
351590,Brisbane
351591,Sydney
351592,Brisbane
351593,Perth
351594,Brisbane
351595,Brisbane
351596,Brisbane
351597,Brisbane
351598,Brisbane
351599,Brisbane
351600,Brisbane
351601,Brisbane
351602,Brisbane
351603,Brisbane
351604,Brisbane
351605,Brisbane
351606,Brisbane
351607,Brisbane
351608,Perth
351609,Brisbane
351610,Brisbane
351611,Brisbane
351612,Melbourne
351613,Brisbane
351614,Perth
351615,Brisbane
351616,Brisbane
351617,Brisbane
351618,Brisbane
351619,Brisbane
351620,Brisbane
351621,Brisbane
351622,Brisbane
351623,Brisbane
351624,Brisbane
351625,Brisbane
351626,Sydney
351627,Brisbane
351628,Brisbane
351629,Brisbane
351630,Brisbane
351631,Brisbane
351632,Brisbane
351633,Brisbane
351634,Brisbane
351635,Brisbane
351636,Brisbane
351637,Brisbane
351638,Brisbane
351639,Brisbane
351640,Brisbane
351641,Brisbane
351642,Brisbane
351643,Brisbane
351644,Brisbane
351645,Brisbane
351646,Brisbane
351647,Brisbane
351648,Brisbane
351649,Brisbane
351650,Brisbane
351651,Brisbane
351652,Brisbane
351653,Brisbane
351654,Brisbane
351655,Brisbane
351656,Brisbane
351657,Brisbane
351658,Brisbane
351659,Brisbane
351660,Brisbane
351661,Brisbane
351662,Brisbane
351663,Brisbane
351664,Brisbane
351665,Brisbane
351666,Brisbane
351667,Brisbane
351668,Melbourne
351669,Brisbane
351670,Brisbane
351671,Brisbane
351672,Brisbane
351673,Brisbane
351674,Brisbane
351675,Sydney
351676,Brisbane
351677,Brisbane
351678,Sydney
351679,Brisbane
351680,Brisbane
351681,Brisbane
351682,Brisbane
351683,Brisbane
351684,Melbourne
351685,Brisbane
351686,Brisbane
351687,Brisbane
351688,Brisbane
351689,Brisbane
351690,Brisbane
351691,Sydney
351692,Brisbane
351693,Brisbane
351694,Brisbane
351695,Brisbane
351696,Brisbane
351697,Brisbane
351698,Sydney
351699,Brisbane
351700,Brisbane
351701,Brisbane
351702,Brisbane
351703,Brisbane
351704,Brisbane
351705,Sydney
351706,Brisbane
351707,Brisbane
351708,Brisbane
351709,Brisbane
351710,Brisbane
351711,Perth
351712,Brisbane
351713,Brisbane
351714,Brisbane
351715,Brisbane
351716,Brisbane
351717,Brisbane
351718,Brisbane
351719,Brisbane
351720,Perth
351721,Sydney
351722,Brisbane
351723,Brisbane
351724,Brisbane
351725,Brisbane
351726,Brisbane
351727,Brisbane
351728,Brisbane
351729,Brisbane
351730,Brisbane
351731,Brisbane
351732,Brisbane
351733,Brisbane
351734,Brisbane
351735,Brisbane
351736,Brisbane
351737,Melbourne
351738,Brisbane
351739,Brisbane
351740,Brisbane
351741,Brisbane
351742,Brisbane
351743,Brisbane
351744,Brisbane
351745,Brisbane
351746,Brisbane
351747,Brisbane
351748,Brisbane
351749,Brisbane
351750,Brisbane
351751,Brisbane
351752,Brisbane
351753,Brisbane
351754,Brisbane
351755,Brisbane
351756,Brisbane
351757,Sydney
351758,Brisbane
351759,Brisbane
351760,Brisbane
351761,Brisbane
351762,Brisbane
351763,Brisbane
351764,Brisbane
351765,Brisbane
351766,Brisbane
351767,Brisbane
351768,Brisbane
351769,Perth
351770,Brisbane
351771,Brisbane
351772,Brisbane
351773,Brisbane
351774,Brisbane
351775,Brisbane
351776,Brisbane
351777,Brisbane
351778,Brisbane
351779,Brisbane
351780,Brisbane
351781,Brisbane
351782,Brisbane
351783,Brisbane
351784,Brisbane
351785,Brisbane
351786,Brisbane
351787,Brisbane
351788,Brisbane
351789,Brisbane
351790,Brisbane
351791,Brisbane
351792,Brisbane
351793,Brisbane
351794,Melbourne
351795,Brisbane
351796,Brisbane
351797,Brisbane
351798,Brisbane
351799,Brisbane
351800,Brisbane
351801,Melbourne
351802,Brisbane
351803,Brisbane
351804,Brisbane
351805,Brisbane
351806,Brisbane
351807,Brisbane
351808,Brisbane
351809,Brisbane
351810,Brisbane
351811,Sydney
351812,Brisbane
351813,Sydney
351814,Brisbane
351815,Melbourne
351816,Brisbane
351817,Brisbane
351818,Brisbane
351819,Brisbane
351820,Brisbane
351821,Brisbane
351822,Brisbane
351823,Brisbane
351824,Brisbane
351825,Brisbane
351826,Brisbane
351827,Brisbane
351828,Brisbane
351829,Brisbane
351830,Sydney
351831,Brisbane
351832,Brisbane
351833,Brisbane
351834,Brisbane
351835,Brisbane
351836,Brisbane
351837,Brisbane
351838,Brisbane
351839,Brisbane
351840,Brisbane
351841,Brisbane
351842,Brisbane
351843,Brisbane
351844,Brisbane
351845,Brisbane
351846,Brisbane
351847,Brisbane
351848,Brisbane
351849,Brisbane
351850,Brisbane
351851,Brisbane
351852,Brisbane
351853,Brisbane
351854,Brisbane
351855,Brisbane
351856,Brisbane
351857,Brisbane
351858,Brisbane
351859,Brisbane
351860,Brisbane
351861,Brisbane
351862,Brisbane
351863,Sydney
351864,Brisbane
351865,Brisbane
351866,Brisbane
351867,Brisbane
351868,Perth
351869,Perth
351870,Brisbane
351871,Perth
351872,Brisbane
351873,Brisbane
351874,Brisbane
351875,Melbourne
351876,Brisbane
351877,Brisbane
351878,Sydney
351879,Brisbane
351880,Sydney
351881,Brisbane
351882,Brisbane
351883,Brisbane
351884,Sydney
351885,Brisbane
351886,Sydney
351887,Brisbane
351888,Brisbane
351889,Brisbane
351890,Melbourne
351891,Brisbane
351892,Brisbane
351893,Brisbane
351894,Brisbane
351895,Brisbane
351896,Brisbane
351897,Brisbane
351898,Brisbane
351899,Brisbane
351900,Brisbane
351901,Brisbane
351902,Brisbane
351903,Brisbane
351904,Brisbane
351905,Brisbane
351906,Brisbane
351907,Brisbane
351908,Brisbane
351909,Brisbane
351910,Brisbane
351911,Brisbane
351912,Brisbane
351913,Brisbane
351914,Brisbane
351915,Brisbane
351916,Brisbane
351917,Brisbane
351918,Brisbane
351919,Brisbane
351920,Brisbane
351921,Brisbane
351922,Melbourne
351923,Brisbane
351924,Brisbane
351925,Brisbane
351926,Brisbane
351927,Brisbane
351928,Brisbane
351929,Brisbane
351930,Melbourne
351931,Brisbane
351932,Brisbane
351933,Brisbane
351934,Brisbane
351935,Brisbane
351936,Brisbane
351937,Brisbane
351938,Brisbane
351939,Brisbane
351940,Melbourne
351941,Brisbane
351942,Brisbane
351943,Melbourne
351944,Brisbane
351945,Brisbane
351946,Brisbane
351947,Brisbane
351948,Brisbane
351949,Brisbane
351950,Brisbane
351951,Brisbane
351952,Brisbane
351953,Brisbane
351954,Brisbane
351955,Melbourne
351956,Brisbane
351957,Brisbane
351958,Brisbane
351959,Brisbane
351960,Brisbane
351961,Brisbane
351962,Brisbane
351963,Brisbane
351964,Brisbane
351965,Brisbane
351966,Brisbane
351967,Brisbane
351968,Brisbane
351969,Brisbane
351970,Brisbane
351971,Brisbane
351972,Sydney
351973,Sydney
351974,Brisbane
351975,Brisbane
351976,Perth
351977,Brisbane
351978,Brisbane
351979,Brisbane
351980,Brisbane
351981,Brisbane
351982,Brisbane
351983,Sydney
351984,Brisbane
351985,Brisbane
351986,Brisbane
351987,Brisbane
351988,Brisbane
351989,Brisbane
351990,Brisbane
351991,Perth
351992,Brisbane
351993,Brisbane
351994,Brisbane
351995,Brisbane
351996,Brisbane
351997,Brisbane
351998,Brisbane
351999,Brisbane
352000,Brisbane
352001,Brisbane
352002,Brisbane
352003,Melbourne
352004,Brisbane
352005,Brisbane
352006,Brisbane
352007,Sydney
352008,Brisbane
352009,Brisbane
352010,Brisbane
352011,Brisbane
352012,Brisbane
352013,Brisbane
352014,Brisbane
352015,Brisbane
352016,Brisbane
352017,Brisbane
352018,Brisbane
352019,Brisbane
352020,Brisbane
352021,Brisbane
352022,Brisbane
352023,Brisbane
352024,Brisbane
352025,Brisbane
352026,Brisbane
352027,Brisbane
352028,Brisbane
352029,Brisbane
352030,Perth
352031,Brisbane
352032,Brisbane
352033,Brisbane
352034,Brisbane
352035,Brisbane
352036,Brisbane
352037,Brisbane
352038,Brisbane
352039,Brisbane
352040,Brisbane
352041,Brisbane
352042,Brisbane
352043,Sydney
352044,Brisbane
352045,Brisbane
352046,Brisbane
352047,Perth
352048,Brisbane
352049,Brisbane
352050,Brisbane
352051,Brisbane
352052,Brisbane
352053,Brisbane
352054,Brisbane
352055,Brisbane
352056,Brisbane
352057,Sydney
352058,Sydney
352059,Brisbane
352060,Brisbane
352061,Brisbane
352062,Brisbane
352063,Brisbane
352064,Brisbane
352065,Brisbane
352066,Brisbane
352067,Brisbane
352068,Brisbane
352069,Brisbane
352070,Brisbane
352071,Melbourne
352072,Brisbane
352073,Brisbane
352074,Brisbane
352075,Brisbane
352076,Brisbane
352077,Brisbane
352078,Brisbane
352079,Sydney
352080,Brisbane
352081,Sydney
352082,Brisbane
352083,Brisbane
352084,Brisbane
352085,Melbourne
352086,Brisbane
352087,Brisbane
352088,Sydney
352089,Melbourne
352090,Melbourne
352091,Sydney
352092,Brisbane
352093,Brisbane
352094,Brisbane
352095,Melbourne
352096,Brisbane
352097,Sydney
352098,Brisbane
352099,Brisbane
352100,Brisbane
352101,Brisbane
352102,Brisbane
352103,Brisbane
352104,Brisbane
352105,Brisbane
352106,Brisbane
352107,Brisbane
352108,Brisbane
352109,Sydney
352110,Brisbane
352111,Brisbane
352112,Brisbane
352113,Brisbane
352114,Brisbane
352115,Brisbane
352116,Brisbane
352117,Brisbane
352118,Brisbane
352119,Brisbane
352120,Brisbane
352121,Brisbane
352122,Brisbane
352123,Brisbane
352124,Brisbane
352125,Brisbane
352126,Brisbane
352127,Brisbane
352128,Brisbane
352129,Brisbane
352130,Brisbane
352131,Brisbane
352132,Brisbane
352133,Brisbane
352134,Brisbane
352135,Brisbane
352136,Brisbane
352137,Brisbane
352138,Brisbane
352139,Brisbane
352140,Brisbane
352141,Brisbane
352142,Brisbane
352143,Brisbane
352144,Brisbane
352145,Brisbane
352146,Brisbane
352147,Brisbane
352148,Brisbane
352149,Brisbane
352150,Brisbane
352151,Brisbane
352152,Brisbane
352153,Brisbane
352154,Brisbane
352155,Brisbane
352156,Brisbane
352157,Brisbane
352158,Sydney
352159,Brisbane
352160,Brisbane
352161,Brisbane
352162,Brisbane
352163,Brisbane
352164,Brisbane
352165,Brisbane
352166,Brisbane
352167,Brisbane
352168,Brisbane
352169,Brisbane
352170,Brisbane
352171,Brisbane
352172,Brisbane
352173,Brisbane
352174,Brisbane
352175,Brisbane
352176,Brisbane
352177,Brisbane
352178,Brisbane
352179,Brisbane
352180,Brisbane
352181,Brisbane
352182,Brisbane
352183,Brisbane
352184,Brisbane
352185,Sydney
352186,Brisbane
352187,Brisbane
352188,Brisbane
352189,Brisbane
352190,Brisbane
352191,Brisbane
352192,Brisbane
352193,Brisbane
352194,Brisbane
352195,Brisbane
352196,Brisbane
352197,Brisbane
352198,Brisbane
352199,Brisbane
352200,Brisbane
352201,Sydney
352202,Brisbane
352203,Brisbane
352204,Sydney
352205,Brisbane
352206,Brisbane
352207,Brisbane
352208,Brisbane
352209,Brisbane
352210,Sydney
352211,Brisbane
352212,Brisbane
352213,Melbourne
352214,Brisbane
352215,Brisbane
352216,Brisbane
352217,Brisbane
352218,Brisbane
352219,Brisbane
352220,Brisbane
352221,Brisbane
352222,Brisbane
352223,Brisbane
352224,Brisbane
352225,Brisbane
352226,Brisbane
352227,Brisbane
352228,Brisbane
352229,Brisbane
352230,Brisbane
352231,Brisbane
352232,Brisbane
352233,Brisbane
352234,Brisbane
352235,Brisbane
352236,Brisbane
352237,Brisbane
352238,Brisbane
352239,Brisbane
352240,Brisbane
352241,Brisbane
352242,Brisbane
352243,Brisbane
352244,Brisbane
352245,Brisbane
352246,Brisbane
352247,Brisbane
352248,Brisbane
352249,Brisbane
352250,Brisbane
352251,Brisbane
352252,Brisbane
352253,Brisbane
352254,Brisbane
352255,Brisbane
352256,Brisbane
352257,Brisbane
352258,Brisbane
352259,Brisbane
352260,Brisbane
352261,Brisbane
352262,Brisbane
352263,Brisbane
352264,Brisbane
352265,Brisbane
352266,Perth
352267,Sydney
352268,Brisbane
352269,Brisbane
352270,Brisbane
352271,Brisbane
352272,Brisbane
352273,Brisbane
352274,Brisbane
352275,Brisbane
352276,Melbourne
352277,Brisbane
352278,Brisbane
352279,Brisbane
352280,Brisbane
352281,Brisbane
352282,Brisbane
352283,Brisbane
352284,Brisbane
352285,Brisbane
352286,Sydney
352287,Brisbane
352288,Brisbane
352289,Brisbane
352290,Brisbane
352291,Brisbane
352292,Brisbane
352293,Brisbane
352294,Brisbane
352295,Brisbane
352296,Brisbane
352297,Brisbane
352298,Brisbane
352299,Brisbane
352300,Brisbane
352301,Brisbane
352302,Brisbane
352303,Perth
352304,Brisbane
352305,Brisbane
352306,Brisbane
352307,Brisbane
352308,Brisbane
352309,Brisbane
352310,Brisbane
352311,Brisbane
352312,Brisbane
352313,Brisbane
352314,Brisbane
352315,Brisbane
352316,Brisbane
352317,Brisbane
352318,Brisbane
352319,Brisbane
352320,Brisbane
352321,Brisbane
352322,Brisbane
352323,Brisbane
352324,Brisbane
352325,Brisbane
352326,Brisbane
352327,Brisbane
352328,Brisbane
352329,Brisbane
352330,Brisbane
352331,Brisbane
352332,Brisbane
352333,Melbourne
352334,Sydney
352335,Brisbane
352336,Brisbane
352337,Brisbane
352338,Brisbane
352339,Brisbane
352340,Perth
352341,Brisbane
352342,Brisbane
352343,Brisbane
352344,Brisbane
352345,Brisbane
352346,Brisbane
352347,Brisbane
352348,Brisbane
352349,Brisbane
352350,Brisbane
352351,Brisbane
352352,Brisbane
352353,Brisbane
352354,Brisbane
352355,Brisbane
352356,Brisbane
352357,Brisbane
352358,Perth
352359,Brisbane
352360,Brisbane
352361,Brisbane
352362,Melbourne
352363,Brisbane
352364,Brisbane
352365,Brisbane
352366,Brisbane
352367,Brisbane
352368,Brisbane
352369,Brisbane
352370,Brisbane
352371,Brisbane
352372,Brisbane
352373,Brisbane
352374,Brisbane
352375,Perth
352376,Brisbane
352377,Brisbane
352378,Brisbane
352379,Brisbane
352380,Brisbane
352381,Brisbane
352382,Brisbane
352383,Brisbane
352384,Melbourne
352385,Brisbane
352386,Brisbane
352387,Brisbane
352388,Brisbane
352389,Sydney
352390,Brisbane
352391,Brisbane
352392,Brisbane
352393,Brisbane
352394,Brisbane
352395,Brisbane
352396,Brisbane
352397,Brisbane
352398,Brisbane
352399,Brisbane
352400,Brisbane
352401,Brisbane
352402,Brisbane
352403,Brisbane
352404,Brisbane
352405,Brisbane
352406,Brisbane
352407,Brisbane
352408,Brisbane
352409,Brisbane
352410,Brisbane
352411,Brisbane
352412,Brisbane
352413,Brisbane
352414,Brisbane
352415,Melbourne
352416,Brisbane
352417,Brisbane
352418,Perth
352419,Brisbane
352420,Brisbane
352421,Brisbane
352422,Brisbane
352423,Brisbane
352424,Brisbane
352425,Brisbane
352426,Brisbane
352427,Brisbane
352428,Brisbane
352429,Perth
352430,Brisbane
352431,Brisbane
352432,Brisbane
352433,Brisbane
352434,Perth
352435,Brisbane
352436,Brisbane
352437,Brisbane
352438,Melbourne
352439,Brisbane
352440,Brisbane
352441,Brisbane
352442,Brisbane
352443,Brisbane
352444,Brisbane
352445,Brisbane
352446,Brisbane
352447,Brisbane
352448,Brisbane
352449,Brisbane
352450,Brisbane
352451,Brisbane
352452,Brisbane
352453,Brisbane
352454,Brisbane
352455,Brisbane
352456,Brisbane
352457,Brisbane
352458,Brisbane
352459,Brisbane
352460,Brisbane
352461,Brisbane
352462,Brisbane
352463,Brisbane
352464,Brisbane
352465,Brisbane
352466,Brisbane
352467,Brisbane
352468,Brisbane
352469,Brisbane
352470,Brisbane
352471,Brisbane
352472,Brisbane
352473,Brisbane
352474,Brisbane
352475,Brisbane
352476,Brisbane
352477,Brisbane
352478,Brisbane
352479,Brisbane
352480,Brisbane
352481,Brisbane
352482,Brisbane
352483,Brisbane
352484,Brisbane
352485,Brisbane
352486,Brisbane
352487,Brisbane
352488,Brisbane
352489,Brisbane
352490,Brisbane
352491,Brisbane
352492,Brisbane
352493,Brisbane
352494,Perth
352495,Brisbane
352496,Brisbane
352497,Brisbane
352498,Brisbane
352499,Brisbane
352500,Perth
352501,Brisbane
352502,Brisbane
352503,Brisbane
352504,Brisbane
352505,Brisbane
352506,Brisbane
352507,Brisbane
352508,Brisbane
352509,Brisbane
352510,Brisbane
352511,Brisbane
352512,Brisbane
352513,Brisbane
352514,Brisbane
352515,Sydney
352516,Brisbane
352517,Brisbane
352518,Brisbane
352519,Brisbane
352520,Melbourne
352521,Melbourne
352522,Brisbane
352523,Brisbane
352524,Brisbane
352525,Brisbane
352526,Brisbane
352527,Brisbane
352528,Brisbane
352529,Brisbane
352530,Sydney
352531,Brisbane
352532,Perth
352533,Perth
352534,Brisbane
352535,Brisbane
352536,Brisbane
352537,Brisbane
352538,Brisbane
352539,Brisbane
352540,Brisbane
352541,Brisbane
352542,Brisbane
352543,Brisbane
352544,Melbourne
352545,Brisbane
352546,Brisbane
352547,Brisbane
352548,Brisbane
352549,Brisbane
352550,Brisbane
352551,Brisbane
352552,Brisbane
352553,Brisbane
352554,Perth
352555,Brisbane
352556,Brisbane
352557,Sydney
352558,Brisbane
352559,Brisbane
352560,Brisbane
352561,Sydney
352562,Brisbane
352563,Brisbane
352564,Brisbane
352565,Brisbane
352566,Brisbane
352567,Brisbane
352568,Brisbane
352569,Perth
352570,Brisbane
352571,Brisbane
352572,Brisbane
352573,Brisbane
352574,Brisbane
352575,Brisbane
352576,Brisbane
352577,Brisbane
352578,Brisbane
352579,Brisbane
352580,Brisbane
352581,Perth
352582,Brisbane
352583,Sydney
352584,Brisbane
352585,Brisbane
352586,Brisbane
352587,Sydney
352588,Brisbane
352589,Brisbane
352590,Brisbane
352591,Brisbane
352592,Brisbane
352593,Perth
352594,Brisbane
352595,Brisbane
352596,Brisbane
352597,Perth
352598,Brisbane
352599,Brisbane
352600,Brisbane
352601,Brisbane
352602,Brisbane
352603,Brisbane
352604,Brisbane
352605,Brisbane
352606,Brisbane
352607,Brisbane
352608,Brisbane
352609,Brisbane
352610,Perth
352611,Brisbane
352612,Brisbane
352613,Brisbane
352614,Brisbane
352615,Brisbane
352616,Brisbane
352617,Brisbane
352618,Brisbane
352619,Brisbane
352620,Brisbane
352621,Brisbane
352622,Brisbane
352623,Brisbane
352624,Brisbane
352625,Brisbane
352626,Brisbane
352627,Brisbane
352628,Brisbane
352629,Brisbane
352630,Brisbane
352631,Brisbane
352632,Brisbane
352633,Brisbane
352634,Brisbane
352635,Brisbane
352636,Brisbane
352637,Brisbane
352638,Brisbane
352639,Brisbane
352640,Sydney
352641,Brisbane
352642,Brisbane
352643,Brisbane
352644,Brisbane
352645,Brisbane
352646,Brisbane
352647,Brisbane
352648,Brisbane
352649,Brisbane
352650,Brisbane
352651,Brisbane
352652,Brisbane
352653,Brisbane
352654,Brisbane
352655,Melbourne
352656,Brisbane
352657,Brisbane
352658,Brisbane
352659,Brisbane
352660,Brisbane
352661,Brisbane
352662,Brisbane
352663,Brisbane
352664,Brisbane
352665,Brisbane
352666,Brisbane
352667,Brisbane
352668,Perth
352669,Brisbane
352670,Melbourne
352671,Brisbane
352672,Brisbane
352673,Brisbane
352674,Brisbane
352675,Brisbane
352676,Brisbane
352677,Brisbane
352678,Brisbane
352679,Brisbane
352680,Brisbane
352681,Brisbane
352682,Brisbane
352683,Brisbane
352684,Brisbane
352685,Brisbane
352686,Brisbane
352687,Brisbane
352688,Brisbane
352689,Brisbane
352690,Brisbane
352691,Brisbane
352692,Brisbane
352693,Brisbane
352694,Brisbane
352695,Brisbane
352696,Brisbane
352697,Brisbane
352698,Brisbane
352699,Perth
352700,Brisbane
352701,Brisbane
352702,Brisbane
352703,Brisbane
352704,Brisbane
352705,Brisbane
352706,Brisbane
352707,Brisbane
352708,Brisbane
352709,Sydney
352710,Brisbane
352711,Perth
352712,Brisbane
352713,Brisbane
352714,Brisbane
352715,Brisbane
352716,Brisbane
352717,Brisbane
352718,Brisbane
352719,Melbourne
352720,Brisbane
352721,Brisbane
352722,Brisbane
352723,Brisbane
352724,Brisbane
352725,Brisbane
352726,Brisbane
352727,Brisbane
352728,Brisbane
352729,Sydney
352730,Sydney
352731,Brisbane
352732,Brisbane
352733,Brisbane
352734,Brisbane
352735,Brisbane
352736,Brisbane
352737,Brisbane
352738,Brisbane
352739,Brisbane
352740,Brisbane
352741,Brisbane
352742,Brisbane
352743,Brisbane
352744,Brisbane
352745,Brisbane
352746,Brisbane
352747,Brisbane
352748,Brisbane
352749,Brisbane
352750,Brisbane
352751,Brisbane
352752,Brisbane
352753,Brisbane
352754,Brisbane
352755,Brisbane
352756,Brisbane
352757,Brisbane
352758,Brisbane
352759,Brisbane
352760,Brisbane
352761,Brisbane
352762,Brisbane
352763,Brisbane
352764,Brisbane
352765,Brisbane
352766,Sydney
352767,Perth
352768,Brisbane
352769,Brisbane
352770,Melbourne
352771,Brisbane
352772,Brisbane
352773,Brisbane
352774,Brisbane
352775,Perth
352776,Brisbane
352777,Perth
352778,Brisbane
352779,Brisbane
352780,Brisbane
352781,Brisbane
352782,Brisbane
352783,Melbourne
352784,Brisbane
352785,Brisbane
352786,Brisbane
352787,Brisbane
352788,Brisbane
352789,Brisbane
352790,Brisbane
352791,Brisbane
352792,Brisbane
352793,Brisbane
352794,Brisbane
352795,Brisbane
352796,Brisbane
352797,Melbourne
352798,Brisbane
352799,Brisbane
352800,Brisbane
352801,Brisbane
352802,Brisbane
352803,Sydney
352804,Brisbane
352805,Brisbane
352806,Brisbane
352807,Brisbane
352808,Brisbane
352809,Brisbane
352810,Brisbane
352811,Brisbane
352812,Brisbane
352813,Brisbane
352814,Brisbane
352815,Brisbane
352816,Brisbane
352817,Brisbane
352818,Brisbane
352819,Sydney
352820,Brisbane
352821,Brisbane
352822,Brisbane
352823,Brisbane
352824,Brisbane
352825,Brisbane
352826,Brisbane
352827,Brisbane
352828,Brisbane
352829,Brisbane
352830,Brisbane
352831,Brisbane
352832,Brisbane
352833,Melbourne
352834,Brisbane
352835,Brisbane
352836,Brisbane
352837,Brisbane
352838,Brisbane
352839,Brisbane
352840,Brisbane
352841,Brisbane
352842,Brisbane
352843,Brisbane
352844,Sydney
352845,Brisbane
352846,Brisbane
352847,Brisbane
352848,Brisbane
352849,Brisbane
352850,Sydney
352851,Brisbane
352852,Brisbane
352853,Brisbane
352854,Brisbane
352855,Brisbane
352856,Brisbane
352857,Brisbane
352858,Brisbane
352859,Brisbane
352860,Perth
352861,Brisbane
352862,Perth
352863,Brisbane
352864,Brisbane
352865,Brisbane
352866,Brisbane
352867,Brisbane
352868,Brisbane
352869,Brisbane
352870,Brisbane
352871,Brisbane
352872,Brisbane
352873,Brisbane
352874,Perth
352875,Brisbane
352876,Brisbane
352877,Brisbane
352878,Brisbane
352879,Brisbane
352880,Brisbane
352881,Brisbane
352882,Brisbane
352883,Melbourne
352884,Brisbane
352885,Brisbane
352886,Brisbane
352887,Brisbane
352888,Brisbane
352889,Brisbane
352890,Brisbane
352891,Brisbane
352892,Brisbane
352893,Brisbane
352894,Brisbane
352895,Brisbane
352896,Brisbane
352897,Perth
352898,Brisbane
352899,Brisbane
352900,Brisbane
352901,Brisbane
352902,Brisbane
352903,Brisbane
352904,Brisbane
352905,Melbourne
352906,Brisbane
352907,Brisbane
352908,Brisbane
352909,Brisbane
352910,Brisbane
352911,Brisbane
352912,Sydney
352913,Brisbane
352914,Brisbane
352915,Brisbane
352916,Brisbane
352917,Perth
352918,Brisbane
352919,Brisbane
352920,Brisbane
352921,Brisbane
352922,Brisbane
352923,Brisbane
352924,Brisbane
352925,Melbourne
352926,Brisbane
352927,Perth
352928,Brisbane
352929,Brisbane
352930,Brisbane
352931,Brisbane
352932,Brisbane
352933,Brisbane
352934,Melbourne
352935,Brisbane
352936,Brisbane
352937,Brisbane
352938,Brisbane
352939,Brisbane
352940,Melbourne
352941,Melbourne
352942,Brisbane
352943,Brisbane
352944,Brisbane
352945,Brisbane
352946,Brisbane
352947,Perth
352948,Brisbane
352949,Brisbane
352950,Brisbane
352951,Brisbane
352952,Brisbane
352953,Sydney
352954,Brisbane
352955,Brisbane
352956,Brisbane
352957,Brisbane
352958,Sydney
352959,Brisbane
352960,Brisbane
352961,Brisbane
352962,Brisbane
352963,Brisbane
352964,Brisbane
352965,Brisbane
352966,Brisbane
352967,Brisbane
352968,Brisbane
352969,Sydney
352970,Brisbane
352971,Brisbane
352972,Brisbane
352973,Brisbane
352974,Sydney
352975,Brisbane
352976,Brisbane
352977,Brisbane
352978,Brisbane
352979,Brisbane
352980,Brisbane
352981,Brisbane
352982,Brisbane
352983,Brisbane
352984,Brisbane
352985,Perth
352986,Brisbane
352987,Brisbane
352988,Brisbane
352989,Perth
352990,Brisbane
352991,Brisbane
352992,Brisbane
352993,Brisbane
352994,Brisbane
352995,Brisbane
352996,Brisbane
352997,Brisbane
352998,Brisbane
352999,Brisbane
353000,Brisbane
353001,Brisbane
353002,Brisbane
353003,Brisbane
353004,Brisbane
353005,Brisbane
353006,Brisbane
353007,Brisbane
353008,Brisbane
353009,Brisbane
353010,Brisbane
353011,Brisbane
353012,Brisbane
353013,Brisbane
353014,Brisbane
353015,Brisbane
353016,Brisbane
353017,Brisbane
353018,Brisbane
353019,Brisbane
353020,Brisbane
353021,Brisbane
353022,Brisbane
353023,Brisbane
353024,Brisbane
353025,Brisbane
353026,Brisbane
353027,Brisbane
353028,Brisbane
353029,Brisbane
353030,Brisbane
353031,Brisbane
353032,Brisbane
353033,Brisbane
353034,Brisbane
353035,Brisbane
353036,Perth
353037,Brisbane
353038,Brisbane
353039,Brisbane
353040,Brisbane
353041,Brisbane
353042,Brisbane
353043,Brisbane
353044,Perth
353045,Brisbane
353046,Sydney
353047,Brisbane
353048,Brisbane
353049,Brisbane
353050,Brisbane
353051,Melbourne
353052,Brisbane
353053,Brisbane
353054,Brisbane
353055,Brisbane
353056,Brisbane
353057,Brisbane
353058,Brisbane
353059,Brisbane
353060,Brisbane
353061,Brisbane
353062,Brisbane
353063,Brisbane
353064,Brisbane
353065,Sydney
353066,Brisbane
353067,Brisbane
353068,Brisbane
353069,Melbourne
353070,Brisbane
353071,Brisbane
353072,Brisbane
353073,Brisbane
353074,Brisbane
353075,Brisbane
353076,Sydney
353077,Brisbane
353078,Brisbane
353079,Brisbane
353080,Brisbane
353081,Brisbane
353082,Brisbane
353083,Brisbane
353084,Brisbane
353085,Brisbane
353086,Brisbane
353087,Brisbane
353088,Brisbane
353089,Brisbane
353090,Brisbane
353091,Sydney
353092,Melbourne
353093,Brisbane
353094,Brisbane
353095,Brisbane
353096,Brisbane
353097,Brisbane
353098,Brisbane
353099,Brisbane
353100,Brisbane
353101,Brisbane
353102,Brisbane
353103,Brisbane
353104,Brisbane
353105,Brisbane
353106,Brisbane
353107,Brisbane
353108,Brisbane
353109,Brisbane
353110,Brisbane
353111,Sydney
353112,Brisbane
353113,Brisbane
353114,Brisbane
353115,Brisbane
353116,Brisbane
353117,Brisbane
353118,Brisbane
353119,Brisbane
353120,Brisbane
353121,Brisbane
353122,Brisbane
353123,Brisbane
353124,Brisbane
353125,Sydney
353126,Brisbane
353127,Brisbane
353128,Brisbane
353129,Brisbane
353130,Brisbane
353131,Brisbane
353132,Brisbane
353133,Brisbane
353134,Brisbane
353135,Brisbane
353136,Brisbane
353137,Brisbane
353138,Brisbane
353139,Brisbane
353140,Brisbane
353141,Brisbane
353142,Brisbane
353143,Sydney
353144,Brisbane
353145,Brisbane
353146,Brisbane
353147,Brisbane
353148,Perth
353149,Brisbane
353150,Melbourne
353151,Perth
353152,Brisbane
353153,Brisbane
353154,Brisbane
353155,Melbourne
353156,Brisbane
353157,Brisbane
353158,Brisbane
353159,Brisbane
353160,Brisbane
353161,Brisbane
353162,Brisbane
353163,Brisbane
353164,Brisbane
353165,Brisbane
353166,Brisbane
353167,Brisbane
353168,Brisbane
353169,Brisbane
353170,Brisbane
353171,Brisbane
353172,Brisbane
353173,Brisbane
353174,Brisbane
353175,Brisbane
353176,Brisbane
353177,Brisbane
353178,Brisbane
353179,Brisbane
353180,Sydney
353181,Brisbane
353182,Brisbane
353183,Perth
353184,Brisbane
353185,Brisbane
353186,Brisbane
353187,Sydney
353188,Brisbane
353189,Brisbane
353190,Brisbane
353191,Brisbane
353192,Perth
353193,Perth
353194,Brisbane
353195,Brisbane
353196,Brisbane
353197,Brisbane
353198,Brisbane
353199,Melbourne
353200,Sydney
353201,Brisbane
353202,Brisbane
353203,Brisbane
353204,Brisbane
353205,Brisbane
353206,Brisbane
353207,Brisbane
353208,Brisbane
353209,Brisbane
353210,Brisbane
353211,Brisbane
353212,Sydney
353213,Brisbane
353214,Brisbane
353215,Brisbane
353216,Sydney
353217,Brisbane
353218,Brisbane
353219,Brisbane
353220,Brisbane
353221,Brisbane
353222,Brisbane
353223,Brisbane
353224,Brisbane
353225,Brisbane
353226,Brisbane
353227,Brisbane
353228,Brisbane
353229,Brisbane
353230,Brisbane
353231,Brisbane
353232,Brisbane
353233,Brisbane
353234,Brisbane
353235,Brisbane
353236,Brisbane
353237,Brisbane
353238,Brisbane
353239,Brisbane
353240,Brisbane
353241,Brisbane
353242,Brisbane
353243,Brisbane
353244,Brisbane
353245,Brisbane
353246,Brisbane
353247,Brisbane
353248,Brisbane
353249,Sydney
353250,Brisbane
353251,Sydney
353252,Brisbane
353253,Brisbane
353254,Perth
353255,Brisbane
353256,Brisbane
353257,Brisbane
353258,Brisbane
353259,Melbourne
353260,Brisbane
353261,Brisbane
353262,Brisbane
353263,Brisbane
353264,Brisbane
353265,Brisbane
353266,Brisbane
353267,Brisbane
353268,Brisbane
353269,Brisbane
353270,Brisbane
353271,Brisbane
353272,Brisbane
353273,Brisbane
353274,Brisbane
353275,Brisbane
353276,Brisbane
353277,Sydney
353278,Brisbane
353279,Brisbane
353280,Brisbane
353281,Brisbane
353282,Brisbane
353283,Brisbane
353284,Brisbane
353285,Brisbane
353286,Brisbane
353287,Brisbane
353288,Brisbane
353289,Brisbane
353290,Sydney
353291,Brisbane
353292,Brisbane
353293,Brisbane
353294,Perth
353295,Brisbane
353296,Brisbane
353297,Brisbane
353298,Brisbane
353299,Brisbane
353300,Brisbane
353301,Brisbane
353302,Brisbane
353303,Brisbane
353304,Brisbane
353305,Brisbane
353306,Brisbane
353307,Sydney
353308,Brisbane
353309,Brisbane
353310,Brisbane
353311,Brisbane
353312,Brisbane
353313,Brisbane
353314,Brisbane
353315,Brisbane
353316,Brisbane
353317,Brisbane
353318,Brisbane
353319,Brisbane
353320,Brisbane
353321,Brisbane
353322,Brisbane
353323,Brisbane
353324,Brisbane
353325,Brisbane
353326,Melbourne
353327,Brisbane
353328,Brisbane
353329,Brisbane
353330,Brisbane
353331,Brisbane
353332,Brisbane
353333,Melbourne
353334,Brisbane
353335,Melbourne
353336,Brisbane
353337,Brisbane
353338,Brisbane
353339,Perth
353340,Brisbane
353341,Melbourne
353342,Brisbane
353343,Sydney
353344,Brisbane
353345,Brisbane
353346,Brisbane
353347,Brisbane
353348,Brisbane
353349,Sydney
353350,Brisbane
353351,Brisbane
353352,Brisbane
353353,Perth
353354,Perth
353355,Brisbane
353356,Sydney
353357,Brisbane
353358,Brisbane
353359,Brisbane
353360,Brisbane
353361,Brisbane
353362,Brisbane
353363,Brisbane
353364,Brisbane
353365,Brisbane
353366,Brisbane
353367,Brisbane
353368,Brisbane
353369,Brisbane
353370,Brisbane
353371,Brisbane
353372,Sydney
353373,Brisbane
353374,Brisbane
353375,Brisbane
353376,Brisbane
353377,Brisbane
353378,Brisbane
353379,Brisbane
353380,Brisbane
353381,Sydney
353382,Sydney
353383,Brisbane
353384,Brisbane
353385,Brisbane
353386,Melbourne
353387,Brisbane
353388,Brisbane
353389,Brisbane
353390,Brisbane
353391,Brisbane
353392,Brisbane
353393,Brisbane
353394,Brisbane
353395,Brisbane
353396,Brisbane
353397,Brisbane
353398,Brisbane
353399,Brisbane
353400,Brisbane
353401,Brisbane
353402,Brisbane
353403,Brisbane
353404,Brisbane
353405,Brisbane
353406,Perth
353407,Brisbane
353408,Brisbane
353409,Brisbane
353410,Perth
353411,Brisbane
353412,Brisbane
353413,Brisbane
353414,Brisbane
353415,Brisbane
353416,Brisbane
353417,Brisbane
353418,Brisbane
353419,Brisbane
353420,Brisbane
353421,Sydney
353422,Brisbane
353423,Brisbane
353424,Brisbane
353425,Brisbane
353426,Brisbane
353427,Brisbane
353428,Brisbane
353429,Brisbane
353430,Brisbane
353431,Brisbane
353432,Brisbane
353433,Brisbane
353434,Brisbane
353435,Brisbane
353436,Brisbane
353437,Brisbane
353438,Brisbane
353439,Brisbane
353440,Brisbane
353441,Brisbane
353442,Brisbane
353443,Brisbane
353444,Brisbane
353445,Brisbane
353446,Brisbane
353447,Brisbane
353448,Brisbane
353449,Brisbane
353450,Brisbane
353451,Brisbane
353452,Brisbane
353453,Melbourne
353454,Brisbane
353455,Brisbane
353456,Sydney
353457,Brisbane
353458,Brisbane
353459,Brisbane
353460,Brisbane
353461,Brisbane
353462,Brisbane
353463,Sydney
353464,Brisbane
353465,Brisbane
353466,Sydney
353467,Perth
353468,Brisbane
353469,Brisbane
353470,Brisbane
353471,Brisbane
353472,Brisbane
353473,Brisbane
353474,Brisbane
353475,Brisbane
353476,Brisbane
353477,Brisbane
353478,Brisbane
353479,Brisbane
353480,Brisbane
353481,Brisbane
353482,Brisbane
353483,Brisbane
353484,Brisbane
353485,Brisbane
353486,Brisbane
353487,Brisbane
353488,Brisbane
353489,Brisbane
353490,Brisbane
353491,Brisbane
353492,Brisbane
353493,Melbourne
353494,Brisbane
353495,Brisbane
353496,Brisbane
353497,Brisbane
353498,Brisbane
353499,Brisbane
353500,Brisbane
353501,Brisbane
353502,Brisbane
353503,Brisbane
353504,Brisbane
353505,Brisbane
353506,Brisbane
353507,Brisbane
353508,Brisbane
353509,Brisbane
353510,Perth
353511,Brisbane
353512,Brisbane
353513,Brisbane
353514,Brisbane
353515,Brisbane
353516,Brisbane
353517,Sydney
353518,Brisbane
353519,Brisbane
353520,Brisbane
353521,Brisbane
353522,Brisbane
353523,Brisbane
353524,Brisbane
353525,Brisbane
353526,Brisbane
353527,Brisbane
353528,Brisbane
353529,Brisbane
353530,Brisbane
353531,Brisbane
353532,Brisbane
353533,Brisbane
353534,Brisbane
353535,Brisbane
353536,Brisbane
353537,Perth
353538,Brisbane
353539,Brisbane
353540,Sydney
353541,Brisbane
353542,Brisbane
353543,Brisbane
353544,Brisbane
353545,Brisbane
353546,Brisbane
353547,Brisbane
353548,Brisbane
353549,Brisbane
353550,Brisbane
353551,Brisbane
353552,Brisbane
353553,Brisbane
353554,Brisbane
353555,Brisbane
353556,Brisbane
353557,Brisbane
353558,Brisbane
353559,Brisbane
353560,Brisbane
353561,Brisbane
353562,Brisbane
353563,Brisbane
353564,Brisbane
353565,Brisbane
353566,Brisbane
353567,Brisbane
353568,Brisbane
353569,Brisbane
353570,Brisbane
353571,Brisbane
353572,Brisbane
353573,Brisbane
353574,Brisbane
353575,Perth
353576,Brisbane
353577,Brisbane
353578,Brisbane
353579,Brisbane
353580,Sydney
353581,Brisbane
353582,Brisbane
353583,Brisbane
353584,Brisbane
353585,Brisbane
353586,Brisbane
353587,Brisbane
353588,Brisbane
353589,Brisbane
353590,Brisbane
353591,Brisbane
353592,Sydney
353593,Brisbane
353594,Brisbane
353595,Brisbane
353596,Brisbane
353597,Brisbane
353598,Brisbane
353599,Brisbane
353600,Brisbane
353601,Brisbane
353602,Brisbane
353603,Perth
353604,Brisbane
353605,Brisbane
353606,Brisbane
353607,Brisbane
353608,Brisbane
353609,Brisbane
353610,Brisbane
353611,Brisbane
353612,Brisbane
353613,Brisbane
353614,Brisbane
353615,Brisbane
353616,Brisbane
353617,Brisbane
353618,Brisbane
353619,Brisbane
353620,Brisbane
353621,Brisbane
353622,Brisbane
353623,Brisbane
353624,Brisbane
353625,Melbourne
353626,Brisbane
353627,Brisbane
353628,Sydney
353629,Brisbane
353630,Brisbane
353631,Brisbane
353632,Brisbane
353633,Brisbane
353634,Brisbane
353635,Brisbane
353636,Brisbane
353637,Brisbane
353638,Brisbane
353639,Perth
353640,Brisbane
353641,Brisbane
353642,Perth
353643,Brisbane
353644,Brisbane
353645,Brisbane
353646,Brisbane
353647,Brisbane
353648,Perth
353649,Brisbane
353650,Brisbane
353651,Brisbane
353652,Brisbane
353653,Brisbane
353654,Brisbane
353655,Brisbane
353656,Brisbane
353657,Brisbane
353658,Brisbane
353659,Brisbane
353660,Brisbane
353661,Brisbane
353662,Brisbane
353663,Perth
353664,Sydney
353665,Brisbane
353666,Brisbane
353667,Brisbane
353668,Brisbane
353669,Brisbane
353670,Brisbane
353671,Brisbane
353672,Brisbane
353673,Brisbane
353674,Brisbane
353675,Brisbane
353676,Brisbane
353677,Brisbane
353678,Brisbane
353679,Brisbane
353680,Brisbane
353681,Brisbane
353682,Brisbane
353683,Brisbane
353684,Brisbane
353685,Melbourne
353686,Melbourne
353687,Brisbane
353688,Brisbane
353689,Brisbane
353690,Brisbane
353691,Perth
353692,Perth
353693,Brisbane
353694,Brisbane
353695,Brisbane
353696,Brisbane
353697,Brisbane
353698,Brisbane
353699,Brisbane
353700,Brisbane
353701,Brisbane
353702,Brisbane
353703,Melbourne
353704,Brisbane
353705,Brisbane
353706,Brisbane
353707,Brisbane
353708,Brisbane
353709,Brisbane
353710,Brisbane
353711,Brisbane
353712,Brisbane
353713,Brisbane
353714,Brisbane
353715,Brisbane
353716,Brisbane
353717,Brisbane
353718,Brisbane
353719,Brisbane
353720,Brisbane
353721,Brisbane
353722,Brisbane
353723,Brisbane
353724,Brisbane
353725,Perth
353726,Brisbane
353727,Brisbane
353728,Brisbane
353729,Brisbane
353730,Brisbane
353731,Sydney
353732,Brisbane
353733,Brisbane
353734,Brisbane
353735,Brisbane
353736,Brisbane
353737,Brisbane
353738,Brisbane
353739,Brisbane
353740,Brisbane
353741,Brisbane
353742,Brisbane
353743,Sydney
353744,Brisbane
353745,Brisbane
353746,Brisbane
353747,Brisbane
353748,Brisbane
353749,Brisbane
353750,Brisbane
353751,Brisbane
353752,Brisbane
353753,Brisbane
353754,Brisbane
353755,Melbourne
353756,Brisbane
353757,Brisbane
353758,Brisbane
353759,Brisbane
353760,Brisbane
353761,Brisbane
353762,Brisbane
353763,Brisbane
353764,Brisbane
353765,Brisbane
353766,Brisbane
353767,Brisbane
353768,Brisbane
353769,Brisbane
353770,Brisbane
353771,Brisbane
353772,Melbourne
353773,Perth
353774,Brisbane
353775,Brisbane
353776,Brisbane
353777,Brisbane
353778,Sydney
353779,Melbourne
353780,Brisbane
353781,Brisbane
353782,Brisbane
353783,Brisbane
353784,Brisbane
353785,Brisbane
353786,Brisbane
353787,Brisbane
353788,Brisbane
353789,Brisbane
353790,Brisbane
353791,Brisbane
353792,Brisbane
353793,Brisbane
353794,Brisbane
353795,Brisbane
353796,Brisbane
353797,Brisbane
353798,Melbourne
353799,Brisbane
353800,Brisbane
353801,Brisbane
353802,Brisbane
353803,Brisbane
353804,Brisbane
353805,Brisbane
353806,Brisbane
353807,Brisbane
353808,Brisbane
353809,Brisbane
353810,Brisbane
353811,Perth
353812,Brisbane
353813,Brisbane
353814,Brisbane
353815,Brisbane
353816,Brisbane
353817,Brisbane
353818,Brisbane
353819,Brisbane
353820,Perth
353821,Brisbane
353822,Brisbane
353823,Brisbane
353824,Brisbane
353825,Brisbane
353826,Brisbane
353827,Brisbane
353828,Brisbane
353829,Brisbane
353830,Brisbane
353831,Brisbane
353832,Brisbane
353833,Brisbane
353834,Brisbane
353835,Brisbane
353836,Brisbane
353837,Brisbane
353838,Brisbane
353839,Brisbane
353840,Brisbane
353841,Brisbane
353842,Brisbane
353843,Brisbane
353844,Brisbane
353845,Brisbane
353846,Brisbane
353847,Brisbane
353848,Brisbane
353849,Brisbane
353850,Brisbane
353851,Brisbane
353852,Brisbane
353853,Brisbane
353854,Brisbane
353855,Brisbane
353856,Perth
353857,Brisbane
353858,Sydney
353859,Brisbane
353860,Brisbane
353861,Brisbane
353862,Brisbane
353863,Brisbane
353864,Brisbane
353865,Brisbane
353866,Brisbane
353867,Brisbane
353868,Brisbane
353869,Brisbane
353870,Brisbane
353871,Brisbane
353872,Brisbane
353873,Brisbane
353874,Brisbane
353875,Brisbane
353876,Brisbane
353877,Brisbane
353878,Brisbane
353879,Brisbane
353880,Sydney
353881,Brisbane
353882,Brisbane
353883,Brisbane
353884,Brisbane
353885,Brisbane
353886,Brisbane
353887,Brisbane
353888,Brisbane
353889,Brisbane
353890,Brisbane
353891,Brisbane
353892,Brisbane
353893,Brisbane
353894,Brisbane
353895,Brisbane
353896,Brisbane
353897,Brisbane
353898,Brisbane
353899,Perth
353900,Brisbane
353901,Brisbane
353902,Brisbane
353903,Brisbane
353904,Brisbane
353905,Brisbane
353906,Brisbane
353907,Brisbane
353908,Brisbane
353909,Brisbane
353910,Brisbane
353911,Brisbane
353912,Brisbane
353913,Brisbane
353914,Brisbane
353915,Brisbane
353916,Brisbane
353917,Brisbane
353918,Brisbane
353919,Brisbane
353920,Brisbane
353921,Brisbane
353922,Brisbane
353923,Brisbane
353924,Melbourne
353925,Brisbane
353926,Brisbane
353927,Brisbane
353928,Brisbane
353929,Brisbane
353930,Brisbane
353931,Brisbane
353932,Perth
353933,Melbourne
353934,Brisbane
353935,Brisbane
353936,Brisbane
353937,Brisbane
353938,Brisbane
353939,Brisbane
353940,Brisbane
353941,Brisbane
353942,Brisbane
353943,Brisbane
353944,Brisbane
353945,Brisbane
353946,Brisbane
353947,Brisbane
353948,Brisbane
353949,Brisbane
353950,Brisbane
353951,Brisbane
353952,Melbourne
353953,Brisbane
353954,Brisbane
353955,Brisbane
353956,Brisbane
353957,Perth
353958,Brisbane
353959,Brisbane
353960,Brisbane
353961,Brisbane
353962,Brisbane
353963,Brisbane
353964,Brisbane
353965,Brisbane
353966,Brisbane
353967,Brisbane
353968,Brisbane
353969,Sydney
353970,Brisbane
353971,Brisbane
353972,Melbourne
353973,Brisbane
353974,Perth
353975,Brisbane
353976,Brisbane
353977,Brisbane
353978,Brisbane
353979,Brisbane
353980,Brisbane
353981,Sydney
353982,Brisbane
353983,Brisbane
353984,Brisbane
353985,Brisbane
353986,Brisbane
353987,Brisbane
353988,Brisbane
353989,Perth
353990,Brisbane
353991,Brisbane
353992,Brisbane
353993,Brisbane
353994,Brisbane
353995,Brisbane
353996,Brisbane
353997,Brisbane
353998,Brisbane
353999,Sydney
354000,Brisbane
354001,Brisbane
354002,Perth
354003,Brisbane
354004,Brisbane
354005,Brisbane
354006,Brisbane
354007,Brisbane
354008,Brisbane
354009,Brisbane
354010,Brisbane
354011,Brisbane
354012,Brisbane
354013,Brisbane
354014,Brisbane
354015,Sydney
354016,Perth
354017,Brisbane
354018,Brisbane
354019,Brisbane
354020,Sydney
354021,Brisbane
354022,Brisbane
354023,Brisbane
354024,Melbourne
354025,Brisbane
354026,Brisbane
354027,Brisbane
354028,Brisbane
354029,Brisbane
354030,Brisbane
354031,Brisbane
354032,Brisbane
354033,Brisbane
354034,Brisbane
354035,Sydney
354036,Brisbane
354037,Brisbane
354038,Brisbane
354039,Brisbane
354040,Brisbane
354041,Brisbane
354042,Brisbane
354043,Brisbane
354044,Brisbane
354045,Brisbane
354046,Brisbane
354047,Brisbane
354048,Sydney
354049,Brisbane
354050,Brisbane
354051,Sydney
354052,Brisbane
354053,Sydney
354054,Brisbane
354055,Brisbane
354056,Brisbane
354057,Brisbane
354058,Brisbane
354059,Brisbane
354060,Brisbane
354061,Brisbane
354062,Brisbane
354063,Brisbane
354064,Brisbane
354065,Brisbane
354066,Brisbane
354067,Brisbane
354068,Brisbane
354069,Perth
354070,Brisbane
354071,Brisbane
354072,Brisbane
354073,Brisbane
354074,Brisbane
354075,Brisbane
354076,Brisbane
354077,Brisbane
354078,Brisbane
354079,Perth
354080,Brisbane
354081,Sydney
354082,Brisbane
354083,Brisbane
354084,Brisbane
354085,Brisbane
354086,Brisbane
354087,Brisbane
354088,Brisbane
354089,Perth
354090,Brisbane
354091,Brisbane
354092,Melbourne
354093,Brisbane
354094,Brisbane
354095,Brisbane
354096,Brisbane
354097,Brisbane
354098,Brisbane
354099,Brisbane
354100,Brisbane
354101,Brisbane
354102,Brisbane
354103,Brisbane
354104,Brisbane
354105,Brisbane
354106,Brisbane
354107,Brisbane
354108,Brisbane
354109,Brisbane
354110,Brisbane
354111,Brisbane
354112,Brisbane
354113,Brisbane
354114,Brisbane
354115,Melbourne
354116,Brisbane
354117,Brisbane
354118,Brisbane
354119,Brisbane
354120,Brisbane
354121,Brisbane
354122,Sydney
354123,Brisbane
354124,Brisbane
354125,Brisbane
354126,Brisbane
354127,Brisbane
354128,Brisbane
354129,Brisbane
354130,Brisbane
354131,Brisbane
354132,Brisbane
354133,Brisbane
354134,Brisbane
354135,Brisbane
354136,Sydney
354137,Brisbane
354138,Brisbane
354139,Brisbane
354140,Brisbane
354141,Brisbane
354142,Brisbane
354143,Brisbane
354144,Brisbane
354145,Brisbane
354146,Perth
354147,Melbourne
354148,Brisbane
354149,Brisbane
354150,Brisbane
354151,Brisbane
354152,Sydney
354153,Brisbane
354154,Brisbane
354155,Brisbane
354156,Brisbane
354157,Brisbane
354158,Brisbane
354159,Brisbane
354160,Brisbane
354161,Brisbane
354162,Brisbane
354163,Brisbane
354164,Brisbane
354165,Brisbane
354166,Brisbane
354167,Sydney
354168,Brisbane
354169,Brisbane
354170,Brisbane
354171,Brisbane
354172,Brisbane
354173,Brisbane
354174,Brisbane
354175,Brisbane
354176,Brisbane
354177,Brisbane
354178,Brisbane
354179,Brisbane
354180,Brisbane
354181,Brisbane
354182,Brisbane
354183,Brisbane
354184,Brisbane
354185,Brisbane
354186,Brisbane
354187,Brisbane
354188,Brisbane
354189,Brisbane
354190,Brisbane
354191,Brisbane
354192,Brisbane
354193,Brisbane
354194,Brisbane
354195,Brisbane
354196,Brisbane
354197,Brisbane
354198,Brisbane
354199,Brisbane
354200,Sydney
354201,Brisbane
354202,Brisbane
354203,Perth
354204,Brisbane
354205,Brisbane
354206,Brisbane
354207,Brisbane
354208,Brisbane
354209,Brisbane
354210,Brisbane
354211,Brisbane
354212,Brisbane
354213,Brisbane
354214,Brisbane
354215,Brisbane
354216,Brisbane
354217,Brisbane
354218,Brisbane
354219,Brisbane
354220,Brisbane
354221,Brisbane
354222,Brisbane
354223,Brisbane
354224,Brisbane
354225,Brisbane
354226,Brisbane
354227,Brisbane
354228,Brisbane
354229,Brisbane
354230,Brisbane
354231,Brisbane
354232,Brisbane
354233,Brisbane
354234,Brisbane
354235,Brisbane
354236,Brisbane
354237,Brisbane
354238,Brisbane
354239,Brisbane
354240,Brisbane
354241,Brisbane
354242,Brisbane
354243,Brisbane
354244,Sydney
354245,Brisbane
354246,Sydney
354247,Brisbane
354248,Melbourne
354249,Brisbane
354250,Brisbane
354251,Brisbane
354252,Brisbane
354253,Brisbane
354254,Brisbane
354255,Brisbane
354256,Perth
354257,Brisbane
354258,Brisbane
354259,Brisbane
354260,Brisbane
354261,Brisbane
354262,Brisbane
354263,Brisbane
354264,Brisbane
354265,Brisbane
354266,Brisbane
354267,Brisbane
354268,Brisbane
354269,Brisbane
354270,Brisbane
354271,Brisbane
354272,Brisbane
354273,Brisbane
354274,Brisbane
354275,Brisbane
354276,Brisbane
354277,Brisbane
354278,Brisbane
354279,Brisbane
354280,Brisbane
354281,Brisbane
354282,Brisbane
354283,Brisbane
354284,Brisbane
354285,Brisbane
354286,Brisbane
354287,Perth
354288,Brisbane
354289,Brisbane
354290,Brisbane
354291,Brisbane
354292,Brisbane
354293,Brisbane
354294,Brisbane
354295,Brisbane
354296,Brisbane
354297,Brisbane
354298,Brisbane
354299,Brisbane
354300,Brisbane
354301,Brisbane
354302,Sydney
354303,Perth
354304,Brisbane
354305,Brisbane
354306,Brisbane
354307,Brisbane
354308,Perth
354309,Sydney
354310,Brisbane
354311,Brisbane
354312,Brisbane
354313,Brisbane
354314,Brisbane
354315,Brisbane
354316,Brisbane
354317,Perth
354318,Brisbane
354319,Brisbane
354320,Brisbane
354321,Brisbane
354322,Brisbane
354323,Brisbane
354324,Sydney
354325,Sydney
354326,Brisbane
354327,Brisbane
354328,Sydney
354329,Brisbane
354330,Brisbane
354331,Perth
354332,Brisbane
354333,Brisbane
354334,Brisbane
354335,Brisbane
354336,Brisbane
354337,Brisbane
354338,Brisbane
354339,Brisbane
354340,Brisbane
354341,Brisbane
354342,Perth
354343,Brisbane
354344,Brisbane
354345,Brisbane
354346,Brisbane
354347,Brisbane
354348,Brisbane
354349,Brisbane
354350,Brisbane
354351,Brisbane
354352,Brisbane
354353,Brisbane
354354,Brisbane
354355,Brisbane
354356,Brisbane
354357,Brisbane
354358,Brisbane
354359,Brisbane
354360,Brisbane
354361,Brisbane
354362,Brisbane
354363,Brisbane
354364,Brisbane
354365,Brisbane
354366,Brisbane
354367,Brisbane
354368,Sydney
354369,Brisbane
354370,Sydney
354371,Brisbane
354372,Brisbane
354373,Brisbane
354374,Brisbane
354375,Brisbane
354376,Brisbane
354377,Brisbane
354378,Brisbane
354379,Brisbane
354380,Brisbane
354381,Brisbane
354382,Sydney
354383,Brisbane
354384,Melbourne
354385,Brisbane
354386,Brisbane
354387,Sydney
354388,Brisbane
354389,Brisbane
354390,Brisbane
354391,Brisbane
354392,Brisbane
354393,Brisbane
354394,Brisbane
354395,Brisbane
354396,Brisbane
354397,Brisbane
354398,Brisbane
354399,Brisbane
354400,Brisbane
354401,Brisbane
354402,Brisbane
354403,Brisbane
354404,Brisbane
354405,Brisbane
354406,Brisbane
354407,Brisbane
354408,Brisbane
354409,Brisbane
354410,Brisbane
354411,Sydney
354412,Brisbane
354413,Sydney
354414,Melbourne
354415,Brisbane
354416,Brisbane
354417,Brisbane
354418,Brisbane
354419,Perth
354420,Brisbane
354421,Brisbane
354422,Brisbane
354423,Brisbane
354424,Brisbane
354425,Brisbane
354426,Brisbane
354427,Brisbane
354428,Brisbane
354429,Brisbane
354430,Perth
354431,Brisbane
354432,Brisbane
354433,Brisbane
354434,Brisbane
354435,Brisbane
354436,Brisbane
354437,Melbourne
354438,Brisbane
354439,Brisbane
354440,Melbourne
354441,Brisbane
354442,Brisbane
354443,Brisbane
354444,Sydney
354445,Brisbane
354446,Brisbane
354447,Brisbane
354448,Brisbane
354449,Brisbane
354450,Brisbane
354451,Brisbane
354452,Brisbane
354453,Brisbane
354454,Brisbane
354455,Brisbane
354456,Brisbane
354457,Brisbane
354458,Brisbane
354459,Brisbane
354460,Brisbane
354461,Sydney
354462,Brisbane
354463,Brisbane
354464,Brisbane
354465,Brisbane
354466,Brisbane
354467,Brisbane
354468,Brisbane
354469,Brisbane
354470,Brisbane
354471,Brisbane
354472,Brisbane
354473,Brisbane
354474,Brisbane
354475,Brisbane
354476,Perth
354477,Brisbane
354478,Brisbane
354479,Brisbane
354480,Melbourne
354481,Sydney
354482,Sydney
354483,Brisbane
354484,Brisbane
354485,Brisbane
354486,Brisbane
354487,Brisbane
354488,Brisbane
354489,Brisbane
354490,Perth
354491,Brisbane
354492,Brisbane
354493,Brisbane
354494,Brisbane
354495,Brisbane
354496,Brisbane
354497,Brisbane
354498,Brisbane
354499,Brisbane
354500,Brisbane
354501,Brisbane
354502,Melbourne
354503,Brisbane
354504,Brisbane
354505,Brisbane
354506,Brisbane
354507,Brisbane
354508,Brisbane
354509,Perth
354510,Brisbane
354511,Brisbane
354512,Brisbane
354513,Brisbane
354514,Brisbane
354515,Brisbane
354516,Brisbane
354517,Brisbane
354518,Brisbane
354519,Brisbane
354520,Brisbane
354521,Brisbane
354522,Brisbane
354523,Brisbane
354524,Brisbane
354525,Brisbane
354526,Brisbane
354527,Brisbane
354528,Brisbane
354529,Brisbane
354530,Brisbane
354531,Brisbane
354532,Brisbane
354533,Brisbane
354534,Brisbane
354535,Brisbane
354536,Brisbane
354537,Brisbane
354538,Brisbane
354539,Brisbane
354540,Brisbane
354541,Brisbane
354542,Brisbane
354543,Brisbane
354544,Brisbane
354545,Brisbane
354546,Brisbane
354547,Brisbane
354548,Brisbane
354549,Brisbane
354550,Brisbane
354551,Brisbane
354552,Brisbane
354553,Brisbane
354554,Brisbane
354555,Brisbane
354556,Brisbane
354557,Perth
354558,Brisbane
354559,Brisbane
354560,Brisbane
354561,Brisbane
354562,Brisbane
354563,Brisbane
354564,Brisbane
354565,Brisbane
354566,Brisbane
354567,Brisbane
354568,Brisbane
354569,Brisbane
354570,Brisbane
354571,Brisbane
354572,Brisbane
354573,Brisbane
354574,Brisbane
354575,Brisbane
354576,Brisbane
354577,Brisbane
354578,Brisbane
354579,Brisbane
354580,Perth
354581,Brisbane
354582,Brisbane
354583,Brisbane
354584,Brisbane
354585,Melbourne
354586,Brisbane
354587,Brisbane
354588,Brisbane
354589,Brisbane
354590,Melbourne
354591,Brisbane
354592,Brisbane
354593,Brisbane
354594,Melbourne
354595,Brisbane
354596,Brisbane
354597,Brisbane
354598,Brisbane
354599,Brisbane
354600,Perth
354601,Brisbane
354602,Brisbane
354603,Brisbane
354604,Brisbane
354605,Brisbane
354606,Brisbane
354607,Brisbane
354608,Brisbane
354609,Brisbane
354610,Brisbane
354611,Brisbane
354612,Brisbane
354613,Brisbane
354614,Brisbane
354615,Brisbane
354616,Brisbane
354617,Sydney
354618,Brisbane
354619,Brisbane
354620,Brisbane
354621,Brisbane
354622,Brisbane
354623,Brisbane
354624,Brisbane
354625,Brisbane
354626,Brisbane
354627,Brisbane
354628,Brisbane
354629,Brisbane
354630,Brisbane
354631,Brisbane
354632,Brisbane
354633,Melbourne
354634,Brisbane
354635,Brisbane
354636,Brisbane
354637,Brisbane
354638,Melbourne
354639,Brisbane
354640,Brisbane
354641,Brisbane
354642,Sydney
354643,Brisbane
354644,Brisbane
354645,Brisbane
354646,Brisbane
354647,Brisbane
354648,Brisbane
354649,Brisbane
354650,Brisbane
354651,Brisbane
354652,Brisbane
354653,Sydney
354654,Brisbane
354655,Brisbane
354656,Brisbane
354657,Brisbane
354658,Brisbane
354659,Brisbane
354660,Brisbane
354661,Sydney
354662,Brisbane
354663,Brisbane
354664,Brisbane
354665,Brisbane
354666,Brisbane
354667,Brisbane
354668,Brisbane
354669,Brisbane
354670,Brisbane
354671,Brisbane
354672,Brisbane
354673,Brisbane
354674,Brisbane
354675,Brisbane
354676,Brisbane
354677,Melbourne
354678,Brisbane
354679,Brisbane
354680,Perth
354681,Brisbane
354682,Brisbane
354683,Sydney
354684,Brisbane
354685,Brisbane
354686,Brisbane
354687,Brisbane
354688,Brisbane
354689,Brisbane
354690,Brisbane
354691,Brisbane
354692,Brisbane
354693,Sydney
354694,Brisbane
354695,Brisbane
354696,Brisbane
354697,Brisbane
354698,Brisbane
354699,Brisbane
354700,Brisbane
354701,Brisbane
354702,Brisbane
354703,Brisbane
354704,Brisbane
354705,Perth
354706,Brisbane
354707,Brisbane
354708,Brisbane
354709,Sydney
354710,Brisbane
354711,Brisbane
354712,Brisbane
354713,Brisbane
354714,Brisbane
354715,Brisbane
354716,Melbourne
354717,Brisbane
354718,Brisbane
354719,Brisbane
354720,Brisbane
354721,Brisbane
354722,Brisbane
354723,Brisbane
354724,Brisbane
354725,Brisbane
354726,Sydney
354727,Brisbane
354728,Brisbane
354729,Brisbane
354730,Sydney
354731,Brisbane
354732,Brisbane
354733,Perth
354734,Brisbane
354735,Brisbane
354736,Brisbane
354737,Perth
354738,Brisbane
354739,Brisbane
354740,Brisbane
354741,Brisbane
354742,Brisbane
354743,Brisbane
354744,Brisbane
354745,Brisbane
354746,Brisbane
354747,Brisbane
354748,Brisbane
354749,Brisbane
354750,Brisbane
354751,Brisbane
354752,Brisbane
354753,Brisbane
354754,Brisbane
354755,Brisbane
354756,Brisbane
354757,Brisbane
354758,Brisbane
354759,Brisbane
354760,Brisbane
354761,Brisbane
354762,Brisbane
354763,Brisbane
354764,Brisbane
354765,Brisbane
354766,Brisbane
354767,Brisbane
354768,Brisbane
354769,Brisbane
354770,Brisbane
354771,Brisbane
354772,Sydney
354773,Brisbane
354774,Brisbane
354775,Brisbane
354776,Brisbane
354777,Sydney
354778,Brisbane
354779,Perth
354780,Brisbane
354781,Brisbane
354782,Brisbane
354783,Brisbane
354784,Brisbane
354785,Brisbane
354786,Brisbane
354787,Brisbane
354788,Brisbane
354789,Brisbane
354790,Sydney
354791,Brisbane
354792,Brisbane
354793,Brisbane
354794,Brisbane
354795,Brisbane
354796,Brisbane
354797,Brisbane
354798,Brisbane
354799,Brisbane
354800,Brisbane
354801,Brisbane
354802,Brisbane
354803,Brisbane
354804,Brisbane
354805,Brisbane
354806,Brisbane
354807,Brisbane
354808,Perth
354809,Brisbane
354810,Brisbane
354811,Brisbane
354812,Perth
354813,Brisbane
354814,Brisbane
354815,Brisbane
354816,Brisbane
354817,Brisbane
354818,Brisbane
354819,Brisbane
354820,Brisbane
354821,Brisbane
354822,Brisbane
354823,Brisbane
354824,Brisbane
354825,Brisbane
354826,Brisbane
354827,Brisbane
354828,Brisbane
354829,Brisbane
354830,Brisbane
354831,Brisbane
354832,Brisbane
354833,Brisbane
354834,Brisbane
354835,Sydney
354836,Brisbane
354837,Brisbane
354838,Brisbane
354839,Brisbane
354840,Brisbane
354841,Brisbane
354842,Brisbane
354843,Brisbane
354844,Brisbane
354845,Brisbane
354846,Brisbane
354847,Brisbane
354848,Brisbane
354849,Perth
354850,Brisbane
354851,Brisbane
354852,Brisbane
354853,Melbourne
354854,Brisbane
354855,Brisbane
354856,Melbourne
354857,Brisbane
354858,Brisbane
354859,Brisbane
354860,Brisbane
354861,Perth
354862,Brisbane
354863,Brisbane
354864,Brisbane
354865,Brisbane
354866,Brisbane
354867,Brisbane
354868,Brisbane
354869,Melbourne
354870,Brisbane
354871,Brisbane
354872,Brisbane
354873,Brisbane
354874,Brisbane
354875,Brisbane
354876,Sydney
354877,Brisbane
354878,Brisbane
354879,Brisbane
354880,Brisbane
354881,Melbourne
354882,Sydney
354883,Brisbane
354884,Brisbane
354885,Brisbane
354886,Brisbane
354887,Brisbane
354888,Brisbane
354889,Brisbane
354890,Brisbane
354891,Perth
354892,Brisbane
354893,Brisbane
354894,Brisbane
354895,Brisbane
354896,Brisbane
354897,Brisbane
354898,Brisbane
354899,Brisbane
354900,Brisbane
354901,Brisbane
354902,Brisbane
354903,Brisbane
354904,Brisbane
354905,Brisbane
354906,Brisbane
354907,Brisbane
354908,Brisbane
354909,Brisbane
354910,Brisbane
354911,Brisbane
354912,Brisbane
354913,Brisbane
354914,Perth
354915,Brisbane
354916,Brisbane
354917,Melbourne
354918,Brisbane
354919,Brisbane
354920,Brisbane
354921,Perth
354922,Brisbane
354923,Brisbane
354924,Sydney
354925,Brisbane
354926,Sydney
354927,Brisbane
354928,Brisbane
354929,Brisbane
354930,Perth
354931,Brisbane
354932,Melbourne
354933,Brisbane
354934,Brisbane
354935,Brisbane
354936,Brisbane
354937,Brisbane
354938,Melbourne
354939,Brisbane
354940,Brisbane
354941,Brisbane
354942,Brisbane
354943,Brisbane
354944,Perth
354945,Brisbane
354946,Brisbane
354947,Brisbane
354948,Brisbane
354949,Brisbane
354950,Brisbane
354951,Brisbane
354952,Brisbane
354953,Perth
354954,Brisbane
354955,Perth
354956,Brisbane
354957,Brisbane
354958,Melbourne
354959,Brisbane
354960,Brisbane
354961,Sydney
354962,Brisbane
354963,Brisbane
354964,Brisbane
354965,Brisbane
354966,Brisbane
354967,Brisbane
354968,Brisbane
354969,Brisbane
354970,Brisbane
354971,Perth
354972,Brisbane
354973,Brisbane
354974,Sydney
354975,Brisbane
354976,Brisbane
354977,Brisbane
354978,Sydney
354979,Sydney
354980,Brisbane
354981,Brisbane
354982,Brisbane
354983,Brisbane
354984,Brisbane
354985,Brisbane
354986,Brisbane
354987,Brisbane
354988,Brisbane
354989,Brisbane
354990,Brisbane
354991,Brisbane
354992,Brisbane
354993,Brisbane
354994,Brisbane
354995,Perth
354996,Brisbane
354997,Brisbane
354998,Brisbane
354999,Sydney
355000,Brisbane
355001,Brisbane
355002,Brisbane
355003,Brisbane
355004,Brisbane
355005,Brisbane
355006,Brisbane
355007,Brisbane
355008,Brisbane
355009,Brisbane
355010,Brisbane
355011,Brisbane
355012,Brisbane
355013,Brisbane
355014,Brisbane
355015,Brisbane
355016,Brisbane
355017,Brisbane
355018,Brisbane
355019,Brisbane
355020,Brisbane
355021,Brisbane
355022,Brisbane
355023,Brisbane
355024,Brisbane
355025,Brisbane
355026,Brisbane
355027,Brisbane
355028,Brisbane
355029,Brisbane
355030,Brisbane
355031,Brisbane
355032,Brisbane
355033,Brisbane
355034,Brisbane
355035,Brisbane
355036,Brisbane
355037,Brisbane
355038,Brisbane
355039,Brisbane
355040,Brisbane
355041,Brisbane
355042,Brisbane
355043,Brisbane
355044,Brisbane
355045,Brisbane
355046,Brisbane
355047,Brisbane
355048,Brisbane
355049,Brisbane
355050,Brisbane
355051,Brisbane
355052,Brisbane
355053,Brisbane
355054,Brisbane
355055,Perth
355056,Brisbane
355057,Brisbane
355058,Brisbane
355059,Brisbane
355060,Brisbane
355061,Brisbane
355062,Brisbane
355063,Brisbane
355064,Brisbane
355065,Brisbane
355066,Brisbane
355067,Brisbane
355068,Brisbane
355069,Brisbane
355070,Brisbane
355071,Brisbane
355072,Sydney
355073,Brisbane
355074,Brisbane
355075,Brisbane
355076,Brisbane
355077,Sydney
355078,Brisbane
355079,Brisbane
355080,Brisbane
355081,Brisbane
355082,Brisbane
355083,Brisbane
355084,Brisbane
355085,Brisbane
355086,Brisbane
355087,Brisbane
355088,Perth
355089,Sydney
355090,Brisbane
355091,Brisbane
355092,Brisbane
355093,Brisbane
355094,Brisbane
355095,Brisbane
355096,Brisbane
355097,Brisbane
355098,Brisbane
355099,Brisbane
355100,Perth
355101,Brisbane
355102,Brisbane
355103,Brisbane
355104,Brisbane
355105,Brisbane
355106,Brisbane
355107,Brisbane
355108,Brisbane
355109,Brisbane
355110,Brisbane
355111,Brisbane
355112,Brisbane
355113,Perth
355114,Brisbane
355115,Brisbane
355116,Brisbane
355117,Brisbane
355118,Brisbane
355119,Brisbane
355120,Brisbane
355121,Brisbane
355122,Brisbane
355123,Brisbane
355124,Perth
355125,Brisbane
355126,Melbourne
355127,Perth
355128,Brisbane
355129,Sydney
355130,Brisbane
355131,Brisbane
355132,Brisbane
355133,Brisbane
355134,Brisbane
355135,Brisbane
355136,Brisbane
355137,Brisbane
355138,Brisbane
355139,Brisbane
355140,Brisbane
355141,Brisbane
355142,Brisbane
355143,Brisbane
355144,Brisbane
355145,Brisbane
355146,Brisbane
355147,Brisbane
355148,Brisbane
355149,Perth
355150,Brisbane
355151,Brisbane
355152,Brisbane
355153,Brisbane
355154,Brisbane
355155,Melbourne
355156,Brisbane
355157,Brisbane
355158,Melbourne
355159,Brisbane
355160,Brisbane
355161,Brisbane
355162,Brisbane
355163,Brisbane
355164,Brisbane
355165,Brisbane
355166,Perth
355167,Brisbane
355168,Brisbane
355169,Brisbane
355170,Brisbane
355171,Brisbane
355172,Brisbane
355173,Brisbane
355174,Brisbane
355175,Brisbane
355176,Brisbane
355177,Perth
355178,Brisbane
355179,Brisbane
355180,Brisbane
355181,Sydney
355182,Brisbane
355183,Brisbane
355184,Perth
355185,Perth
355186,Brisbane
355187,Brisbane
355188,Brisbane
355189,Brisbane
355190,Brisbane
355191,Brisbane
355192,Brisbane
355193,Brisbane
355194,Brisbane
355195,Brisbane
355196,Brisbane
355197,Brisbane
355198,Brisbane
355199,Brisbane
355200,Brisbane
355201,Brisbane
355202,Brisbane
355203,Perth
355204,Brisbane
355205,Perth
355206,Perth
355207,Brisbane
355208,Brisbane
355209,Brisbane
355210,Brisbane
355211,Brisbane
355212,Brisbane
355213,Brisbane
355214,Brisbane
355215,Brisbane
355216,Brisbane
355217,Brisbane
355218,Brisbane
355219,Brisbane
355220,Brisbane
355221,Brisbane
355222,Brisbane
355223,Brisbane
355224,Brisbane
355225,Brisbane
355226,Brisbane
355227,Brisbane
355228,Brisbane
355229,Brisbane
355230,Brisbane
355231,Brisbane
355232,Brisbane
355233,Brisbane
355234,Melbourne
355235,Brisbane
355236,Melbourne
355237,Brisbane
355238,Brisbane
355239,Brisbane
355240,Brisbane
355241,Brisbane
355242,Brisbane
355243,Brisbane
355244,Brisbane
355245,Brisbane
355246,Brisbane
355247,Brisbane
355248,Brisbane
355249,Brisbane
355250,Brisbane
355251,Sydney
355252,Brisbane
355253,Brisbane
355254,Brisbane
355255,Sydney
355256,Brisbane
355257,Brisbane
355258,Brisbane
355259,Brisbane
355260,Brisbane
355261,Brisbane
355262,Brisbane
355263,Brisbane
355264,Brisbane
355265,Brisbane
355266,Brisbane
355267,Brisbane
355268,Brisbane
355269,Brisbane
355270,Brisbane
355271,Brisbane
355272,Brisbane
355273,Brisbane
355274,Brisbane
355275,Brisbane
355276,Brisbane
355277,Brisbane
355278,Brisbane
355279,Brisbane
355280,Brisbane
355281,Brisbane
355282,Brisbane
355283,Brisbane
355284,Brisbane
355285,Brisbane
355286,Sydney
355287,Perth
355288,Brisbane
355289,Perth
355290,Brisbane
355291,Brisbane
355292,Brisbane
355293,Brisbane
355294,Brisbane
355295,Brisbane
355296,Brisbane
355297,Brisbane
355298,Brisbane
355299,Brisbane
355300,Brisbane
355301,Brisbane
355302,Brisbane
355303,Brisbane
355304,Brisbane
355305,Brisbane
355306,Brisbane
355307,Brisbane
355308,Brisbane
355309,Brisbane
355310,Brisbane
355311,Perth
355312,Brisbane
355313,Brisbane
355314,Brisbane
355315,Brisbane
355316,Brisbane
355317,Brisbane
355318,Brisbane
355319,Brisbane
355320,Brisbane
355321,Brisbane
355322,Brisbane
355323,Sydney
355324,Brisbane
355325,Brisbane
355326,Brisbane
355327,Brisbane
355328,Brisbane
355329,Brisbane
355330,Brisbane
355331,Brisbane
355332,Brisbane
355333,Brisbane
355334,Brisbane
355335,Brisbane
355336,Brisbane
355337,Brisbane
355338,Brisbane
355339,Brisbane
355340,Brisbane
355341,Brisbane
355342,Brisbane
355343,Brisbane
355344,Brisbane
355345,Sydney
355346,Brisbane
355347,Brisbane
355348,Brisbane
355349,Brisbane
355350,Brisbane
355351,Brisbane
355352,Brisbane
355353,Brisbane
355354,Brisbane
355355,Brisbane
355356,Brisbane
355357,Brisbane
355358,Brisbane
355359,Brisbane
355360,Brisbane
355361,Brisbane
355362,Brisbane
355363,Brisbane
355364,Brisbane
355365,Brisbane
355366,Brisbane
355367,Brisbane
355368,Brisbane
355369,Brisbane
355370,Perth
355371,Melbourne
355372,Brisbane
355373,Brisbane
355374,Brisbane
355375,Brisbane
355376,Brisbane
355377,Brisbane
355378,Brisbane
355379,Brisbane
355380,Brisbane
355381,Brisbane
355382,Brisbane
355383,Brisbane
355384,Brisbane
355385,Perth
355386,Brisbane
355387,Brisbane
355388,Brisbane
355389,Sydney
355390,Perth
355391,Brisbane
355392,Brisbane
355393,Brisbane
355394,Brisbane
355395,Brisbane
355396,Brisbane
355397,Brisbane
355398,Brisbane
355399,Brisbane
355400,Brisbane
355401,Brisbane
355402,Brisbane
355403,Melbourne
355404,Brisbane
355405,Brisbane
355406,Brisbane
355407,Brisbane
355408,Brisbane
355409,Brisbane
355410,Brisbane
355411,Brisbane
355412,Brisbane
355413,Brisbane
355414,Brisbane
355415,Brisbane
355416,Brisbane
355417,Brisbane
355418,Brisbane
355419,Sydney
355420,Sydney
355421,Brisbane
355422,Brisbane
355423,Brisbane
355424,Brisbane
355425,Brisbane
355426,Brisbane
355427,Brisbane
355428,Brisbane
355429,Brisbane
355430,Brisbane
355431,Brisbane
355432,Brisbane
355433,Brisbane
355434,Brisbane
355435,Brisbane
355436,Brisbane
355437,Brisbane
355438,Brisbane
355439,Brisbane
355440,Brisbane
355441,Brisbane
355442,Brisbane
355443,Brisbane
355444,Brisbane
355445,Brisbane
355446,Brisbane
355447,Brisbane
355448,Brisbane
355449,Brisbane
355450,Brisbane
355451,Brisbane
355452,Brisbane
355453,Brisbane
355454,Brisbane
355455,Brisbane
355456,Brisbane
355457,Brisbane
355458,Brisbane
355459,Sydney
355460,Melbourne
355461,Brisbane
355462,Brisbane
355463,Brisbane
355464,Brisbane
355465,Brisbane
355466,Brisbane
355467,Brisbane
355468,Perth
355469,Brisbane
355470,Sydney
355471,Brisbane
355472,Brisbane
355473,Brisbane
355474,Brisbane
355475,Brisbane
355476,Brisbane
355477,Brisbane
355478,Brisbane
355479,Brisbane
355480,Brisbane
355481,Brisbane
355482,Brisbane
355483,Brisbane
355484,Brisbane
355485,Brisbane
355486,Brisbane
355487,Brisbane
355488,Brisbane
355489,Sydney
355490,Brisbane
355491,Brisbane
355492,Brisbane
355493,Brisbane
355494,Brisbane
355495,Sydney
355496,Brisbane
355497,Brisbane
355498,Brisbane
355499,Brisbane
355500,Brisbane
355501,Brisbane
355502,Brisbane
355503,Brisbane
355504,Brisbane
355505,Sydney
355506,Brisbane
355507,Brisbane
355508,Brisbane
355509,Perth
355510,Brisbane
355511,Brisbane
355512,Brisbane
355513,Brisbane
355514,Brisbane
355515,Brisbane
355516,Brisbane
355517,Brisbane
355518,Brisbane
355519,Brisbane
355520,Brisbane
355521,Sydney
355522,Brisbane
355523,Brisbane
355524,Perth
355525,Brisbane
355526,Brisbane
355527,Brisbane
355528,Brisbane
355529,Melbourne
355530,Brisbane
355531,Brisbane
355532,Brisbane
355533,Brisbane
355534,Perth
355535,Brisbane
355536,Brisbane
355537,Brisbane
355538,Brisbane
355539,Brisbane
355540,Brisbane
355541,Brisbane
355542,Brisbane
355543,Brisbane
355544,Brisbane
355545,Brisbane
355546,Brisbane
355547,Brisbane
355548,Brisbane
355549,Melbourne
355550,Perth
355551,Brisbane
355552,Brisbane
355553,Brisbane
355554,Brisbane
355555,Brisbane
355556,Brisbane
355557,Brisbane
355558,Brisbane
355559,Brisbane
355560,Brisbane
355561,Brisbane
355562,Brisbane
355563,Brisbane
355564,Brisbane
355565,Brisbane
355566,Brisbane
355567,Brisbane
355568,Brisbane
355569,Brisbane
355570,Brisbane
355571,Brisbane
355572,Perth
355573,Brisbane
355574,Brisbane
355575,Brisbane
355576,Brisbane
355577,Brisbane
355578,Brisbane
355579,Brisbane
355580,Brisbane
355581,Brisbane
355582,Brisbane
355583,Brisbane
355584,Brisbane
355585,Brisbane
355586,Brisbane
355587,Brisbane
355588,Brisbane
355589,Brisbane
355590,Brisbane
355591,Brisbane
355592,Brisbane
355593,Brisbane
355594,Brisbane
355595,Brisbane
355596,Brisbane
355597,Brisbane
355598,Brisbane
355599,Brisbane
355600,Brisbane
355601,Brisbane
355602,Brisbane
355603,Brisbane
355604,Brisbane
355605,Melbourne
355606,Brisbane
355607,Brisbane
355608,Brisbane
355609,Perth
355610,Brisbane
355611,Brisbane
355612,Sydney
355613,Brisbane
355614,Brisbane
355615,Brisbane
355616,Brisbane
355617,Sydney
355618,Brisbane
355619,Brisbane
355620,Brisbane
355621,Brisbane
355622,Brisbane
355623,Brisbane
355624,Brisbane
355625,Brisbane
355626,Brisbane
355627,Brisbane
355628,Sydney
355629,Brisbane
355630,Brisbane
355631,Brisbane
355632,Brisbane
355633,Brisbane
355634,Brisbane
355635,Brisbane
355636,Brisbane
355637,Brisbane
355638,Brisbane
355639,Brisbane
355640,Brisbane
355641,Brisbane
355642,Brisbane
355643,Brisbane
355644,Brisbane
355645,Brisbane
355646,Brisbane
355647,Brisbane
355648,Brisbane
355649,Brisbane
355650,Brisbane
355651,Brisbane
355652,Brisbane
355653,Melbourne
355654,Brisbane
355655,Brisbane
355656,Brisbane
355657,Brisbane
355658,Brisbane
355659,Brisbane
355660,Brisbane
355661,Brisbane
355662,Brisbane
355663,Brisbane
355664,Brisbane
355665,Brisbane
355666,Brisbane
355667,Brisbane
355668,Melbourne
355669,Brisbane
355670,Brisbane
355671,Brisbane
355672,Brisbane
355673,Brisbane
355674,Brisbane
355675,Brisbane
355676,Brisbane
355677,Brisbane
355678,Brisbane
355679,Brisbane
355680,Brisbane
355681,Brisbane
355682,Brisbane
355683,Brisbane
355684,Brisbane
355685,Brisbane
355686,Brisbane
355687,Brisbane
355688,Brisbane
355689,Brisbane
355690,Brisbane
355691,Brisbane
355692,Brisbane
355693,Brisbane
355694,Brisbane
355695,Brisbane
355696,Brisbane
355697,Sydney
355698,Brisbane
355699,Brisbane
355700,Perth
355701,Brisbane
355702,Brisbane
355703,Brisbane
355704,Brisbane
355705,Brisbane
355706,Perth
355707,Perth
355708,Brisbane
355709,Brisbane
355710,Brisbane
355711,Brisbane
355712,Melbourne
355713,Brisbane
355714,Brisbane
355715,Brisbane
355716,Brisbane
355717,Brisbane
355718,Brisbane
355719,Brisbane
355720,Brisbane
355721,Brisbane
355722,Brisbane
355723,Brisbane
355724,Brisbane
355725,Brisbane
355726,Brisbane
355727,Brisbane
355728,Brisbane
355729,Brisbane
355730,Brisbane
355731,Brisbane
355732,Brisbane
355733,Brisbane
355734,Brisbane
355735,Brisbane
355736,Brisbane
355737,Brisbane
355738,Brisbane
355739,Brisbane
355740,Brisbane
355741,Brisbane
355742,Brisbane
355743,Brisbane
355744,Brisbane
355745,Melbourne
355746,Brisbane
355747,Brisbane
355748,Brisbane
355749,Brisbane
355750,Brisbane
355751,Brisbane
355752,Brisbane
355753,Brisbane
355754,Brisbane
355755,Brisbane
355756,Brisbane
355757,Brisbane
355758,Brisbane
355759,Brisbane
355760,Brisbane
355761,Brisbane
355762,Brisbane
355763,Brisbane
355764,Brisbane
355765,Sydney
355766,Brisbane
355767,Perth
355768,Brisbane
355769,Brisbane
355770,Brisbane
355771,Brisbane
355772,Brisbane
355773,Brisbane
355774,Brisbane
355775,Brisbane
355776,Brisbane
355777,Brisbane
355778,Brisbane
355779,Brisbane
355780,Brisbane
355781,Brisbane
355782,Brisbane
355783,Brisbane
355784,Brisbane
355785,Brisbane
355786,Brisbane
355787,Brisbane
355788,Brisbane
355789,Brisbane
355790,Brisbane
355791,Brisbane
355792,Brisbane
355793,Brisbane
355794,Brisbane
355795,Brisbane
355796,Perth
355797,Brisbane
355798,Brisbane
355799,Brisbane
355800,Brisbane
355801,Brisbane
355802,Brisbane
355803,Sydney
355804,Brisbane
355805,Brisbane
355806,Brisbane
355807,Brisbane
355808,Brisbane
355809,Brisbane
355810,Brisbane
355811,Melbourne
355812,Brisbane
355813,Brisbane
355814,Brisbane
355815,Sydney
355816,Brisbane
355817,Brisbane
355818,Brisbane
355819,Brisbane
355820,Brisbane
355821,Brisbane
355822,Brisbane
355823,Brisbane
355824,Melbourne
355825,Brisbane
355826,Brisbane
355827,Brisbane
355828,Brisbane
355829,Brisbane
355830,Brisbane
355831,Brisbane
355832,Brisbane
355833,Brisbane
355834,Brisbane
355835,Brisbane
355836,Brisbane
355837,Brisbane
355838,Brisbane
355839,Brisbane
355840,Brisbane
355841,Brisbane
355842,Brisbane
355843,Brisbane
355844,Brisbane
355845,Brisbane
355846,Brisbane
355847,Brisbane
355848,Melbourne
355849,Brisbane
355850,Brisbane
355851,Brisbane
355852,Brisbane
355853,Sydney
355854,Brisbane
355855,Brisbane
355856,Brisbane
355857,Brisbane
355858,Brisbane
355859,Brisbane
355860,Sydney
355861,Brisbane
355862,Brisbane
355863,Brisbane
355864,Brisbane
355865,Brisbane
355866,Brisbane
355867,Brisbane
355868,Brisbane
355869,Brisbane
355870,Brisbane
355871,Brisbane
355872,Brisbane
355873,Brisbane
355874,Brisbane
355875,Brisbane
355876,Brisbane
355877,Brisbane
355878,Brisbane
355879,Brisbane
355880,Brisbane
355881,Brisbane
355882,Brisbane
355883,Brisbane
355884,Brisbane
355885,Brisbane
355886,Brisbane
355887,Brisbane
355888,Brisbane
355889,Brisbane
355890,Brisbane
355891,Brisbane
355892,Brisbane
355893,Brisbane
355894,Brisbane
355895,Brisbane
355896,Brisbane
355897,Brisbane
355898,Brisbane
355899,Brisbane
355900,Brisbane
355901,Brisbane
355902,Brisbane
355903,Brisbane
355904,Brisbane
355905,Brisbane
355906,Brisbane
355907,Brisbane
355908,Brisbane
355909,Perth
355910,Brisbane
355911,Brisbane
355912,Brisbane
355913,Brisbane
355914,Brisbane
355915,Brisbane
355916,Brisbane
355917,Brisbane
355918,Brisbane
355919,Brisbane
355920,Brisbane
355921,Brisbane
355922,Brisbane
355923,Brisbane
355924,Brisbane
355925,Brisbane
355926,Brisbane
355927,Brisbane
355928,Brisbane
355929,Brisbane
355930,Perth
355931,Brisbane
355932,Brisbane
355933,Brisbane
355934,Brisbane
355935,Brisbane
355936,Brisbane
355937,Brisbane
355938,Perth
355939,Brisbane
355940,Brisbane
355941,Brisbane
355942,Perth
355943,Melbourne
355944,Brisbane
355945,Brisbane
355946,Brisbane
355947,Brisbane
355948,Brisbane
355949,Brisbane
355950,Brisbane
355951,Sydney
355952,Melbourne
355953,Perth
355954,Brisbane
355955,Brisbane
355956,Brisbane
355957,Brisbane
355958,Brisbane
355959,Brisbane
355960,Perth
355961,Melbourne
355962,Brisbane
355963,Brisbane
355964,Brisbane
355965,Brisbane
355966,Brisbane
355967,Brisbane
355968,Brisbane
355969,Brisbane
355970,Brisbane
355971,Brisbane
355972,Brisbane
355973,Brisbane
355974,Brisbane
355975,Brisbane
355976,Brisbane
355977,Brisbane
355978,Brisbane
355979,Brisbane
355980,Brisbane
355981,Brisbane
355982,Brisbane
355983,Brisbane
355984,Brisbane
355985,Brisbane
355986,Brisbane
355987,Brisbane
355988,Brisbane
355989,Brisbane
355990,Brisbane
355991,Brisbane
355992,Brisbane
355993,Brisbane
355994,Brisbane
355995,Brisbane
355996,Brisbane
355997,Brisbane
355998,Brisbane
355999,Brisbane
356000,Brisbane
356001,Brisbane
356002,Brisbane
356003,Sydney
356004,Brisbane
356005,Brisbane
356006,Brisbane
356007,Brisbane
356008,Brisbane
356009,Perth
356010,Melbourne
356011,Brisbane
356012,Brisbane
356013,Brisbane
356014,Brisbane
356015,Brisbane
356016,Brisbane
356017,Brisbane
356018,Brisbane
356019,Sydney
356020,Brisbane
356021,Brisbane
356022,Brisbane
356023,Brisbane
356024,Brisbane
356025,Brisbane
356026,Brisbane
356027,Brisbane
356028,Brisbane
356029,Brisbane
356030,Brisbane
356031,Brisbane
356032,Brisbane
356033,Brisbane
356034,Brisbane
356035,Brisbane
356036,Brisbane
356037,Brisbane
356038,Brisbane
356039,Brisbane
356040,Brisbane
356041,Brisbane
356042,Brisbane
356043,Brisbane
356044,Brisbane
356045,Sydney
356046,Melbourne
356047,Brisbane
356048,Brisbane
356049,Melbourne
356050,Brisbane
356051,Brisbane
356052,Brisbane
356053,Brisbane
356054,Brisbane
356055,Brisbane
356056,Brisbane
356057,Brisbane
356058,Brisbane
356059,Brisbane
356060,Brisbane
356061,Brisbane
356062,Brisbane
356063,Brisbane
356064,Brisbane
356065,Brisbane
356066,Sydney
356067,Brisbane
356068,Melbourne
356069,Brisbane
356070,Brisbane
356071,Brisbane
356072,Sydney
356073,Brisbane
356074,Perth
356075,Brisbane
356076,Brisbane
356077,Brisbane
356078,Brisbane
356079,Brisbane
356080,Brisbane
356081,Brisbane
356082,Brisbane
356083,Brisbane
356084,Brisbane
356085,Brisbane
356086,Brisbane
356087,Perth
356088,Brisbane
356089,Brisbane
356090,Brisbane
356091,Brisbane
356092,Brisbane
356093,Brisbane
356094,Brisbane
356095,Brisbane
356096,Brisbane
356097,Brisbane
356098,Perth
356099,Brisbane
356100,Brisbane
356101,Brisbane
356102,Brisbane
356103,Brisbane
356104,Brisbane
356105,Brisbane
356106,Brisbane
356107,Brisbane
356108,Brisbane
356109,Brisbane
356110,Brisbane
356111,Brisbane
356112,Brisbane
356113,Brisbane
356114,Brisbane
356115,Brisbane
356116,Brisbane
356117,Brisbane
356118,Brisbane
356119,Brisbane
356120,Brisbane
356121,Brisbane
356122,Brisbane
356123,Brisbane
356124,Brisbane
356125,Brisbane
356126,Brisbane
356127,Brisbane
356128,Brisbane
356129,Brisbane
356130,Brisbane
356131,Brisbane
356132,Brisbane
356133,Brisbane
356134,Brisbane
356135,Brisbane
356136,Brisbane
356137,Brisbane
356138,Brisbane
356139,Brisbane
356140,Brisbane
356141,Brisbane
356142,Sydney
356143,Brisbane
356144,Melbourne
356145,Brisbane
356146,Brisbane
356147,Brisbane
356148,Brisbane
356149,Brisbane
356150,Sydney
356151,Brisbane
356152,Brisbane
356153,Brisbane
356154,Brisbane
356155,Brisbane
356156,Brisbane
356157,Brisbane
356158,Brisbane
356159,Brisbane
356160,Brisbane
356161,Sydney
356162,Brisbane
356163,Brisbane
356164,Brisbane
356165,Brisbane
356166,Brisbane
356167,Brisbane
356168,Brisbane
356169,Brisbane
356170,Brisbane
356171,Brisbane
356172,Brisbane
356173,Brisbane
356174,Brisbane
356175,Brisbane
356176,Brisbane
356177,Perth
356178,Brisbane
356179,Brisbane
356180,Brisbane
356181,Brisbane
356182,Brisbane
356183,Brisbane
356184,Brisbane
356185,Brisbane
356186,Brisbane
356187,Brisbane
356188,Brisbane
356189,Brisbane
356190,Brisbane
356191,Brisbane
356192,Brisbane
356193,Brisbane
356194,Brisbane
356195,Brisbane
356196,Brisbane
356197,Brisbane
356198,Brisbane
356199,Brisbane
356200,Brisbane
356201,Brisbane
356202,Brisbane
356203,Brisbane
356204,Perth
356205,Brisbane
356206,Brisbane
356207,Brisbane
356208,Brisbane
356209,Brisbane
356210,Brisbane
356211,Brisbane
356212,Brisbane
356213,Brisbane
356214,Brisbane
356215,Brisbane
356216,Brisbane
356217,Brisbane
356218,Brisbane
356219,Brisbane
356220,Brisbane
356221,Melbourne
356222,Brisbane
356223,Brisbane
356224,Brisbane
356225,Brisbane
356226,Brisbane
356227,Brisbane
356228,Brisbane
356229,Brisbane
356230,Brisbane
356231,Brisbane
356232,Sydney
356233,Brisbane
356234,Sydney
356235,Brisbane
356236,Brisbane
356237,Brisbane
356238,Brisbane
356239,Sydney
356240,Brisbane
356241,Sydney
356242,Brisbane
356243,Brisbane
356244,Brisbane
356245,Brisbane
356246,Brisbane
356247,Brisbane
356248,Brisbane
356249,Brisbane
356250,Brisbane
356251,Brisbane
356252,Brisbane
356253,Brisbane
356254,Brisbane
356255,Brisbane
356256,Brisbane
356257,Brisbane
356258,Brisbane
356259,Brisbane
356260,Brisbane
356261,Sydney
356262,Brisbane
356263,Brisbane
356264,Brisbane
356265,Brisbane
356266,Brisbane
356267,Brisbane
356268,Brisbane
356269,Brisbane
356270,Brisbane
356271,Brisbane
356272,Brisbane
356273,Brisbane
356274,Brisbane
356275,Melbourne
356276,Brisbane
356277,Brisbane
356278,Brisbane
356279,Brisbane
356280,Brisbane
356281,Brisbane
356282,Brisbane
356283,Brisbane
356284,Brisbane
356285,Brisbane
356286,Brisbane
356287,Melbourne
356288,Brisbane
356289,Brisbane
356290,Brisbane
356291,Brisbane
356292,Brisbane
356293,Brisbane
356294,Brisbane
356295,Brisbane
356296,Brisbane
356297,Brisbane
356298,Brisbane
356299,Brisbane
356300,Brisbane
356301,Brisbane
356302,Brisbane
356303,Brisbane
356304,Brisbane
356305,Brisbane
356306,Brisbane
356307,Brisbane
356308,Brisbane
356309,Brisbane
356310,Brisbane
356311,Melbourne
356312,Brisbane
356313,Brisbane
356314,Sydney
356315,Brisbane
356316,Brisbane
356317,Brisbane
356318,Brisbane
356319,Brisbane
356320,Brisbane
356321,Brisbane
356322,Brisbane
356323,Brisbane
356324,Brisbane
356325,Brisbane
356326,Brisbane
356327,Brisbane
356328,Brisbane
356329,Brisbane
356330,Brisbane
356331,Sydney
356332,Perth
356333,Perth
356334,Brisbane
356335,Brisbane
356336,Brisbane
356337,Brisbane
356338,Brisbane
356339,Brisbane
356340,Brisbane
356341,Brisbane
356342,Brisbane
356343,Brisbane
356344,Brisbane
356345,Brisbane
356346,Brisbane
356347,Brisbane
356348,Brisbane
356349,Perth
356350,Brisbane
356351,Brisbane
356352,Brisbane
356353,Brisbane
356354,Brisbane
356355,Brisbane
356356,Sydney
356357,Brisbane
356358,Brisbane
356359,Brisbane
356360,Brisbane
356361,Brisbane
356362,Brisbane
356363,Brisbane
356364,Brisbane
356365,Brisbane
356366,Brisbane
356367,Sydney
356368,Brisbane
356369,Brisbane
356370,Brisbane
356371,Brisbane
356372,Brisbane
356373,Brisbane
356374,Brisbane
356375,Brisbane
356376,Brisbane
356377,Brisbane
356378,Brisbane
356379,Brisbane
356380,Brisbane
356381,Brisbane
356382,Brisbane
356383,Brisbane
356384,Brisbane
356385,Brisbane
356386,Brisbane
356387,Brisbane
356388,Brisbane
356389,Brisbane
356390,Brisbane
356391,Brisbane
356392,Melbourne
356393,Brisbane
356394,Brisbane
356395,Brisbane
356396,Melbourne
356397,Brisbane
356398,Brisbane
356399,Brisbane
356400,Brisbane
356401,Brisbane
356402,Brisbane
356403,Brisbane
356404,Brisbane
356405,Brisbane
356406,Brisbane
356407,Melbourne
356408,Brisbane
356409,Sydney
356410,Sydney
356411,Brisbane
356412,Brisbane
356413,Brisbane
356414,Sydney
356415,Brisbane
356416,Brisbane
356417,Brisbane
356418,Brisbane
356419,Brisbane
356420,Brisbane
356421,Brisbane
356422,Brisbane
356423,Melbourne
356424,Brisbane
356425,Brisbane
356426,Brisbane
356427,Brisbane
356428,Brisbane
356429,Brisbane
356430,Brisbane
356431,Brisbane
356432,Brisbane
356433,Brisbane
356434,Brisbane
356435,Brisbane
356436,Brisbane
356437,Brisbane
356438,Brisbane
356439,Brisbane
356440,Brisbane
356441,Brisbane
356442,Brisbane
356443,Brisbane
356444,Brisbane
356445,Perth
356446,Perth
356447,Brisbane
356448,Brisbane
356449,Melbourne
356450,Brisbane
356451,Brisbane
356452,Brisbane
356453,Brisbane
356454,Brisbane
356455,Brisbane
356456,Brisbane
356457,Brisbane
356458,Brisbane
356459,Brisbane
356460,Brisbane
356461,Brisbane
356462,Brisbane
356463,Brisbane
356464,Brisbane
356465,Brisbane
356466,Brisbane
356467,Brisbane
356468,Brisbane
356469,Brisbane
356470,Brisbane
356471,Brisbane
356472,Brisbane
356473,Brisbane
356474,Brisbane
356475,Perth
356476,Brisbane
356477,Perth
356478,Brisbane
356479,Brisbane
356480,Brisbane
356481,Brisbane
356482,Brisbane
356483,Brisbane
356484,Brisbane
356485,Sydney
356486,Brisbane
356487,Brisbane
356488,Brisbane
356489,Brisbane
356490,Brisbane
356491,Brisbane
356492,Perth
356493,Brisbane
356494,Brisbane
356495,Brisbane
356496,Brisbane
356497,Sydney
356498,Brisbane
356499,Brisbane
356500,Brisbane
356501,Brisbane
356502,Brisbane
356503,Melbourne
356504,Brisbane
356505,Perth
356506,Brisbane
356507,Brisbane
356508,Brisbane
356509,Brisbane
356510,Brisbane
356511,Brisbane
356512,Brisbane
356513,Brisbane
356514,Perth
356515,Melbourne
356516,Brisbane
356517,Brisbane
356518,Brisbane
356519,Brisbane
356520,Sydney
356521,Brisbane
356522,Brisbane
356523,Brisbane
356524,Brisbane
356525,Brisbane
356526,Brisbane
356527,Brisbane
356528,Brisbane
356529,Brisbane
356530,Brisbane
356531,Brisbane
356532,Brisbane
356533,Brisbane
356534,Sydney
356535,Brisbane
356536,Brisbane
356537,Melbourne
356538,Brisbane
356539,Brisbane
356540,Sydney
356541,Brisbane
356542,Brisbane
356543,Brisbane
356544,Brisbane
356545,Brisbane
356546,Brisbane
356547,Brisbane
356548,Brisbane
356549,Brisbane
356550,Brisbane
356551,Brisbane
356552,Brisbane
356553,Brisbane
356554,Brisbane
356555,Brisbane
356556,Brisbane
356557,Brisbane
356558,Brisbane
356559,Brisbane
356560,Perth
356561,Brisbane
356562,Brisbane
356563,Brisbane
356564,Brisbane
356565,Brisbane
356566,Melbourne
356567,Brisbane
356568,Brisbane
356569,Melbourne
356570,Brisbane
356571,Brisbane
356572,Sydney
356573,Brisbane
356574,Brisbane
356575,Brisbane
356576,Brisbane
356577,Brisbane
356578,Brisbane
356579,Brisbane
356580,Brisbane
356581,Brisbane
356582,Brisbane
356583,Brisbane
356584,Brisbane
356585,Sydney
356586,Brisbane
356587,Melbourne
356588,Brisbane
356589,Brisbane
356590,Brisbane
356591,Brisbane
356592,Brisbane
356593,Sydney
356594,Brisbane
356595,Brisbane
356596,Brisbane
356597,Brisbane
356598,Brisbane
356599,Brisbane
356600,Brisbane
356601,Brisbane
356602,Brisbane
356603,Brisbane
356604,Perth
356605,Sydney
356606,Melbourne
356607,Sydney
356608,Brisbane
356609,Sydney
356610,Brisbane
356611,Sydney
356612,Brisbane
356613,Brisbane
356614,Brisbane
356615,Brisbane
356616,Perth
356617,Perth
356618,Brisbane
356619,Brisbane
356620,Brisbane
356621,Brisbane
356622,Brisbane
356623,Brisbane
356624,Brisbane
356625,Brisbane
356626,Brisbane
356627,Brisbane
356628,Sydney
356629,Brisbane
356630,Brisbane
356631,Brisbane
356632,Brisbane
356633,Brisbane
356634,Brisbane
356635,Perth
356636,Brisbane
356637,Brisbane
356638,Brisbane
356639,Brisbane
356640,Brisbane
356641,Brisbane
356642,Brisbane
356643,Brisbane
356644,Brisbane
356645,Brisbane
356646,Brisbane
356647,Brisbane
356648,Brisbane
356649,Brisbane
356650,Brisbane
356651,Brisbane
356652,Brisbane
356653,Brisbane
356654,Perth
356655,Brisbane
356656,Melbourne
356657,Brisbane
356658,Brisbane
356659,Sydney
356660,Brisbane
356661,Brisbane
356662,Brisbane
356663,Sydney
356664,Perth
356665,Brisbane
356666,Brisbane
356667,Brisbane
356668,Brisbane
356669,Brisbane
356670,Brisbane
356671,Brisbane
356672,Brisbane
356673,Brisbane
356674,Brisbane
356675,Brisbane
356676,Brisbane
356677,Brisbane
356678,Brisbane
356679,Melbourne
356680,Brisbane
356681,Brisbane
356682,Melbourne
356683,Brisbane
356684,Brisbane
356685,Brisbane
356686,Sydney
356687,Brisbane
356688,Brisbane
356689,Melbourne
356690,Brisbane
356691,Brisbane
356692,Brisbane
356693,Brisbane
356694,Brisbane
356695,Brisbane
356696,Brisbane
356697,Brisbane
356698,Brisbane
356699,Brisbane
356700,Brisbane
356701,Brisbane
356702,Brisbane
356703,Brisbane
356704,Brisbane
356705,Brisbane
356706,Brisbane
356707,Brisbane
356708,Brisbane
356709,Brisbane
356710,Brisbane
356711,Brisbane
356712,Perth
356713,Brisbane
356714,Brisbane
356715,Brisbane
356716,Brisbane
356717,Brisbane
356718,Brisbane
356719,Brisbane
356720,Brisbane
356721,Brisbane
356722,Brisbane
356723,Brisbane
356724,Brisbane
356725,Perth
356726,Brisbane
356727,Brisbane
356728,Brisbane
356729,Brisbane
356730,Brisbane
356731,Brisbane
356732,Brisbane
356733,Brisbane
356734,Brisbane
356735,Brisbane
356736,Brisbane
356737,Brisbane
356738,Brisbane
356739,Brisbane
356740,Brisbane
356741,Brisbane
356742,Brisbane
356743,Brisbane
356744,Brisbane
356745,Brisbane
356746,Brisbane
356747,Brisbane
356748,Brisbane
356749,Brisbane
356750,Brisbane
356751,Sydney
356752,Brisbane
356753,Perth
356754,Brisbane
356755,Brisbane
356756,Brisbane
356757,Brisbane
356758,Brisbane
356759,Brisbane
356760,Brisbane
356761,Brisbane
356762,Brisbane
356763,Brisbane
356764,Brisbane
356765,Perth
356766,Perth
356767,Brisbane
356768,Melbourne
356769,Brisbane
356770,Brisbane
356771,Brisbane
356772,Brisbane
356773,Brisbane
356774,Brisbane
356775,Brisbane
356776,Brisbane
356777,Brisbane
356778,Brisbane
356779,Brisbane
356780,Brisbane
356781,Brisbane
356782,Brisbane
356783,Brisbane
356784,Brisbane
356785,Brisbane
356786,Brisbane
356787,Brisbane
356788,Brisbane
356789,Brisbane
356790,Brisbane
356791,Brisbane
356792,Brisbane
356793,Brisbane
356794,Perth
356795,Brisbane
356796,Brisbane
356797,Brisbane
356798,Brisbane
356799,Brisbane
356800,Brisbane
356801,Brisbane
356802,Brisbane
356803,Perth
356804,Brisbane
356805,Brisbane
356806,Brisbane
356807,Brisbane
356808,Brisbane
356809,Brisbane
356810,Brisbane
356811,Brisbane
356812,Brisbane
356813,Brisbane
356814,Brisbane
356815,Brisbane
356816,Brisbane
356817,Brisbane
356818,Brisbane
356819,Brisbane
356820,Brisbane
356821,Brisbane
356822,Brisbane
356823,Brisbane
356824,Brisbane
356825,Brisbane
356826,Brisbane
356827,Brisbane
356828,Brisbane
356829,Brisbane
356830,Brisbane
356831,Brisbane
356832,Brisbane
356833,Brisbane
356834,Brisbane
356835,Brisbane
356836,Sydney
356837,Perth
356838,Brisbane
356839,Brisbane
356840,Brisbane
356841,Brisbane
356842,Brisbane
356843,Brisbane
356844,Brisbane
356845,Brisbane
356846,Brisbane
356847,Brisbane
356848,Brisbane
356849,Brisbane
356850,Brisbane
356851,Melbourne
356852,Brisbane
356853,Brisbane
356854,Brisbane
356855,Brisbane
356856,Brisbane
356857,Brisbane
356858,Brisbane
356859,Brisbane
356860,Brisbane
356861,Sydney
356862,Brisbane
356863,Brisbane
356864,Brisbane
356865,Brisbane
356866,Brisbane
356867,Brisbane
356868,Brisbane
356869,Brisbane
356870,Brisbane
356871,Brisbane
356872,Brisbane
356873,Perth
356874,Melbourne
356875,Brisbane
356876,Brisbane
356877,Brisbane
356878,Brisbane
356879,Brisbane
356880,Brisbane
356881,Brisbane
356882,Perth
356883,Brisbane
356884,Brisbane
356885,Brisbane
356886,Brisbane
356887,Melbourne
356888,Brisbane
356889,Brisbane
356890,Brisbane
356891,Brisbane
356892,Brisbane
356893,Brisbane
356894,Perth
356895,Brisbane
356896,Brisbane
356897,Brisbane
356898,Sydney
356899,Brisbane
356900,Brisbane
356901,Brisbane
356902,Brisbane
356903,Brisbane
356904,Brisbane
356905,Sydney
356906,Brisbane
356907,Brisbane
356908,Brisbane
356909,Brisbane
356910,Brisbane
356911,Brisbane
356912,Brisbane
356913,Brisbane
356914,Perth
356915,Brisbane
356916,Brisbane
356917,Brisbane
356918,Brisbane
356919,Brisbane
356920,Brisbane
356921,Brisbane
356922,Brisbane
356923,Brisbane
356924,Brisbane
356925,Brisbane
356926,Sydney
356927,Sydney
356928,Brisbane
356929,Perth
356930,Brisbane
356931,Brisbane
356932,Brisbane
356933,Brisbane
356934,Brisbane
356935,Brisbane
356936,Brisbane
356937,Brisbane
356938,Brisbane
356939,Brisbane
356940,Brisbane
356941,Brisbane
356942,Brisbane
356943,Brisbane
356944,Brisbane
356945,Brisbane
356946,Brisbane
356947,Brisbane
356948,Brisbane
356949,Melbourne
356950,Brisbane
356951,Brisbane
356952,Brisbane
356953,Brisbane
356954,Brisbane
356955,Brisbane
356956,Brisbane
356957,Brisbane
356958,Brisbane
356959,Brisbane
356960,Brisbane
356961,Brisbane
356962,Brisbane
356963,Brisbane
356964,Brisbane
356965,Brisbane
356966,Melbourne
356967,Brisbane
356968,Brisbane
356969,Brisbane
356970,Sydney
356971,Brisbane
356972,Brisbane
356973,Brisbane
356974,Brisbane
356975,Brisbane
356976,Brisbane
356977,Brisbane
356978,Brisbane
356979,Brisbane
356980,Brisbane
356981,Brisbane
356982,Brisbane
356983,Sydney
356984,Brisbane
356985,Perth
356986,Perth
356987,Brisbane
356988,Brisbane
356989,Brisbane
356990,Brisbane
356991,Brisbane
356992,Brisbane
356993,Brisbane
356994,Brisbane
356995,Sydney
356996,Brisbane
356997,Brisbane
356998,Brisbane
356999,Melbourne
357000,Brisbane
357001,Brisbane
357002,Brisbane
357003,Brisbane
357004,Brisbane
357005,Brisbane
357006,Brisbane
357007,Brisbane
357008,Brisbane
357009,Perth
357010,Brisbane
357011,Brisbane
357012,Brisbane
357013,Brisbane
357014,Sydney
357015,Sydney
357016,Brisbane
357017,Perth
357018,Brisbane
357019,Brisbane
357020,Brisbane
357021,Brisbane
357022,Brisbane
357023,Brisbane
357024,Brisbane
357025,Brisbane
357026,Brisbane
357027,Brisbane
357028,Brisbane
357029,Brisbane
357030,Brisbane
357031,Melbourne
357032,Brisbane
357033,Brisbane
357034,Brisbane
357035,Brisbane
357036,Brisbane
357037,Brisbane
357038,Brisbane
357039,Brisbane
357040,Brisbane
357041,Brisbane
357042,Brisbane
357043,Brisbane
357044,Brisbane
357045,Brisbane
357046,Brisbane
357047,Brisbane
357048,Brisbane
357049,Brisbane
357050,Brisbane
357051,Brisbane
357052,Brisbane
357053,Brisbane
357054,Brisbane
357055,Brisbane
357056,Brisbane
357057,Brisbane
357058,Brisbane
357059,Brisbane
357060,Perth
357061,Brisbane
357062,Melbourne
357063,Brisbane
357064,Brisbane
357065,Brisbane
357066,Brisbane
357067,Perth
357068,Brisbane
357069,Brisbane
357070,Brisbane
357071,Melbourne
357072,Brisbane
357073,Brisbane
357074,Brisbane
357075,Brisbane
357076,Brisbane
357077,Brisbane
357078,Brisbane
357079,Brisbane
357080,Brisbane
357081,Brisbane
357082,Brisbane
357083,Brisbane
357084,Brisbane
357085,Brisbane
357086,Brisbane
357087,Brisbane
357088,Brisbane
357089,Brisbane
357090,Brisbane
357091,Brisbane
357092,Brisbane
357093,Brisbane
357094,Brisbane
357095,Brisbane
357096,Brisbane
357097,Sydney
357098,Brisbane
357099,Brisbane
357100,Brisbane
357101,Brisbane
357102,Brisbane
357103,Brisbane
357104,Brisbane
357105,Brisbane
357106,Brisbane
357107,Brisbane
357108,Brisbane
357109,Perth
357110,Brisbane
357111,Melbourne
357112,Brisbane
357113,Brisbane
357114,Brisbane
357115,Brisbane
357116,Brisbane
357117,Brisbane
357118,Brisbane
357119,Brisbane
357120,Brisbane
357121,Brisbane
357122,Brisbane
357123,Brisbane
357124,Brisbane
357125,Brisbane
357126,Brisbane
357127,Brisbane
357128,Brisbane
357129,Brisbane
357130,Sydney
357131,Perth
357132,Brisbane
357133,Brisbane
357134,Perth
357135,Brisbane
357136,Perth
357137,Brisbane
357138,Brisbane
357139,Sydney
357140,Brisbane
357141,Brisbane
357142,Sydney
357143,Brisbane
357144,Brisbane
357145,Brisbane
357146,Brisbane
357147,Perth
357148,Brisbane
357149,Brisbane
357150,Sydney
357151,Sydney
357152,Brisbane
357153,Brisbane
357154,Brisbane
357155,Brisbane
357156,Brisbane
357157,Perth
357158,Brisbane
357159,Brisbane
357160,Brisbane
357161,Brisbane
357162,Brisbane
357163,Sydney
357164,Brisbane
357165,Brisbane
357166,Brisbane
357167,Perth
357168,Brisbane
357169,Brisbane
357170,Brisbane
357171,Brisbane
357172,Brisbane
357173,Brisbane
357174,Brisbane
357175,Brisbane
357176,Brisbane
357177,Brisbane
357178,Brisbane
357179,Brisbane
357180,Brisbane
357181,Brisbane
357182,Brisbane
357183,Brisbane
357184,Brisbane
357185,Brisbane
357186,Brisbane
357187,Brisbane
357188,Brisbane
357189,Brisbane
357190,Brisbane
357191,Brisbane
357192,Brisbane
357193,Brisbane
357194,Brisbane
357195,Brisbane
357196,Brisbane
357197,Brisbane
357198,Brisbane
357199,Brisbane
357200,Brisbane
357201,Brisbane
357202,Sydney
357203,Brisbane
357204,Brisbane
357205,Brisbane
357206,Brisbane
357207,Brisbane
357208,Brisbane
357209,Melbourne
357210,Brisbane
357211,Brisbane
357212,Brisbane
357213,Brisbane
357214,Brisbane
357215,Brisbane
357216,Brisbane
357217,Brisbane
357218,Brisbane
357219,Sydney
357220,Brisbane
357221,Brisbane
357222,Brisbane
357223,Brisbane
357224,Brisbane
357225,Brisbane
357226,Brisbane
357227,Brisbane
357228,Brisbane
357229,Sydney
357230,Brisbane
357231,Brisbane
357232,Brisbane
357233,Brisbane
357234,Brisbane
357235,Brisbane
357236,Brisbane
357237,Brisbane
357238,Brisbane
357239,Brisbane
357240,Brisbane
357241,Brisbane
357242,Brisbane
357243,Brisbane
357244,Sydney
357245,Brisbane
357246,Brisbane
357247,Perth
357248,Brisbane
357249,Brisbane
357250,Brisbane
357251,Brisbane
357252,Brisbane
357253,Brisbane
357254,Brisbane
357255,Brisbane
357256,Brisbane
357257,Brisbane
357258,Brisbane
357259,Brisbane
357260,Brisbane
357261,Brisbane
357262,Brisbane
357263,Brisbane
357264,Brisbane
357265,Brisbane
357266,Brisbane
357267,Brisbane
357268,Brisbane
357269,Brisbane
357270,Perth
357271,Brisbane
357272,Brisbane
357273,Brisbane
357274,Brisbane
357275,Brisbane
357276,Brisbane
357277,Brisbane
357278,Brisbane
357279,Brisbane
357280,Brisbane
357281,Brisbane
357282,Sydney
357283,Brisbane
357284,Brisbane
357285,Brisbane
357286,Brisbane
357287,Brisbane
357288,Brisbane
357289,Brisbane
357290,Brisbane
357291,Perth
357292,Brisbane
357293,Melbourne
357294,Brisbane
357295,Brisbane
357296,Brisbane
357297,Brisbane
357298,Brisbane
357299,Sydney
357300,Brisbane
357301,Brisbane
357302,Brisbane
357303,Brisbane
357304,Sydney
357305,Brisbane
357306,Brisbane
357307,Brisbane
357308,Brisbane
357309,Brisbane
357310,Brisbane
357311,Brisbane
357312,Brisbane
357313,Brisbane
357314,Brisbane
357315,Brisbane
357316,Brisbane
357317,Brisbane
357318,Brisbane
357319,Brisbane
357320,Brisbane
357321,Brisbane
357322,Brisbane
357323,Brisbane
357324,Brisbane
357325,Brisbane
357326,Perth
357327,Brisbane
357328,Sydney
357329,Brisbane
357330,Brisbane
357331,Brisbane
357332,Brisbane
357333,Brisbane
357334,Brisbane
357335,Brisbane
357336,Brisbane
357337,Brisbane
357338,Brisbane
357339,Brisbane
357340,Brisbane
357341,Brisbane
357342,Brisbane
357343,Perth
357344,Brisbane
357345,Brisbane
357346,Perth
357347,Brisbane
357348,Brisbane
357349,Brisbane
357350,Brisbane
357351,Brisbane
357352,Brisbane
357353,Brisbane
357354,Brisbane
357355,Brisbane
357356,Brisbane
357357,Brisbane
357358,Brisbane
357359,Brisbane
357360,Brisbane
357361,Brisbane
357362,Brisbane
357363,Brisbane
357364,Brisbane
357365,Brisbane
357366,Brisbane
357367,Sydney
357368,Brisbane
357369,Brisbane
357370,Brisbane
357371,Melbourne
357372,Brisbane
357373,Brisbane
357374,Perth
357375,Brisbane
357376,Brisbane
357377,Brisbane
357378,Brisbane
357379,Brisbane
357380,Brisbane
357381,Brisbane
357382,Brisbane
357383,Brisbane
357384,Brisbane
357385,Brisbane
357386,Perth
357387,Brisbane
357388,Brisbane
357389,Brisbane
357390,Brisbane
357391,Brisbane
357392,Sydney
357393,Brisbane
357394,Brisbane
357395,Brisbane
357396,Perth
357397,Brisbane
357398,Sydney
357399,Brisbane
357400,Brisbane
357401,Brisbane
357402,Brisbane
357403,Brisbane
357404,Brisbane
357405,Brisbane
357406,Brisbane
357407,Brisbane
357408,Brisbane
357409,Brisbane
357410,Brisbane
357411,Brisbane
357412,Sydney
357413,Brisbane
357414,Brisbane
357415,Brisbane
357416,Brisbane
357417,Sydney
357418,Brisbane
357419,Perth
357420,Brisbane
357421,Brisbane
357422,Brisbane
357423,Brisbane
357424,Brisbane
357425,Brisbane
357426,Brisbane
357427,Brisbane
357428,Brisbane
357429,Brisbane
357430,Brisbane
357431,Brisbane
357432,Brisbane
357433,Perth
357434,Brisbane
357435,Brisbane
357436,Perth
357437,Brisbane
357438,Brisbane
357439,Brisbane
357440,Brisbane
357441,Brisbane
357442,Brisbane
357443,Sydney
357444,Brisbane
357445,Brisbane
357446,Brisbane
357447,Brisbane
357448,Brisbane
357449,Perth
357450,Brisbane
357451,Brisbane
357452,Sydney
357453,Brisbane
357454,Brisbane
357455,Brisbane
357456,Brisbane
357457,Brisbane
357458,Brisbane
357459,Brisbane
357460,Brisbane
357461,Brisbane
357462,Brisbane
357463,Brisbane
357464,Brisbane
357465,Brisbane
357466,Brisbane
357467,Brisbane
357468,Perth
357469,Brisbane
357470,Brisbane
357471,Brisbane
357472,Brisbane
357473,Brisbane
357474,Brisbane
357475,Brisbane
357476,Brisbane
357477,Brisbane
357478,Brisbane
357479,Brisbane
357480,Brisbane
357481,Brisbane
357482,Brisbane
357483,Brisbane
357484,Brisbane
357485,Brisbane
357486,Brisbane
357487,Brisbane
357488,Brisbane
357489,Brisbane
357490,Sydney
357491,Brisbane
357492,Brisbane
357493,Brisbane
357494,Brisbane
357495,Brisbane
357496,Brisbane
357497,Brisbane
357498,Brisbane
357499,Brisbane
357500,Brisbane
357501,Brisbane
357502,Brisbane
357503,Brisbane
357504,Brisbane
357505,Sydney
357506,Brisbane
357507,Brisbane
357508,Brisbane
357509,Brisbane
357510,Brisbane
357511,Brisbane
357512,Brisbane
357513,Brisbane
357514,Brisbane
357515,Brisbane
357516,Brisbane
357517,Brisbane
357518,Brisbane
357519,Brisbane
357520,Brisbane
357521,Perth
357522,Brisbane
357523,Brisbane
357524,Perth
357525,Brisbane
357526,Brisbane
357527,Brisbane
357528,Melbourne
357529,Brisbane
357530,Brisbane
357531,Brisbane
357532,Brisbane
357533,Brisbane
357534,Brisbane
357535,Brisbane
357536,Brisbane
357537,Perth
357538,Brisbane
357539,Brisbane
357540,Brisbane
357541,Brisbane
357542,Perth
357543,Brisbane
357544,Brisbane
357545,Brisbane
357546,Brisbane
357547,Perth
357548,Brisbane
357549,Brisbane
357550,Brisbane
357551,Brisbane
357552,Sydney
357553,Brisbane
357554,Brisbane
357555,Brisbane
357556,Brisbane
357557,Brisbane
357558,Perth
357559,Brisbane
357560,Brisbane
357561,Brisbane
357562,Brisbane
357563,Melbourne
357564,Brisbane
357565,Brisbane
357566,Brisbane
357567,Brisbane
357568,Brisbane
357569,Brisbane
357570,Brisbane
357571,Brisbane
357572,Brisbane
357573,Brisbane
357574,Brisbane
357575,Melbourne
357576,Brisbane
357577,Brisbane
357578,Sydney
357579,Brisbane
357580,Brisbane
357581,Brisbane
357582,Brisbane
357583,Brisbane
357584,Brisbane
357585,Brisbane
357586,Brisbane
357587,Sydney
357588,Brisbane
357589,Brisbane
357590,Brisbane
357591,Brisbane
357592,Brisbane
357593,Perth
357594,Brisbane
357595,Brisbane
357596,Brisbane
357597,Perth
357598,Brisbane
357599,Brisbane
357600,Brisbane
357601,Brisbane
357602,Brisbane
357603,Brisbane
357604,Melbourne
357605,Brisbane
357606,Brisbane
357607,Perth
357608,Sydney
357609,Brisbane
357610,Sydney
357611,Brisbane
357612,Perth
357613,Sydney
357614,Brisbane
357615,Brisbane
357616,Brisbane
357617,Brisbane
357618,Brisbane
357619,Brisbane
357620,Brisbane
357621,Brisbane
357622,Brisbane
357623,Brisbane
357624,Brisbane
357625,Sydney
357626,Brisbane
357627,Brisbane
357628,Brisbane
357629,Brisbane
357630,Sydney
357631,Brisbane
357632,Brisbane
357633,Brisbane
357634,Brisbane
357635,Brisbane
357636,Brisbane
357637,Brisbane
357638,Brisbane
357639,Brisbane
357640,Brisbane
357641,Brisbane
357642,Brisbane
357643,Brisbane
357644,Brisbane
357645,Brisbane
357646,Perth
357647,Brisbane
357648,Brisbane
357649,Brisbane
357650,Brisbane
357651,Brisbane
357652,Brisbane
357653,Brisbane
357654,Brisbane
357655,Perth
357656,Brisbane
357657,Brisbane
357658,Brisbane
357659,Brisbane
357660,Brisbane
357661,Brisbane
357662,Brisbane
357663,Perth
357664,Brisbane
357665,Brisbane
357666,Brisbane
357667,Brisbane
357668,Sydney
357669,Brisbane
357670,Brisbane
357671,Brisbane
357672,Sydney
357673,Brisbane
357674,Brisbane
357675,Brisbane
357676,Brisbane
357677,Brisbane
357678,Brisbane
357679,Brisbane
357680,Brisbane
357681,Perth
357682,Brisbane
357683,Brisbane
357684,Brisbane
357685,Melbourne
357686,Brisbane
357687,Brisbane
357688,Brisbane
357689,Brisbane
357690,Brisbane
357691,Brisbane
357692,Brisbane
357693,Brisbane
357694,Brisbane
357695,Brisbane
357696,Brisbane
357697,Brisbane
357698,Brisbane
357699,Brisbane
357700,Brisbane
357701,Sydney
357702,Brisbane
357703,Melbourne
357704,Brisbane
357705,Brisbane
357706,Sydney
357707,Brisbane
357708,Melbourne
357709,Brisbane
357710,Brisbane
357711,Brisbane
357712,Brisbane
357713,Brisbane
357714,Brisbane
357715,Brisbane
357716,Brisbane
357717,Brisbane
357718,Brisbane
357719,Brisbane
357720,Brisbane
357721,Brisbane
357722,Brisbane
357723,Brisbane
357724,Brisbane
357725,Brisbane
357726,Brisbane
357727,Brisbane
357728,Perth
357729,Brisbane
357730,Brisbane
357731,Brisbane
357732,Brisbane
357733,Brisbane
357734,Brisbane
357735,Brisbane
357736,Brisbane
357737,Brisbane
357738,Brisbane
357739,Brisbane
357740,Brisbane
357741,Brisbane
357742,Brisbane
357743,Brisbane
357744,Brisbane
357745,Brisbane
357746,Brisbane
357747,Brisbane
357748,Perth
357749,Brisbane
357750,Brisbane
357751,Brisbane
357752,Brisbane
357753,Brisbane
357754,Brisbane
357755,Brisbane
357756,Brisbane
357757,Brisbane
357758,Brisbane
357759,Brisbane
357760,Brisbane
357761,Brisbane
357762,Brisbane
357763,Brisbane
357764,Brisbane
357765,Brisbane
357766,Brisbane
357767,Brisbane
357768,Brisbane
357769,Brisbane
357770,Brisbane
357771,Brisbane
357772,Brisbane
357773,Brisbane
357774,Sydney
357775,Brisbane
357776,Brisbane
357777,Brisbane
357778,Brisbane
357779,Brisbane
357780,Brisbane
357781,Brisbane
357782,Brisbane
357783,Brisbane
357784,Brisbane
357785,Brisbane
357786,Sydney
357787,Brisbane
357788,Brisbane
357789,Brisbane
357790,Brisbane
357791,Brisbane
357792,Brisbane
357793,Melbourne
357794,Brisbane
357795,Brisbane
357796,Brisbane
357797,Brisbane
357798,Brisbane
357799,Brisbane
357800,Brisbane
357801,Brisbane
357802,Sydney
357803,Brisbane
357804,Brisbane
357805,Brisbane
357806,Brisbane
357807,Brisbane
357808,Brisbane
357809,Brisbane
357810,Brisbane
357811,Brisbane
357812,Brisbane
357813,Brisbane
357814,Brisbane
357815,Brisbane
357816,Brisbane
357817,Brisbane
357818,Brisbane
357819,Brisbane
357820,Brisbane
357821,Brisbane
357822,Brisbane
357823,Brisbane
357824,Brisbane
357825,Sydney
357826,Brisbane
357827,Brisbane
357828,Brisbane
357829,Brisbane
357830,Brisbane
357831,Brisbane
357832,Brisbane
357833,Brisbane
357834,Brisbane
357835,Perth
357836,Melbourne
357837,Brisbane
357838,Brisbane
357839,Brisbane
357840,Sydney
357841,Melbourne
357842,Brisbane
357843,Brisbane
357844,Brisbane
357845,Brisbane
357846,Brisbane
357847,Brisbane
357848,Brisbane
357849,Brisbane
357850,Brisbane
357851,Brisbane
357852,Brisbane
357853,Sydney
357854,Brisbane
357855,Brisbane
357856,Brisbane
357857,Brisbane
357858,Brisbane
357859,Brisbane
357860,Brisbane
357861,Brisbane
357862,Brisbane
357863,Brisbane
357864,Brisbane
357865,Brisbane
357866,Brisbane
357867,Brisbane
357868,Brisbane
357869,Perth
357870,Brisbane
357871,Brisbane
357872,Brisbane
357873,Brisbane
357874,Brisbane
357875,Brisbane
357876,Brisbane
357877,Brisbane
357878,Brisbane
357879,Sydney
357880,Brisbane
357881,Brisbane
357882,Brisbane
357883,Brisbane
357884,Brisbane
357885,Brisbane
357886,Perth
357887,Brisbane
357888,Brisbane
357889,Brisbane
357890,Brisbane
357891,Perth
357892,Brisbane
357893,Brisbane
357894,Brisbane
357895,Brisbane
357896,Brisbane
357897,Brisbane
357898,Brisbane
357899,Brisbane
357900,Brisbane
357901,Brisbane
357902,Brisbane
357903,Sydney
357904,Brisbane
357905,Brisbane
357906,Brisbane
357907,Brisbane
357908,Brisbane
357909,Perth
357910,Brisbane
357911,Brisbane
357912,Brisbane
357913,Brisbane
357914,Brisbane
357915,Brisbane
357916,Brisbane
357917,Brisbane
357918,Brisbane
357919,Brisbane
357920,Brisbane
357921,Brisbane
357922,Melbourne
357923,Brisbane
357924,Brisbane
357925,Sydney
357926,Brisbane
357927,Brisbane
357928,Brisbane
357929,Brisbane
357930,Melbourne
357931,Brisbane
357932,Brisbane
357933,Brisbane
357934,Brisbane
357935,Brisbane
357936,Brisbane
357937,Sydney
357938,Brisbane
357939,Brisbane
357940,Brisbane
357941,Brisbane
357942,Brisbane
357943,Brisbane
357944,Brisbane
357945,Brisbane
357946,Brisbane
357947,Perth
357948,Brisbane
357949,Brisbane
357950,Brisbane
357951,Brisbane
357952,Brisbane
357953,Brisbane
357954,Brisbane
357955,Brisbane
357956,Brisbane
357957,Brisbane
357958,Brisbane
357959,Brisbane
357960,Brisbane
357961,Brisbane
357962,Brisbane
357963,Brisbane
357964,Brisbane
357965,Brisbane
357966,Brisbane
357967,Brisbane
357968,Brisbane
357969,Brisbane
357970,Brisbane
357971,Brisbane
357972,Brisbane
357973,Brisbane
357974,Brisbane
357975,Brisbane
357976,Brisbane
357977,Brisbane
357978,Brisbane
357979,Brisbane
357980,Brisbane
357981,Brisbane
357982,Brisbane
357983,Perth
357984,Brisbane
357985,Brisbane
357986,Brisbane
357987,Brisbane
357988,Brisbane
357989,Brisbane
357990,Sydney
357991,Brisbane
357992,Brisbane
357993,Brisbane
357994,Brisbane
357995,Brisbane
357996,Brisbane
357997,Brisbane
357998,Brisbane
357999,Sydney
358000,Brisbane
358001,Brisbane
358002,Brisbane
358003,Melbourne
358004,Brisbane
358005,Brisbane
358006,Brisbane
358007,Brisbane
358008,Brisbane
358009,Brisbane
358010,Brisbane
358011,Perth
358012,Brisbane
358013,Brisbane
358014,Brisbane
358015,Brisbane
358016,Brisbane
358017,Brisbane
358018,Brisbane
358019,Brisbane
358020,Brisbane
358021,Brisbane
358022,Brisbane
358023,Brisbane
358024,Brisbane
358025,Brisbane
358026,Brisbane
358027,Perth
358028,Brisbane
358029,Brisbane
358030,Brisbane
358031,Brisbane
358032,Brisbane
358033,Brisbane
358034,Brisbane
358035,Brisbane
358036,Brisbane
358037,Brisbane
358038,Brisbane
358039,Brisbane
358040,Brisbane
358041,Brisbane
358042,Brisbane
358043,Brisbane
358044,Sydney
358045,Brisbane
358046,Brisbane
358047,Brisbane
358048,Brisbane
358049,Brisbane
358050,Brisbane
358051,Brisbane
358052,Brisbane
358053,Brisbane
358054,Brisbane
358055,Brisbane
358056,Brisbane
358057,Brisbane
358058,Brisbane
358059,Brisbane
358060,Brisbane
358061,Brisbane
358062,Brisbane
358063,Brisbane
358064,Perth
358065,Brisbane
358066,Brisbane
358067,Brisbane
358068,Sydney
358069,Brisbane
358070,Brisbane
358071,Brisbane
358072,Brisbane
358073,Brisbane
358074,Brisbane
358075,Brisbane
358076,Brisbane
358077,Brisbane
358078,Sydney
358079,Brisbane
358080,Brisbane
358081,Brisbane
358082,Brisbane
358083,Brisbane
358084,Brisbane
358085,Brisbane
358086,Brisbane
358087,Brisbane
358088,Brisbane
358089,Sydney
358090,Brisbane
358091,Brisbane
358092,Brisbane
358093,Brisbane
358094,Brisbane
358095,Brisbane
358096,Brisbane
358097,Sydney
358098,Brisbane
358099,Brisbane
358100,Brisbane
358101,Brisbane
358102,Brisbane
358103,Brisbane
358104,Brisbane
358105,Sydney
358106,Brisbane
358107,Brisbane
358108,Brisbane
358109,Brisbane
358110,Brisbane
358111,Brisbane
358112,Brisbane
358113,Brisbane
358114,Brisbane
358115,Brisbane
358116,Brisbane
358117,Brisbane
358118,Brisbane
358119,Brisbane
358120,Brisbane
358121,Brisbane
358122,Sydney
358123,Brisbane
358124,Brisbane
358125,Brisbane
358126,Sydney
358127,Brisbane
358128,Brisbane
358129,Brisbane
358130,Brisbane
358131,Brisbane
358132,Brisbane
358133,Brisbane
358134,Brisbane
358135,Brisbane
358136,Brisbane
358137,Brisbane
358138,Brisbane
358139,Perth
358140,Brisbane
358141,Brisbane
358142,Brisbane
358143,Perth
358144,Brisbane
358145,Sydney
358146,Brisbane
358147,Brisbane
358148,Brisbane
358149,Brisbane
358150,Brisbane
358151,Brisbane
358152,Brisbane
358153,Brisbane
358154,Perth
358155,Brisbane
358156,Brisbane
358157,Brisbane
358158,Brisbane
358159,Perth
358160,Brisbane
358161,Brisbane
358162,Brisbane
358163,Brisbane
358164,Brisbane
358165,Brisbane
358166,Brisbane
358167,Brisbane
358168,Brisbane
358169,Brisbane
358170,Sydney
358171,Sydney
358172,Brisbane
358173,Brisbane
358174,Brisbane
358175,Sydney
358176,Brisbane
358177,Sydney
358178,Brisbane
358179,Brisbane
358180,Brisbane
358181,Brisbane
358182,Brisbane
358183,Brisbane
358184,Brisbane
358185,Brisbane
358186,Brisbane
358187,Brisbane
358188,Brisbane
358189,Brisbane
358190,Brisbane
358191,Brisbane
358192,Brisbane
358193,Brisbane
358194,Brisbane
358195,Brisbane
358196,Brisbane
358197,Perth
358198,Brisbane
358199,Brisbane
358200,Brisbane
358201,Brisbane
358202,Brisbane
358203,Brisbane
358204,Brisbane
358205,Brisbane
358206,Brisbane
358207,Brisbane
358208,Brisbane
358209,Brisbane
358210,Brisbane
358211,Brisbane
358212,Brisbane
358213,Brisbane
358214,Sydney
358215,Brisbane
358216,Brisbane
358217,Brisbane
358218,Brisbane
358219,Brisbane
358220,Brisbane
358221,Brisbane
358222,Brisbane
358223,Brisbane
358224,Brisbane
358225,Brisbane
358226,Brisbane
358227,Brisbane
358228,Melbourne
358229,Brisbane
358230,Brisbane
358231,Brisbane
358232,Brisbane
358233,Brisbane
358234,Brisbane
358235,Brisbane
358236,Brisbane
358237,Brisbane
358238,Brisbane
358239,Brisbane
358240,Brisbane
358241,Brisbane
358242,Perth
358243,Brisbane
358244,Sydney
358245,Brisbane
358246,Brisbane
358247,Brisbane
358248,Brisbane
358249,Brisbane
358250,Brisbane
358251,Brisbane
358252,Brisbane
358253,Brisbane
358254,Brisbane
358255,Brisbane
358256,Brisbane
358257,Brisbane
358258,Brisbane
358259,Perth
358260,Brisbane
358261,Brisbane
358262,Brisbane
358263,Brisbane
358264,Brisbane
358265,Brisbane
358266,Brisbane
358267,Brisbane
358268,Brisbane
358269,Brisbane
358270,Brisbane
358271,Brisbane
358272,Brisbane
358273,Brisbane
358274,Perth
358275,Brisbane
358276,Brisbane
358277,Brisbane
358278,Brisbane
358279,Brisbane
358280,Sydney
358281,Brisbane
358282,Brisbane
358283,Brisbane
358284,Brisbane
358285,Brisbane
358286,Brisbane
358287,Sydney
358288,Brisbane
358289,Brisbane
358290,Brisbane
358291,Brisbane
358292,Brisbane
358293,Perth
358294,Brisbane
358295,Brisbane
358296,Brisbane
358297,Brisbane
358298,Brisbane
358299,Brisbane
358300,Brisbane
358301,Brisbane
358302,Brisbane
358303,Brisbane
358304,Brisbane
358305,Brisbane
358306,Brisbane
358307,Brisbane
358308,Brisbane
358309,Brisbane
358310,Brisbane
358311,Brisbane
358312,Brisbane
358313,Brisbane
358314,Brisbane
358315,Brisbane
358316,Brisbane
358317,Brisbane
358318,Brisbane
358319,Brisbane
358320,Brisbane
358321,Brisbane
358322,Brisbane
358323,Brisbane
358324,Perth
358325,Brisbane
358326,Perth
358327,Brisbane
358328,Brisbane
358329,Brisbane
358330,Brisbane
358331,Brisbane
358332,Brisbane
358333,Brisbane
358334,Brisbane
358335,Brisbane
358336,Brisbane
358337,Brisbane
358338,Brisbane
358339,Brisbane
358340,Brisbane
358341,Sydney
358342,Brisbane
358343,Brisbane
358344,Brisbane
358345,Brisbane
358346,Brisbane
358347,Sydney
358348,Sydney
358349,Brisbane
358350,Brisbane
358351,Brisbane
358352,Perth
358353,Brisbane
358354,Brisbane
358355,Brisbane
358356,Brisbane
358357,Brisbane
358358,Brisbane
358359,Brisbane
358360,Brisbane
358361,Sydney
358362,Brisbane
358363,Brisbane
358364,Sydney
358365,Brisbane
358366,Melbourne
358367,Brisbane
358368,Perth
358369,Brisbane
358370,Brisbane
358371,Brisbane
358372,Brisbane
358373,Melbourne
358374,Brisbane
358375,Brisbane
358376,Brisbane
358377,Brisbane
358378,Brisbane
358379,Brisbane
358380,Brisbane
358381,Brisbane
358382,Brisbane
358383,Sydney
358384,Brisbane
358385,Brisbane
358386,Brisbane
358387,Brisbane
358388,Brisbane
358389,Brisbane
358390,Brisbane
358391,Brisbane
358392,Brisbane
358393,Brisbane
358394,Brisbane
358395,Brisbane
358396,Brisbane
358397,Brisbane
358398,Brisbane
358399,Sydney
358400,Brisbane
358401,Brisbane
358402,Brisbane
358403,Brisbane
358404,Brisbane
358405,Brisbane
358406,Brisbane
358407,Brisbane
358408,Brisbane
358409,Brisbane
358410,Brisbane
358411,Brisbane
358412,Perth
358413,Brisbane
358414,Brisbane
358415,Brisbane
358416,Brisbane
358417,Brisbane
358418,Sydney
358419,Brisbane
358420,Brisbane
358421,Brisbane
358422,Brisbane
358423,Brisbane
358424,Brisbane
358425,Brisbane
358426,Brisbane
358427,Brisbane
358428,Brisbane
358429,Brisbane
358430,Brisbane
358431,Sydney
358432,Brisbane
358433,Perth
358434,Brisbane
358435,Brisbane
358436,Brisbane
358437,Brisbane
358438,Brisbane
358439,Brisbane
358440,Brisbane
358441,Brisbane
358442,Brisbane
358443,Brisbane
358444,Sydney
358445,Brisbane
358446,Brisbane
358447,Brisbane
358448,Brisbane
358449,Melbourne
358450,Brisbane
358451,Brisbane
358452,Brisbane
358453,Brisbane
358454,Brisbane
358455,Perth
358456,Brisbane
358457,Brisbane
358458,Brisbane
358459,Brisbane
358460,Brisbane
358461,Brisbane
358462,Brisbane
358463,Brisbane
358464,Brisbane
358465,Brisbane
358466,Brisbane
358467,Brisbane
358468,Brisbane
358469,Brisbane
358470,Brisbane
358471,Brisbane
358472,Brisbane
358473,Brisbane
358474,Brisbane
358475,Brisbane
358476,Brisbane
358477,Brisbane
358478,Brisbane
358479,Brisbane
358480,Brisbane
358481,Brisbane
358482,Brisbane
358483,Brisbane
358484,Brisbane
358485,Brisbane
358486,Brisbane
358487,Brisbane
358488,Brisbane
358489,Sydney
358490,Brisbane
358491,Brisbane
358492,Brisbane
358493,Brisbane
358494,Brisbane
358495,Perth
358496,Brisbane
358497,Brisbane
358498,Brisbane
358499,Brisbane
358500,Brisbane
358501,Brisbane
358502,Brisbane
358503,Brisbane
358504,Brisbane
358505,Brisbane
358506,Brisbane
358507,Perth
358508,Brisbane
358509,Brisbane
358510,Brisbane
358511,Brisbane
358512,Perth
358513,Brisbane
358514,Perth
358515,Brisbane
358516,Brisbane
358517,Brisbane
358518,Brisbane
358519,Brisbane
358520,Brisbane
358521,Brisbane
358522,Brisbane
358523,Brisbane
358524,Brisbane
358525,Brisbane
358526,Brisbane
358527,Brisbane
358528,Brisbane
358529,Brisbane
358530,Brisbane
358531,Brisbane
358532,Brisbane
358533,Brisbane
358534,Perth
358535,Brisbane
358536,Brisbane
358537,Brisbane
358538,Brisbane
358539,Perth
358540,Brisbane
358541,Brisbane
358542,Brisbane
358543,Brisbane
358544,Brisbane
358545,Melbourne
358546,Brisbane
358547,Brisbane
358548,Brisbane
358549,Brisbane
358550,Brisbane
358551,Brisbane
358552,Brisbane
358553,Brisbane
358554,Perth
358555,Brisbane
358556,Brisbane
358557,Perth
358558,Brisbane
358559,Sydney
358560,Brisbane
358561,Brisbane
358562,Brisbane
358563,Brisbane
358564,Brisbane
358565,Melbourne
358566,Brisbane
358567,Brisbane
358568,Brisbane
358569,Brisbane
358570,Brisbane
358571,Melbourne
358572,Brisbane
358573,Brisbane
358574,Brisbane
358575,Brisbane
358576,Sydney
358577,Brisbane
358578,Brisbane
358579,Brisbane
358580,Brisbane
358581,Brisbane
358582,Brisbane
358583,Brisbane
358584,Brisbane
358585,Sydney
358586,Brisbane
358587,Brisbane
358588,Perth
358589,Brisbane
358590,Sydney
358591,Brisbane
358592,Brisbane
358593,Brisbane
358594,Brisbane
358595,Brisbane
358596,Brisbane
358597,Brisbane
358598,Brisbane
358599,Brisbane
358600,Brisbane
358601,Brisbane
358602,Brisbane
358603,Brisbane
358604,Brisbane
358605,Sydney
358606,Brisbane
358607,Brisbane
358608,Brisbane
358609,Brisbane
358610,Brisbane
358611,Brisbane
358612,Brisbane
358613,Brisbane
358614,Brisbane
358615,Brisbane
358616,Brisbane
358617,Brisbane
358618,Brisbane
358619,Perth
358620,Brisbane
358621,Sydney
358622,Brisbane
358623,Brisbane
358624,Brisbane
358625,Brisbane
358626,Brisbane
358627,Brisbane
358628,Brisbane
358629,Brisbane
358630,Brisbane
358631,Brisbane
358632,Brisbane
358633,Brisbane
358634,Brisbane
358635,Brisbane
358636,Brisbane
358637,Brisbane
358638,Brisbane
358639,Brisbane
358640,Melbourne
358641,Melbourne
358642,Brisbane
358643,Brisbane
358644,Brisbane
358645,Brisbane
358646,Brisbane
358647,Brisbane
358648,Brisbane
358649,Brisbane
358650,Brisbane
358651,Brisbane
358652,Brisbane
358653,Brisbane
358654,Brisbane
358655,Brisbane
358656,Perth
358657,Brisbane
358658,Brisbane
358659,Brisbane
358660,Brisbane
358661,Brisbane
358662,Brisbane
358663,Brisbane
358664,Brisbane
358665,Brisbane
358666,Brisbane
358667,Brisbane
358668,Brisbane
358669,Brisbane
358670,Brisbane
358671,Brisbane
358672,Brisbane
358673,Brisbane
358674,Sydney
358675,Perth
358676,Brisbane
358677,Sydney
358678,Melbourne
358679,Brisbane
358680,Brisbane
358681,Brisbane
358682,Brisbane
358683,Brisbane
358684,Brisbane
358685,Perth
358686,Brisbane
358687,Brisbane
358688,Brisbane
358689,Brisbane
358690,Melbourne
358691,Brisbane
358692,Brisbane
358693,Brisbane
358694,Brisbane
358695,Brisbane
358696,Brisbane
358697,Brisbane
358698,Brisbane
358699,Perth
358700,Brisbane
358701,Brisbane
358702,Brisbane
358703,Brisbane
358704,Brisbane
358705,Brisbane
358706,Brisbane
358707,Brisbane
358708,Brisbane
358709,Brisbane
358710,Brisbane
358711,Brisbane
358712,Brisbane
358713,Sydney
358714,Brisbane
358715,Brisbane
358716,Brisbane
358717,Brisbane
358718,Brisbane
358719,Brisbane
358720,Brisbane
358721,Brisbane
358722,Sydney
358723,Brisbane
358724,Brisbane
358725,Brisbane
358726,Perth
358727,Brisbane
358728,Perth
358729,Brisbane
358730,Brisbane
358731,Brisbane
358732,Brisbane
358733,Brisbane
358734,Brisbane
358735,Melbourne
358736,Brisbane
358737,Brisbane
358738,Brisbane
358739,Brisbane
358740,Brisbane
358741,Brisbane
358742,Brisbane
358743,Brisbane
358744,Brisbane
358745,Brisbane
358746,Brisbane
358747,Brisbane
358748,Brisbane
358749,Sydney
358750,Brisbane
358751,Perth
358752,Brisbane
358753,Brisbane
358754,Brisbane
358755,Brisbane
358756,Brisbane
358757,Perth
358758,Brisbane
358759,Sydney
358760,Brisbane
358761,Brisbane
358762,Brisbane
358763,Brisbane
358764,Brisbane
358765,Brisbane
358766,Brisbane
358767,Brisbane
358768,Brisbane
358769,Brisbane
358770,Brisbane
358771,Brisbane
358772,Melbourne
358773,Brisbane
358774,Brisbane
358775,Brisbane
358776,Brisbane
358777,Brisbane
358778,Brisbane
358779,Brisbane
358780,Perth
358781,Brisbane
358782,Brisbane
358783,Brisbane
358784,Brisbane
358785,Brisbane
358786,Brisbane
358787,Brisbane
358788,Brisbane
358789,Sydney
358790,Brisbane
358791,Brisbane
358792,Brisbane
358793,Brisbane
358794,Brisbane
358795,Brisbane
358796,Brisbane
358797,Perth
358798,Melbourne
358799,Brisbane
358800,Brisbane
358801,Brisbane
358802,Brisbane
358803,Brisbane
358804,Brisbane
358805,Brisbane
358806,Brisbane
358807,Brisbane
358808,Brisbane
358809,Brisbane
358810,Brisbane
358811,Brisbane
358812,Brisbane
358813,Brisbane
358814,Brisbane
358815,Brisbane
358816,Brisbane
358817,Brisbane
358818,Brisbane
358819,Brisbane
358820,Brisbane
358821,Perth
358822,Brisbane
358823,Brisbane
358824,Brisbane
358825,Brisbane
358826,Brisbane
358827,Brisbane
358828,Brisbane
358829,Brisbane
358830,Brisbane
358831,Brisbane
358832,Brisbane
358833,Brisbane
358834,Brisbane
358835,Brisbane
358836,Brisbane
358837,Brisbane
358838,Brisbane
358839,Brisbane
358840,Brisbane
358841,Brisbane
358842,Brisbane
358843,Brisbane
358844,Brisbane
358845,Sydney
358846,Brisbane
358847,Brisbane
358848,Brisbane
358849,Brisbane
358850,Brisbane
358851,Sydney
358852,Brisbane
358853,Brisbane
358854,Brisbane
358855,Brisbane
358856,Perth
358857,Brisbane
358858,Brisbane
358859,Brisbane
358860,Sydney
358861,Brisbane
358862,Perth
358863,Brisbane
358864,Brisbane
358865,Brisbane
358866,Brisbane
358867,Brisbane
358868,Brisbane
358869,Brisbane
358870,Brisbane
358871,Brisbane
358872,Sydney
358873,Brisbane
358874,Brisbane
358875,Brisbane
358876,Sydney
358877,Brisbane
358878,Brisbane
358879,Brisbane
358880,Brisbane
358881,Brisbane
358882,Brisbane
358883,Brisbane
358884,Brisbane
358885,Brisbane
358886,Brisbane
358887,Brisbane
358888,Brisbane
358889,Brisbane
358890,Sydney
358891,Brisbane
358892,Brisbane
358893,Brisbane
358894,Brisbane
358895,Brisbane
358896,Brisbane
358897,Brisbane
358898,Brisbane
358899,Brisbane
358900,Brisbane
358901,Brisbane
358902,Brisbane
358903,Brisbane
358904,Brisbane
358905,Sydney
358906,Brisbane
358907,Brisbane
358908,Brisbane
358909,Melbourne
358910,Brisbane
358911,Brisbane
358912,Brisbane
358913,Brisbane
358914,Brisbane
358915,Brisbane
358916,Brisbane
358917,Brisbane
358918,Brisbane
358919,Brisbane
358920,Brisbane
358921,Brisbane
358922,Brisbane
358923,Brisbane
358924,Brisbane
358925,Brisbane
358926,Sydney
358927,Brisbane
358928,Brisbane
358929,Sydney
358930,Brisbane
358931,Brisbane
358932,Brisbane
358933,Brisbane
358934,Brisbane
358935,Brisbane
358936,Brisbane
358937,Brisbane
358938,Brisbane
358939,Brisbane
358940,Sydney
358941,Brisbane
358942,Brisbane
358943,Brisbane
358944,Brisbane
358945,Brisbane
358946,Brisbane
358947,Brisbane
358948,Brisbane
358949,Brisbane
358950,Brisbane
358951,Brisbane
358952,Brisbane
358953,Brisbane
358954,Melbourne
358955,Brisbane
358956,Brisbane
358957,Brisbane
358958,Brisbane
358959,Brisbane
358960,Brisbane
358961,Brisbane
358962,Brisbane
358963,Brisbane
358964,Brisbane
358965,Brisbane
358966,Brisbane
358967,Brisbane
358968,Brisbane
358969,Brisbane
358970,Brisbane
358971,Brisbane
358972,Sydney
358973,Brisbane
358974,Brisbane
358975,Sydney
358976,Brisbane
358977,Brisbane
358978,Brisbane
358979,Brisbane
358980,Brisbane
358981,Brisbane
358982,Brisbane
358983,Brisbane
358984,Brisbane
358985,Brisbane
358986,Melbourne
358987,Brisbane
358988,Brisbane
358989,Brisbane
358990,Brisbane
358991,Brisbane
358992,Sydney
358993,Brisbane
358994,Brisbane
358995,Brisbane
358996,Brisbane
358997,Brisbane
358998,Brisbane
358999,Brisbane
359000,Brisbane
359001,Brisbane
359002,Perth
359003,Sydney
359004,Brisbane
359005,Brisbane
359006,Brisbane
359007,Brisbane
359008,Brisbane
359009,Brisbane
359010,Brisbane
359011,Brisbane
359012,Brisbane
359013,Brisbane
359014,Brisbane
359015,Melbourne
359016,Brisbane
359017,Brisbane
359018,Brisbane
359019,Sydney
359020,Brisbane
359021,Brisbane
359022,Sydney
359023,Brisbane
359024,Brisbane
359025,Brisbane
359026,Brisbane
359027,Sydney
359028,Brisbane
359029,Brisbane
359030,Melbourne
359031,Brisbane
359032,Brisbane
359033,Brisbane
359034,Brisbane
359035,Brisbane
359036,Brisbane
359037,Brisbane
359038,Brisbane
359039,Brisbane
359040,Brisbane
359041,Perth
359042,Brisbane
359043,Brisbane
359044,Brisbane
359045,Brisbane
359046,Brisbane
359047,Brisbane
359048,Sydney
359049,Brisbane
359050,Brisbane
359051,Brisbane
359052,Brisbane
359053,Brisbane
359054,Brisbane
359055,Brisbane
359056,Brisbane
359057,Brisbane
359058,Brisbane
359059,Brisbane
359060,Brisbane
359061,Brisbane
359062,Brisbane
359063,Brisbane
359064,Brisbane
359065,Sydney
359066,Sydney
359067,Brisbane
359068,Brisbane
359069,Brisbane
359070,Brisbane
359071,Brisbane
359072,Brisbane
359073,Brisbane
359074,Brisbane
359075,Sydney
359076,Brisbane
359077,Brisbane
359078,Brisbane
359079,Brisbane
359080,Brisbane
359081,Brisbane
359082,Brisbane
359083,Brisbane
359084,Brisbane
359085,Brisbane
359086,Brisbane
359087,Brisbane
359088,Brisbane
359089,Brisbane
359090,Brisbane
359091,Brisbane
359092,Brisbane
359093,Brisbane
359094,Brisbane
359095,Brisbane
359096,Brisbane
359097,Perth
359098,Brisbane
359099,Brisbane
359100,Melbourne
359101,Brisbane
359102,Brisbane
359103,Brisbane
359104,Brisbane
359105,Brisbane
359106,Brisbane
359107,Brisbane
359108,Sydney
359109,Brisbane
359110,Brisbane
359111,Brisbane
359112,Sydney
359113,Sydney
359114,Brisbane
359115,Brisbane
359116,Brisbane
359117,Brisbane
359118,Brisbane
359119,Brisbane
359120,Perth
359121,Brisbane
359122,Brisbane
359123,Brisbane
359124,Brisbane
359125,Perth
359126,Brisbane
359127,Perth
359128,Brisbane
359129,Brisbane
359130,Brisbane
359131,Brisbane
359132,Brisbane
359133,Brisbane
359134,Brisbane
359135,Brisbane
359136,Brisbane
359137,Brisbane
359138,Brisbane
359139,Brisbane
359140,Brisbane
359141,Brisbane
359142,Brisbane
359143,Brisbane
359144,Brisbane
359145,Brisbane
359146,Sydney
359147,Brisbane
359148,Brisbane
359149,Brisbane
359150,Brisbane
359151,Brisbane
359152,Brisbane
359153,Brisbane
359154,Brisbane
359155,Brisbane
359156,Brisbane
359157,Brisbane
359158,Brisbane
359159,Brisbane
359160,Brisbane
359161,Brisbane
359162,Brisbane
359163,Brisbane
359164,Brisbane
359165,Brisbane
359166,Brisbane
359167,Brisbane
359168,Brisbane
359169,Brisbane
359170,Brisbane
359171,Brisbane
359172,Brisbane
359173,Brisbane
359174,Brisbane
359175,Brisbane
359176,Brisbane
359177,Sydney
359178,Brisbane
359179,Brisbane
359180,Brisbane
359181,Brisbane
359182,Brisbane
359183,Brisbane
359184,Brisbane
359185,Brisbane
359186,Brisbane
359187,Brisbane
359188,Brisbane
359189,Brisbane
359190,Brisbane
359191,Brisbane
359192,Brisbane
359193,Brisbane
359194,Brisbane
359195,Brisbane
359196,Brisbane
359197,Sydney
359198,Brisbane
359199,Brisbane
359200,Brisbane
359201,Brisbane
359202,Brisbane
359203,Brisbane
359204,Perth
359205,Brisbane
359206,Brisbane
359207,Brisbane
359208,Melbourne
359209,Brisbane
359210,Perth
359211,Brisbane
359212,Brisbane
359213,Brisbane
359214,Brisbane
359215,Brisbane
359216,Brisbane
359217,Brisbane
359218,Brisbane
359219,Brisbane
359220,Brisbane
359221,Melbourne
359222,Brisbane
359223,Brisbane
359224,Brisbane
359225,Brisbane
359226,Brisbane
359227,Brisbane
359228,Melbourne
359229,Brisbane
359230,Brisbane
359231,Brisbane
359232,Brisbane
359233,Brisbane
359234,Brisbane
359235,Brisbane
359236,Brisbane
359237,Brisbane
359238,Brisbane
359239,Sydney
359240,Brisbane
359241,Brisbane
359242,Brisbane
359243,Brisbane
359244,Brisbane
359245,Brisbane
359246,Sydney
359247,Brisbane
359248,Brisbane
359249,Brisbane
359250,Brisbane
359251,Brisbane
359252,Brisbane
359253,Melbourne
359254,Brisbane
359255,Brisbane
359256,Brisbane
359257,Brisbane
359258,Brisbane
359259,Brisbane
359260,Brisbane
359261,Brisbane
359262,Brisbane
359263,Brisbane
359264,Brisbane
359265,Brisbane
359266,Brisbane
359267,Brisbane
359268,Brisbane
359269,Brisbane
359270,Brisbane
359271,Brisbane
359272,Brisbane
359273,Perth
359274,Brisbane
359275,Brisbane
359276,Brisbane
359277,Brisbane
359278,Brisbane
359279,Melbourne
359280,Sydney
359281,Brisbane
359282,Brisbane
359283,Brisbane
359284,Brisbane
359285,Melbourne
359286,Brisbane
359287,Brisbane
359288,Brisbane
359289,Brisbane
359290,Perth
359291,Brisbane
359292,Brisbane
359293,Brisbane
359294,Brisbane
359295,Sydney
359296,Brisbane
359297,Brisbane
359298,Brisbane
359299,Sydney
359300,Melbourne
359301,Perth
359302,Brisbane
359303,Brisbane
359304,Melbourne
359305,Brisbane
359306,Brisbane
359307,Brisbane
359308,Perth
359309,Brisbane
359310,Brisbane
359311,Brisbane
359312,Brisbane
359313,Brisbane
359314,Brisbane
359315,Brisbane
359316,Brisbane
359317,Brisbane
359318,Brisbane
359319,Melbourne
359320,Brisbane
359321,Brisbane
359322,Sydney
359323,Brisbane
359324,Brisbane
359325,Brisbane
359326,Brisbane
359327,Brisbane
359328,Brisbane
359329,Brisbane
359330,Brisbane
359331,Brisbane
359332,Brisbane
359333,Brisbane
359334,Sydney
359335,Sydney
359336,Brisbane
359337,Sydney
359338,Brisbane
359339,Perth
359340,Brisbane
359341,Brisbane
359342,Brisbane
359343,Brisbane
359344,Brisbane
359345,Brisbane
359346,Brisbane
359347,Brisbane
359348,Brisbane
359349,Perth
359350,Brisbane
359351,Brisbane
359352,Brisbane
359353,Brisbane
359354,Perth
359355,Brisbane
359356,Brisbane
359357,Brisbane
359358,Brisbane
359359,Brisbane
359360,Brisbane
359361,Brisbane
359362,Brisbane
359363,Brisbane
359364,Sydney
359365,Brisbane
359366,Brisbane
359367,Brisbane
359368,Brisbane
359369,Brisbane
359370,Brisbane
359371,Brisbane
359372,Brisbane
359373,Brisbane
359374,Brisbane
359375,Brisbane
359376,Brisbane
359377,Brisbane
359378,Brisbane
359379,Brisbane
359380,Brisbane
359381,Brisbane
359382,Melbourne
359383,Brisbane
359384,Brisbane
359385,Brisbane
359386,Brisbane
359387,Brisbane
359388,Brisbane
359389,Brisbane
359390,Brisbane
359391,Brisbane
359392,Brisbane
359393,Brisbane
359394,Brisbane
359395,Brisbane
359396,Brisbane
359397,Brisbane
359398,Brisbane
359399,Brisbane
359400,Brisbane
359401,Brisbane
359402,Brisbane
359403,Perth
359404,Brisbane
359405,Brisbane
359406,Brisbane
359407,Brisbane
359408,Brisbane
359409,Brisbane
359410,Brisbane
359411,Brisbane
359412,Brisbane
359413,Brisbane
359414,Brisbane
359415,Brisbane
359416,Brisbane
359417,Melbourne
359418,Brisbane
359419,Brisbane
359420,Perth
359421,Melbourne
359422,Brisbane
359423,Brisbane
359424,Brisbane
359425,Brisbane
359426,Brisbane
359427,Brisbane
359428,Brisbane
359429,Brisbane
359430,Perth
359431,Brisbane
359432,Brisbane
359433,Brisbane
359434,Brisbane
359435,Brisbane
359436,Brisbane
359437,Brisbane
359438,Brisbane
359439,Brisbane
359440,Melbourne
359441,Brisbane
359442,Brisbane
359443,Sydney
359444,Sydney
359445,Brisbane
359446,Brisbane
359447,Brisbane
359448,Brisbane
359449,Brisbane
359450,Brisbane
359451,Brisbane
359452,Brisbane
359453,Brisbane
359454,Brisbane
359455,Brisbane
359456,Brisbane
359457,Brisbane
359458,Brisbane
359459,Brisbane
359460,Brisbane
359461,Melbourne
359462,Brisbane
359463,Brisbane
359464,Brisbane
359465,Brisbane
359466,Brisbane
359467,Brisbane
359468,Brisbane
359469,Brisbane
359470,Brisbane
359471,Perth
359472,Brisbane
359473,Brisbane
359474,Melbourne
359475,Brisbane
359476,Brisbane
359477,Brisbane
359478,Sydney
359479,Brisbane
359480,Brisbane
359481,Brisbane
359482,Sydney
359483,Brisbane
359484,Brisbane
359485,Brisbane
359486,Brisbane
359487,Brisbane
359488,Brisbane
359489,Brisbane
359490,Brisbane
359491,Brisbane
359492,Brisbane
359493,Brisbane
359494,Sydney
359495,Perth
359496,Brisbane
359497,Brisbane
359498,Brisbane
359499,Brisbane
359500,Brisbane
359501,Perth
359502,Perth
359503,Brisbane
359504,Brisbane
359505,Brisbane
359506,Brisbane
359507,Brisbane
359508,Perth
359509,Brisbane
359510,Brisbane
359511,Melbourne
359512,Brisbane
359513,Brisbane
359514,Brisbane
359515,Brisbane
359516,Brisbane
359517,Brisbane
359518,Brisbane
359519,Brisbane
359520,Brisbane
359521,Brisbane
359522,Brisbane
359523,Brisbane
359524,Brisbane
359525,Brisbane
359526,Brisbane
359527,Brisbane
359528,Brisbane
359529,Brisbane
359530,Brisbane
359531,Melbourne
359532,Perth
359533,Brisbane
359534,Brisbane
359535,Brisbane
359536,Brisbane
359537,Brisbane
359538,Brisbane
359539,Brisbane
359540,Brisbane
359541,Brisbane
359542,Brisbane
359543,Brisbane
359544,Perth
359545,Sydney
359546,Brisbane
359547,Brisbane
359548,Brisbane
359549,Brisbane
359550,Brisbane
359551,Brisbane
359552,Brisbane
359553,Melbourne
359554,Melbourne
359555,Brisbane
359556,Brisbane
359557,Perth
359558,Brisbane
359559,Brisbane
359560,Brisbane
359561,Brisbane
359562,Brisbane
359563,Brisbane
359564,Brisbane
359565,Brisbane
359566,Brisbane
359567,Brisbane
359568,Brisbane
359569,Perth
359570,Brisbane
359571,Brisbane
359572,Brisbane
359573,Brisbane
359574,Brisbane
359575,Brisbane
359576,Brisbane
359577,Brisbane
359578,Brisbane
359579,Brisbane
359580,Brisbane
359581,Melbourne
359582,Brisbane
359583,Perth
359584,Brisbane
359585,Brisbane
359586,Brisbane
359587,Brisbane
359588,Brisbane
359589,Brisbane
359590,Brisbane
359591,Brisbane
359592,Brisbane
359593,Brisbane
359594,Brisbane
359595,Brisbane
359596,Brisbane
359597,Sydney
359598,Brisbane
359599,Brisbane
359600,Brisbane
359601,Brisbane
359602,Sydney
359603,Brisbane
359604,Brisbane
359605,Brisbane
359606,Brisbane
359607,Brisbane
359608,Brisbane
359609,Brisbane
359610,Brisbane
359611,Brisbane
359612,Brisbane
359613,Brisbane
359614,Brisbane
359615,Brisbane
359616,Brisbane
359617,Brisbane
359618,Brisbane
359619,Melbourne
359620,Brisbane
359621,Brisbane
359622,Brisbane
359623,Brisbane
359624,Brisbane
359625,Brisbane
359626,Brisbane
359627,Sydney
359628,Brisbane
359629,Brisbane
359630,Brisbane
359631,Brisbane
359632,Brisbane
359633,Brisbane
359634,Brisbane
359635,Brisbane
359636,Brisbane
359637,Brisbane
359638,Perth
359639,Brisbane
359640,Brisbane
359641,Brisbane
359642,Perth
359643,Brisbane
359644,Brisbane
359645,Brisbane
359646,Brisbane
359647,Brisbane
359648,Brisbane
359649,Brisbane
359650,Brisbane
359651,Brisbane
359652,Brisbane
359653,Brisbane
359654,Brisbane
359655,Brisbane
359656,Brisbane
359657,Brisbane
359658,Brisbane
359659,Sydney
359660,Brisbane
359661,Brisbane
359662,Brisbane
359663,Brisbane
359664,Brisbane
359665,Brisbane
359666,Brisbane
359667,Brisbane
359668,Brisbane
359669,Melbourne
359670,Brisbane
359671,Brisbane
359672,Brisbane
359673,Brisbane
359674,Brisbane
359675,Sydney
359676,Brisbane
359677,Brisbane
359678,Brisbane
359679,Brisbane
359680,Brisbane
359681,Brisbane
359682,Brisbane
359683,Perth
359684,Brisbane
359685,Brisbane
359686,Brisbane
359687,Brisbane
359688,Melbourne
359689,Brisbane
359690,Brisbane
359691,Perth
359692,Brisbane
359693,Sydney
359694,Brisbane
359695,Brisbane
359696,Brisbane
359697,Brisbane
359698,Brisbane
359699,Brisbane
359700,Brisbane
359701,Brisbane
359702,Brisbane
359703,Brisbane
359704,Brisbane
359705,Brisbane
359706,Brisbane
359707,Brisbane
359708,Brisbane
359709,Brisbane
359710,Brisbane
359711,Brisbane
359712,Brisbane
359713,Brisbane
359714,Brisbane
359715,Brisbane
359716,Brisbane
359717,Sydney
359718,Brisbane
359719,Brisbane
359720,Melbourne
359721,Brisbane
359722,Brisbane
359723,Perth
359724,Sydney
359725,Brisbane
359726,Brisbane
359727,Brisbane
359728,Brisbane
359729,Brisbane
359730,Brisbane
359731,Brisbane
359732,Brisbane
359733,Brisbane
359734,Brisbane
359735,Brisbane
359736,Brisbane
359737,Brisbane
359738,Brisbane
359739,Brisbane
359740,Brisbane
359741,Melbourne
359742,Brisbane
359743,Brisbane
359744,Brisbane
359745,Brisbane
359746,Brisbane
359747,Brisbane
359748,Brisbane
359749,Brisbane
359750,Brisbane
359751,Brisbane
359752,Brisbane
359753,Brisbane
359754,Brisbane
359755,Brisbane
359756,Brisbane
359757,Brisbane
359758,Brisbane
359759,Brisbane
359760,Brisbane
359761,Brisbane
359762,Brisbane
359763,Brisbane
359764,Perth
359765,Brisbane
359766,Brisbane
359767,Brisbane
359768,Brisbane
359769,Brisbane
359770,Brisbane
359771,Brisbane
359772,Brisbane
359773,Brisbane
359774,Brisbane
359775,Brisbane
359776,Brisbane
359777,Brisbane
359778,Brisbane
359779,Brisbane
359780,Perth
359781,Brisbane
359782,Brisbane
359783,Brisbane
359784,Brisbane
359785,Brisbane
359786,Brisbane
359787,Sydney
359788,Brisbane
359789,Brisbane
359790,Brisbane
359791,Sydney
359792,Brisbane
359793,Brisbane
359794,Sydney
359795,Brisbane
359796,Melbourne
359797,Brisbane
359798,Brisbane
359799,Brisbane
359800,Brisbane
359801,Brisbane
359802,Brisbane
359803,Brisbane
359804,Brisbane
359805,Brisbane
359806,Brisbane
359807,Brisbane
359808,Brisbane
359809,Sydney
359810,Sydney
359811,Brisbane
359812,Brisbane
359813,Melbourne
359814,Brisbane
359815,Brisbane
359816,Brisbane
359817,Brisbane
359818,Sydney
359819,Brisbane
359820,Brisbane
359821,Brisbane
359822,Brisbane
359823,Brisbane
359824,Brisbane
359825,Brisbane
359826,Brisbane
359827,Brisbane
359828,Brisbane
359829,Brisbane
359830,Brisbane
359831,Brisbane
359832,Brisbane
359833,Brisbane
359834,Sydney
359835,Brisbane
359836,Brisbane
359837,Brisbane
359838,Brisbane
359839,Brisbane
359840,Brisbane
359841,Brisbane
359842,Brisbane
359843,Brisbane
359844,Perth
359845,Brisbane
359846,Brisbane
359847,Brisbane
359848,Brisbane
359849,Sydney
359850,Brisbane
359851,Brisbane
359852,Brisbane
359853,Brisbane
359854,Brisbane
359855,Brisbane
359856,Perth
359857,Brisbane
359858,Brisbane
359859,Brisbane
359860,Brisbane
359861,Brisbane
359862,Melbourne
359863,Brisbane
359864,Brisbane
359865,Brisbane
359866,Brisbane
359867,Brisbane
359868,Brisbane
359869,Brisbane
359870,Sydney
359871,Brisbane
359872,Sydney
359873,Sydney
359874,Brisbane
359875,Brisbane
359876,Brisbane
359877,Brisbane
359878,Brisbane
359879,Melbourne
359880,Brisbane
359881,Brisbane
359882,Brisbane
359883,Brisbane
359884,Brisbane
359885,Brisbane
359886,Brisbane
359887,Brisbane
359888,Brisbane
359889,Brisbane
359890,Brisbane
359891,Brisbane
359892,Brisbane
359893,Brisbane
359894,Brisbane
359895,Brisbane
359896,Brisbane
359897,Brisbane
359898,Brisbane
359899,Brisbane
359900,Brisbane
359901,Brisbane
359902,Brisbane
359903,Brisbane
359904,Brisbane
359905,Brisbane
359906,Brisbane
359907,Brisbane
359908,Perth
359909,Brisbane
359910,Brisbane
359911,Brisbane
359912,Brisbane
359913,Brisbane
359914,Brisbane
359915,Brisbane
359916,Brisbane
359917,Brisbane
359918,Perth
359919,Brisbane
359920,Brisbane
359921,Brisbane
359922,Brisbane
359923,Brisbane
359924,Brisbane
359925,Brisbane
359926,Perth
359927,Brisbane
359928,Brisbane
359929,Brisbane
359930,Brisbane
359931,Brisbane
359932,Brisbane
359933,Brisbane
359934,Brisbane
359935,Brisbane
359936,Brisbane
359937,Brisbane
359938,Brisbane
359939,Brisbane
359940,Sydney
359941,Brisbane
359942,Brisbane
359943,Brisbane
359944,Brisbane
359945,Brisbane
359946,Brisbane
359947,Brisbane
359948,Perth
359949,Brisbane
359950,Sydney
359951,Melbourne
359952,Brisbane
359953,Brisbane
359954,Brisbane
359955,Brisbane
359956,Brisbane
359957,Brisbane
359958,Brisbane
359959,Brisbane
359960,Brisbane
359961,Brisbane
359962,Brisbane
359963,Brisbane
359964,Brisbane
359965,Brisbane
359966,Brisbane
359967,Brisbane
359968,Brisbane
359969,Brisbane
359970,Brisbane
359971,Brisbane
359972,Brisbane
359973,Sydney
359974,Brisbane
359975,Brisbane
359976,Brisbane
359977,Brisbane
359978,Sydney
359979,Perth
359980,Brisbane
359981,Brisbane
359982,Brisbane
359983,Brisbane
359984,Brisbane
359985,Brisbane
359986,Brisbane
359987,Brisbane
359988,Perth
359989,Brisbane
359990,Brisbane
359991,Brisbane
359992,Brisbane
359993,Brisbane
359994,Brisbane
359995,Brisbane
359996,Brisbane
359997,Brisbane
359998,Brisbane
359999,Brisbane
360000,Brisbane
360001,Brisbane
360002,Brisbane
360003,Brisbane
360004,Brisbane
360005,Brisbane
360006,Brisbane
360007,Brisbane
360008,Brisbane
360009,Brisbane
360010,Brisbane
360011,Brisbane
360012,Brisbane
360013,Brisbane
360014,Brisbane
360015,Brisbane
360016,Sydney
360017,Brisbane
360018,Brisbane
360019,Brisbane
360020,Brisbane
360021,Brisbane
360022,Brisbane
360023,Brisbane
360024,Brisbane
360025,Perth
360026,Brisbane
360027,Brisbane
360028,Brisbane
360029,Brisbane
360030,Brisbane
360031,Sydney
360032,Brisbane
360033,Brisbane
360034,Brisbane
360035,Brisbane
360036,Brisbane
360037,Brisbane
360038,Brisbane
360039,Brisbane
360040,Brisbane
360041,Brisbane
360042,Sydney
360043,Brisbane
360044,Brisbane
360045,Brisbane
360046,Brisbane
360047,Brisbane
360048,Brisbane
360049,Brisbane
360050,Brisbane
360051,Brisbane
360052,Brisbane
360053,Brisbane
360054,Brisbane
360055,Perth
360056,Brisbane
360057,Melbourne
360058,Brisbane
360059,Brisbane
360060,Brisbane
360061,Brisbane
360062,Brisbane
360063,Sydney
360064,Brisbane
360065,Brisbane
360066,Brisbane
360067,Brisbane
360068,Brisbane
360069,Perth
360070,Brisbane
360071,Brisbane
360072,Brisbane
360073,Sydney
360074,Brisbane
360075,Brisbane
360076,Brisbane
360077,Brisbane
360078,Brisbane
360079,Brisbane
360080,Brisbane
360081,Brisbane
360082,Brisbane
360083,Brisbane
360084,Brisbane
360085,Brisbane
360086,Brisbane
360087,Brisbane
360088,Brisbane
360089,Brisbane
360090,Brisbane
360091,Brisbane
360092,Brisbane
360093,Perth
360094,Brisbane
360095,Brisbane
360096,Brisbane
360097,Brisbane
360098,Brisbane
360099,Brisbane
360100,Brisbane
360101,Brisbane
360102,Brisbane
360103,Brisbane
360104,Brisbane
360105,Brisbane
360106,Brisbane
360107,Brisbane
360108,Brisbane
360109,Brisbane
360110,Melbourne
360111,Brisbane
360112,Brisbane
360113,Brisbane
360114,Brisbane
360115,Brisbane
360116,Brisbane
360117,Brisbane
360118,Brisbane
360119,Brisbane
360120,Brisbane
360121,Brisbane
360122,Sydney
360123,Brisbane
360124,Perth
360125,Perth
360126,Perth
360127,Brisbane
360128,Brisbane
360129,Sydney
360130,Brisbane
360131,Perth
360132,Brisbane
360133,Brisbane
360134,Brisbane
360135,Brisbane
360136,Brisbane
360137,Brisbane
360138,Brisbane
360139,Brisbane
360140,Brisbane
360141,Brisbane
360142,Brisbane
360143,Brisbane
360144,Brisbane
360145,Brisbane
360146,Brisbane
360147,Perth
360148,Sydney
360149,Brisbane
360150,Perth
360151,Brisbane
360152,Brisbane
360153,Brisbane
360154,Brisbane
360155,Brisbane
360156,Brisbane
360157,Brisbane
360158,Brisbane
360159,Sydney
360160,Brisbane
360161,Brisbane
360162,Brisbane
360163,Melbourne
360164,Brisbane
360165,Brisbane
360166,Brisbane
360167,Brisbane
360168,Brisbane
360169,Brisbane
360170,Brisbane
360171,Brisbane
360172,Brisbane
360173,Brisbane
360174,Brisbane
360175,Brisbane
360176,Melbourne
360177,Brisbane
360178,Perth
360179,Brisbane
360180,Brisbane
360181,Brisbane
360182,Brisbane
360183,Brisbane
360184,Brisbane
360185,Brisbane
360186,Sydney
360187,Brisbane
360188,Sydney
360189,Brisbane
360190,Brisbane
360191,Brisbane
360192,Brisbane
360193,Brisbane
360194,Brisbane
360195,Brisbane
360196,Brisbane
360197,Brisbane
360198,Brisbane
360199,Sydney
360200,Brisbane
360201,Brisbane
360202,Brisbane
360203,Brisbane
360204,Sydney
360205,Brisbane
360206,Brisbane
360207,Brisbane
360208,Brisbane
360209,Brisbane
360210,Brisbane
360211,Brisbane
360212,Brisbane
360213,Brisbane
360214,Brisbane
360215,Brisbane
360216,Brisbane
360217,Brisbane
360218,Brisbane
360219,Brisbane
360220,Brisbane
360221,Brisbane
360222,Brisbane
360223,Brisbane
360224,Brisbane
360225,Brisbane
360226,Perth
360227,Brisbane
360228,Brisbane
360229,Brisbane
360230,Brisbane
360231,Brisbane
360232,Melbourne
360233,Brisbane
360234,Brisbane
360235,Brisbane
360236,Sydney
360237,Brisbane
360238,Brisbane
360239,Brisbane
360240,Brisbane
360241,Sydney
360242,Brisbane
360243,Brisbane
360244,Brisbane
360245,Brisbane
360246,Brisbane
360247,Brisbane
360248,Brisbane
360249,Brisbane
360250,Brisbane
360251,Brisbane
360252,Brisbane
360253,Brisbane
360254,Brisbane
360255,Brisbane
360256,Brisbane
360257,Brisbane
360258,Brisbane
360259,Melbourne
360260,Brisbane
360261,Brisbane
360262,Brisbane
360263,Brisbane
360264,Brisbane
360265,Brisbane
360266,Brisbane
360267,Brisbane
360268,Brisbane
360269,Brisbane
360270,Sydney
360271,Brisbane
360272,Brisbane
360273,Brisbane
360274,Brisbane
360275,Brisbane
360276,Brisbane
360277,Brisbane
360278,Brisbane
360279,Sydney
360280,Brisbane
360281,Sydney
360282,Brisbane
360283,Brisbane
360284,Brisbane
360285,Brisbane
360286,Brisbane
360287,Brisbane
360288,Brisbane
360289,Brisbane
360290,Brisbane
360291,Brisbane
360292,Brisbane
360293,Perth
360294,Brisbane
360295,Brisbane
360296,Brisbane
360297,Brisbane
360298,Brisbane
360299,Brisbane
360300,Brisbane
360301,Brisbane
360302,Brisbane
360303,Brisbane
360304,Brisbane
360305,Brisbane
360306,Brisbane
360307,Brisbane
360308,Brisbane
360309,Brisbane
360310,Brisbane
360311,Brisbane
360312,Brisbane
360313,Brisbane
360314,Brisbane
360315,Brisbane
360316,Melbourne
360317,Brisbane
360318,Brisbane
360319,Brisbane
360320,Sydney
360321,Brisbane
360322,Brisbane
360323,Brisbane
360324,Brisbane
360325,Brisbane
360326,Brisbane
360327,Brisbane
360328,Perth
360329,Brisbane
360330,Brisbane
360331,Perth
360332,Brisbane
360333,Brisbane
360334,Brisbane
360335,Brisbane
360336,Brisbane
360337,Brisbane
360338,Brisbane
360339,Brisbane
360340,Brisbane
360341,Perth
360342,Brisbane
360343,Brisbane
360344,Brisbane
360345,Brisbane
360346,Brisbane
360347,Brisbane
360348,Brisbane
360349,Brisbane
360350,Brisbane
360351,Brisbane
360352,Brisbane
360353,Brisbane
360354,Sydney
360355,Brisbane
360356,Brisbane
360357,Brisbane
360358,Brisbane
360359,Brisbane
360360,Sydney
360361,Brisbane
360362,Brisbane
360363,Brisbane
360364,Brisbane
360365,Brisbane
360366,Perth
360367,Melbourne
360368,Brisbane
360369,Sydney
360370,Brisbane
360371,Sydney
360372,Brisbane
360373,Brisbane
360374,Brisbane
360375,Brisbane
360376,Brisbane
360377,Brisbane
360378,Perth
360379,Brisbane
360380,Brisbane
360381,Brisbane
360382,Brisbane
360383,Brisbane
360384,Brisbane
360385,Brisbane
360386,Brisbane
360387,Brisbane
360388,Brisbane
360389,Brisbane
360390,Brisbane
360391,Brisbane
360392,Brisbane
360393,Brisbane
360394,Brisbane
360395,Brisbane
360396,Brisbane
360397,Brisbane
360398,Brisbane
360399,Melbourne
360400,Brisbane
360401,Brisbane
360402,Brisbane
360403,Brisbane
360404,Brisbane
360405,Brisbane
360406,Brisbane
360407,Brisbane
360408,Perth
360409,Brisbane
360410,Brisbane
360411,Brisbane
360412,Brisbane
360413,Brisbane
360414,Brisbane
360415,Brisbane
360416,Brisbane
360417,Brisbane
360418,Perth
360419,Brisbane
360420,Brisbane
360421,Melbourne
360422,Brisbane
360423,Brisbane
360424,Sydney
360425,Brisbane
360426,Perth
360427,Brisbane
360428,Perth
360429,Brisbane
360430,Brisbane
360431,Sydney
360432,Brisbane
360433,Brisbane
360434,Brisbane
360435,Brisbane
360436,Brisbane
360437,Brisbane
360438,Brisbane
360439,Brisbane
360440,Brisbane
360441,Brisbane
360442,Brisbane
360443,Brisbane
360444,Brisbane
360445,Brisbane
360446,Brisbane
360447,Brisbane
360448,Brisbane
360449,Perth
360450,Brisbane
360451,Brisbane
360452,Brisbane
360453,Brisbane
360454,Brisbane
360455,Brisbane
360456,Brisbane
360457,Brisbane
360458,Brisbane
360459,Brisbane
360460,Brisbane
360461,Sydney
360462,Brisbane
360463,Brisbane
360464,Brisbane
360465,Brisbane
360466,Brisbane
360467,Brisbane
360468,Brisbane
360469,Brisbane
360470,Brisbane
360471,Brisbane
360472,Brisbane
360473,Brisbane
360474,Brisbane
360475,Brisbane
360476,Sydney
360477,Brisbane
360478,Brisbane
360479,Brisbane
360480,Brisbane
360481,Brisbane
360482,Brisbane
360483,Brisbane
360484,Brisbane
360485,Brisbane
360486,Brisbane
360487,Brisbane
360488,Brisbane
360489,Brisbane
360490,Brisbane
360491,Brisbane
360492,Brisbane
360493,Brisbane
360494,Brisbane
360495,Brisbane
360496,Brisbane
360497,Melbourne
360498,Brisbane
360499,Brisbane
360500,Brisbane
360501,Brisbane
360502,Melbourne
360503,Brisbane
360504,Brisbane
360505,Brisbane
360506,Sydney
360507,Brisbane
360508,Brisbane
360509,Brisbane
360510,Brisbane
360511,Brisbane
360512,Brisbane
360513,Brisbane
360514,Brisbane
360515,Brisbane
360516,Brisbane
360517,Brisbane
360518,Brisbane
360519,Brisbane
360520,Brisbane
360521,Sydney
360522,Brisbane
360523,Brisbane
360524,Brisbane
360525,Brisbane
360526,Brisbane
360527,Perth
360528,Brisbane
360529,Brisbane
360530,Brisbane
360531,Brisbane
360532,Brisbane
360533,Brisbane
360534,Brisbane
360535,Brisbane
360536,Brisbane
360537,Brisbane
360538,Brisbane
360539,Brisbane
360540,Brisbane
360541,Brisbane
360542,Brisbane
360543,Brisbane
360544,Brisbane
360545,Brisbane
360546,Brisbane
360547,Brisbane
360548,Brisbane
360549,Brisbane
360550,Brisbane
360551,Brisbane
360552,Brisbane
360553,Brisbane
360554,Brisbane
360555,Brisbane
360556,Brisbane
360557,Brisbane
360558,Brisbane
360559,Brisbane
360560,Brisbane
360561,Brisbane
360562,Brisbane
360563,Brisbane
360564,Brisbane
360565,Brisbane
360566,Sydney
360567,Brisbane
360568,Brisbane
360569,Brisbane
360570,Brisbane
360571,Brisbane
360572,Brisbane
360573,Brisbane
360574,Brisbane
360575,Brisbane
360576,Brisbane
360577,Brisbane
360578,Brisbane
360579,Brisbane
360580,Brisbane
360581,Brisbane
360582,Brisbane
360583,Brisbane
360584,Brisbane
360585,Brisbane
360586,Brisbane
360587,Brisbane
360588,Brisbane
360589,Brisbane
360590,Brisbane
360591,Brisbane
360592,Brisbane
360593,Brisbane
360594,Brisbane
360595,Brisbane
360596,Brisbane
360597,Perth
360598,Brisbane
360599,Brisbane
360600,Brisbane
360601,Brisbane
360602,Brisbane
360603,Brisbane
360604,Melbourne
360605,Brisbane
360606,Brisbane
360607,Brisbane
360608,Brisbane
360609,Brisbane
360610,Brisbane
360611,Brisbane
360612,Brisbane
360613,Brisbane
360614,Brisbane
360615,Brisbane
360616,Brisbane
360617,Perth
360618,Brisbane
360619,Brisbane
360620,Brisbane
360621,Sydney
360622,Brisbane
360623,Brisbane
360624,Brisbane
360625,Brisbane
360626,Brisbane
360627,Brisbane
360628,Brisbane
360629,Brisbane
360630,Brisbane
360631,Brisbane
360632,Brisbane
360633,Brisbane
360634,Brisbane
360635,Brisbane
360636,Brisbane
360637,Brisbane
360638,Brisbane
360639,Melbourne
360640,Brisbane
360641,Brisbane
360642,Brisbane
360643,Brisbane
360644,Brisbane
360645,Brisbane
360646,Sydney
360647,Brisbane
360648,Brisbane
360649,Perth
360650,Sydney
360651,Brisbane
360652,Melbourne
360653,Sydney
360654,Brisbane
360655,Brisbane
360656,Brisbane
360657,Brisbane
360658,Brisbane
360659,Brisbane
360660,Brisbane
360661,Brisbane
360662,Brisbane
360663,Melbourne
360664,Brisbane
360665,Brisbane
360666,Brisbane
360667,Brisbane
360668,Brisbane
360669,Brisbane
360670,Perth
360671,Brisbane
360672,Brisbane
360673,Sydney
360674,Brisbane
360675,Brisbane
360676,Brisbane
360677,Brisbane
360678,Brisbane
360679,Brisbane
360680,Brisbane
360681,Brisbane
360682,Brisbane
360683,Brisbane
360684,Brisbane
360685,Brisbane
360686,Brisbane
360687,Brisbane
360688,Brisbane
360689,Brisbane
360690,Brisbane
360691,Brisbane
360692,Brisbane
360693,Brisbane
360694,Brisbane
360695,Brisbane
360696,Brisbane
360697,Brisbane
360698,Brisbane
360699,Brisbane
360700,Brisbane
360701,Perth
360702,Perth
360703,Brisbane
360704,Brisbane
360705,Brisbane
360706,Brisbane
360707,Brisbane
360708,Brisbane
360709,Brisbane
360710,Brisbane
360711,Brisbane
360712,Brisbane
360713,Sydney
360714,Brisbane
360715,Brisbane
360716,Brisbane
360717,Brisbane
360718,Brisbane
360719,Brisbane
360720,Brisbane
360721,Sydney
360722,Melbourne
360723,Brisbane
360724,Brisbane
360725,Brisbane
360726,Melbourne
360727,Brisbane
360728,Brisbane
360729,Brisbane
360730,Brisbane
360731,Brisbane
360732,Brisbane
360733,Brisbane
360734,Perth
360735,Brisbane
360736,Brisbane
360737,Melbourne
360738,Brisbane
360739,Brisbane
360740,Sydney
360741,Melbourne
360742,Brisbane
360743,Brisbane
360744,Brisbane
360745,Brisbane
360746,Brisbane
360747,Brisbane
360748,Brisbane
360749,Brisbane
360750,Brisbane
360751,Brisbane
360752,Brisbane
360753,Perth
360754,Brisbane
360755,Brisbane
360756,Brisbane
360757,Sydney
360758,Brisbane
360759,Brisbane
360760,Brisbane
360761,Brisbane
360762,Brisbane
360763,Brisbane
360764,Brisbane
360765,Brisbane
360766,Brisbane
360767,Brisbane
360768,Brisbane
360769,Brisbane
360770,Brisbane
360771,Brisbane
360772,Brisbane
360773,Brisbane
360774,Brisbane
360775,Brisbane
360776,Perth
360777,Brisbane
360778,Brisbane
360779,Brisbane
360780,Sydney
360781,Brisbane
360782,Sydney
360783,Brisbane
360784,Brisbane
360785,Brisbane
360786,Brisbane
360787,Melbourne
360788,Brisbane
360789,Brisbane
360790,Brisbane
360791,Brisbane
360792,Brisbane
360793,Brisbane
360794,Brisbane
360795,Brisbane
360796,Brisbane
360797,Brisbane
360798,Brisbane
360799,Brisbane
360800,Brisbane
360801,Brisbane
360802,Brisbane
360803,Brisbane
360804,Brisbane
360805,Brisbane
360806,Brisbane
360807,Brisbane
360808,Brisbane
360809,Melbourne
360810,Brisbane
360811,Brisbane
360812,Sydney
360813,Brisbane
360814,Brisbane
360815,Brisbane
360816,Brisbane
360817,Brisbane
360818,Brisbane
360819,Perth
360820,Brisbane
360821,Brisbane
360822,Perth
360823,Brisbane
360824,Melbourne
360825,Brisbane
360826,Brisbane
360827,Brisbane
360828,Brisbane
360829,Perth
360830,Brisbane
360831,Brisbane
360832,Sydney
360833,Brisbane
360834,Brisbane
360835,Brisbane
360836,Brisbane
360837,Brisbane
360838,Brisbane
360839,Brisbane
360840,Brisbane
360841,Brisbane
360842,Sydney
360843,Brisbane
360844,Brisbane
360845,Brisbane
360846,Brisbane
360847,Brisbane
360848,Brisbane
360849,Brisbane
360850,Brisbane
360851,Brisbane
360852,Brisbane
360853,Brisbane
360854,Brisbane
360855,Brisbane
360856,Brisbane
360857,Melbourne
360858,Brisbane
360859,Brisbane
360860,Brisbane
360861,Brisbane
360862,Brisbane
360863,Brisbane
360864,Brisbane
360865,Brisbane
360866,Brisbane
360867,Brisbane
360868,Brisbane
360869,Brisbane
360870,Brisbane
360871,Brisbane
360872,Brisbane
360873,Brisbane
360874,Brisbane
360875,Brisbane
360876,Brisbane
360877,Brisbane
360878,Brisbane
360879,Brisbane
360880,Brisbane
360881,Sydney
360882,Brisbane
360883,Brisbane
360884,Brisbane
360885,Brisbane
360886,Brisbane
360887,Melbourne
360888,Brisbane
360889,Brisbane
360890,Brisbane
360891,Brisbane
360892,Brisbane
360893,Brisbane
360894,Brisbane
360895,Brisbane
360896,Sydney
360897,Brisbane
360898,Brisbane
360899,Brisbane
360900,Brisbane
360901,Brisbane
360902,Brisbane
360903,Brisbane
360904,Melbourne
360905,Brisbane
360906,Brisbane
360907,Brisbane
360908,Brisbane
360909,Sydney
360910,Brisbane
360911,Brisbane
360912,Brisbane
360913,Brisbane
360914,Brisbane
360915,Brisbane
360916,Brisbane
360917,Brisbane
360918,Brisbane
360919,Brisbane
360920,Perth
360921,Brisbane
360922,Brisbane
360923,Sydney
360924,Brisbane
360925,Melbourne
360926,Brisbane
360927,Brisbane
360928,Brisbane
360929,Brisbane
360930,Brisbane
360931,Brisbane
360932,Brisbane
360933,Sydney
360934,Brisbane
360935,Brisbane
360936,Brisbane
360937,Brisbane
360938,Perth
360939,Perth
360940,Brisbane
360941,Brisbane
360942,Brisbane
360943,Brisbane
360944,Brisbane
360945,Brisbane
360946,Perth
360947,Brisbane
360948,Sydney
360949,Brisbane
360950,Brisbane
360951,Brisbane
360952,Brisbane
360953,Brisbane
360954,Brisbane
360955,Brisbane
360956,Brisbane
360957,Brisbane
360958,Melbourne
360959,Brisbane
360960,Sydney
360961,Brisbane
360962,Brisbane
360963,Brisbane
360964,Perth
360965,Brisbane
360966,Brisbane
360967,Brisbane
360968,Brisbane
360969,Brisbane
360970,Brisbane
360971,Brisbane
360972,Brisbane
360973,Brisbane
360974,Brisbane
360975,Brisbane
360976,Brisbane
360977,Brisbane
360978,Brisbane
360979,Brisbane
360980,Brisbane
360981,Brisbane
360982,Brisbane
360983,Brisbane
360984,Brisbane
360985,Brisbane
360986,Sydney
360987,Brisbane
360988,Brisbane
360989,Brisbane
360990,Brisbane
360991,Brisbane
360992,Brisbane
360993,Brisbane
360994,Brisbane
360995,Brisbane
360996,Brisbane
360997,Melbourne
360998,Brisbane
360999,Brisbane
361000,Brisbane
361001,Brisbane
361002,Brisbane
361003,Brisbane
361004,Brisbane
361005,Brisbane
361006,Brisbane
361007,Brisbane
361008,Brisbane
361009,Brisbane
361010,Brisbane
361011,Brisbane
361012,Brisbane
361013,Brisbane
361014,Brisbane
361015,Brisbane
361016,Brisbane
361017,Brisbane
361018,Brisbane
361019,Brisbane
361020,Brisbane
361021,Brisbane
361022,Brisbane
361023,Brisbane
361024,Brisbane
361025,Brisbane
361026,Brisbane
361027,Sydney
361028,Brisbane
361029,Brisbane
361030,Brisbane
361031,Brisbane
361032,Brisbane
361033,Sydney
361034,Brisbane
361035,Brisbane
361036,Brisbane
361037,Brisbane
361038,Brisbane
361039,Brisbane
361040,Brisbane
361041,Brisbane
361042,Brisbane
361043,Brisbane
361044,Sydney
361045,Brisbane
361046,Brisbane
361047,Brisbane
361048,Brisbane
361049,Brisbane
361050,Brisbane
361051,Brisbane
361052,Brisbane
361053,Brisbane
361054,Brisbane
361055,Brisbane
361056,Brisbane
361057,Brisbane
361058,Melbourne
361059,Brisbane
361060,Brisbane
361061,Brisbane
361062,Melbourne
361063,Brisbane
361064,Brisbane
361065,Brisbane
361066,Brisbane
361067,Brisbane
361068,Brisbane
361069,Brisbane
361070,Brisbane
361071,Brisbane
361072,Sydney
361073,Brisbane
361074,Brisbane
361075,Brisbane
361076,Brisbane
361077,Brisbane
361078,Brisbane
361079,Brisbane
361080,Brisbane
361081,Brisbane
361082,Brisbane
361083,Brisbane
361084,Brisbane
361085,Brisbane
361086,Brisbane
361087,Brisbane
361088,Brisbane
361089,Brisbane
361090,Brisbane
361091,Brisbane
361092,Brisbane
361093,Brisbane
361094,Brisbane
361095,Brisbane
361096,Brisbane
361097,Melbourne
361098,Brisbane
361099,Brisbane
361100,Brisbane
361101,Brisbane
361102,Brisbane
361103,Brisbane
361104,Brisbane
361105,Brisbane
361106,Brisbane
361107,Brisbane
361108,Brisbane
361109,Brisbane
361110,Brisbane
361111,Brisbane
361112,Brisbane
361113,Brisbane
361114,Perth
361115,Brisbane
361116,Brisbane
361117,Brisbane
361118,Brisbane
361119,Brisbane
361120,Brisbane
361121,Brisbane
361122,Brisbane
361123,Brisbane
361124,Brisbane
361125,Brisbane
361126,Brisbane
361127,Brisbane
361128,Brisbane
361129,Sydney
361130,Melbourne
361131,Brisbane
361132,Brisbane
361133,Brisbane
361134,Brisbane
361135,Brisbane
361136,Brisbane
361137,Brisbane
361138,Brisbane
361139,Brisbane
361140,Brisbane
361141,Brisbane
361142,Sydney
361143,Brisbane
361144,Perth
361145,Brisbane
361146,Brisbane
361147,Brisbane
361148,Brisbane
361149,Sydney
361150,Perth
361151,Brisbane
361152,Brisbane
361153,Brisbane
361154,Brisbane
361155,Brisbane
361156,Brisbane
361157,Sydney
361158,Brisbane
361159,Melbourne
361160,Brisbane
361161,Brisbane
361162,Brisbane
361163,Brisbane
361164,Brisbane
361165,Brisbane
361166,Brisbane
361167,Brisbane
361168,Brisbane
361169,Brisbane
361170,Brisbane
361171,Brisbane
361172,Brisbane
361173,Brisbane
361174,Perth
361175,Brisbane
361176,Sydney
361177,Brisbane
361178,Brisbane
361179,Brisbane
361180,Brisbane
361181,Sydney
361182,Brisbane
361183,Brisbane
361184,Brisbane
361185,Brisbane
361186,Brisbane
361187,Brisbane
361188,Brisbane
361189,Brisbane
361190,Brisbane
361191,Brisbane
361192,Brisbane
361193,Brisbane
361194,Brisbane
361195,Brisbane
361196,Brisbane
361197,Brisbane
361198,Brisbane
361199,Brisbane
361200,Brisbane
361201,Brisbane
361202,Brisbane
361203,Brisbane
361204,Brisbane
361205,Sydney
361206,Brisbane
361207,Brisbane
361208,Brisbane
361209,Brisbane
361210,Brisbane
361211,Brisbane
361212,Brisbane
361213,Brisbane
361214,Brisbane
361215,Brisbane
361216,Brisbane
361217,Brisbane
361218,Brisbane
361219,Brisbane
361220,Brisbane
361221,Melbourne
361222,Brisbane
361223,Sydney
361224,Brisbane
361225,Perth
361226,Brisbane
361227,Brisbane
361228,Brisbane
361229,Brisbane
361230,Sydney
361231,Brisbane
361232,Brisbane
361233,Brisbane
361234,Brisbane
361235,Brisbane
361236,Brisbane
361237,Brisbane
361238,Brisbane
361239,Brisbane
361240,Brisbane
361241,Brisbane
361242,Brisbane
361243,Brisbane
361244,Brisbane
361245,Brisbane
361246,Brisbane
361247,Brisbane
361248,Brisbane
361249,Brisbane
361250,Brisbane
361251,Brisbane
361252,Brisbane
361253,Brisbane
361254,Brisbane
361255,Brisbane
361256,Brisbane
361257,Brisbane
361258,Brisbane
361259,Brisbane
361260,Brisbane
361261,Brisbane
361262,Brisbane
361263,Brisbane
361264,Brisbane
361265,Brisbane
361266,Brisbane
361267,Brisbane
361268,Brisbane
361269,Brisbane
361270,Brisbane
361271,Brisbane
361272,Brisbane
361273,Brisbane
361274,Brisbane
361275,Brisbane
361276,Brisbane
361277,Brisbane
361278,Brisbane
361279,Brisbane
361280,Brisbane
361281,Brisbane
361282,Brisbane
361283,Brisbane
361284,Brisbane
361285,Perth
361286,Brisbane
361287,Brisbane
361288,Brisbane
361289,Sydney
361290,Melbourne
361291,Brisbane
361292,Brisbane
361293,Brisbane
361294,Brisbane
361295,Brisbane
361296,Brisbane
361297,Brisbane
361298,Brisbane
361299,Brisbane
361300,Brisbane
361301,Perth
361302,Brisbane
361303,Brisbane
361304,Brisbane
361305,Brisbane
361306,Sydney
361307,Perth
361308,Brisbane
361309,Brisbane
361310,Brisbane
361311,Brisbane
361312,Brisbane
361313,Melbourne
361314,Brisbane
361315,Brisbane
361316,Brisbane
361317,Brisbane
361318,Sydney
361319,Brisbane
361320,Brisbane
361321,Brisbane
361322,Brisbane
361323,Brisbane
361324,Brisbane
361325,Brisbane
361326,Sydney
361327,Brisbane
361328,Brisbane
361329,Brisbane
361330,Brisbane
361331,Melbourne
361332,Brisbane
361333,Brisbane
361334,Melbourne
361335,Brisbane
361336,Brisbane
361337,Brisbane
361338,Brisbane
361339,Brisbane
361340,Brisbane
361341,Brisbane
361342,Brisbane
361343,Brisbane
361344,Brisbane
361345,Brisbane
361346,Brisbane
361347,Brisbane
361348,Brisbane
361349,Brisbane
361350,Brisbane
361351,Brisbane
361352,Brisbane
361353,Brisbane
361354,Brisbane
361355,Sydney
361356,Sydney
361357,Brisbane
361358,Brisbane
361359,Brisbane
361360,Brisbane
361361,Brisbane
361362,Brisbane
361363,Brisbane
361364,Brisbane
361365,Brisbane
361366,Brisbane
361367,Sydney
361368,Brisbane
361369,Brisbane
361370,Brisbane
361371,Brisbane
361372,Brisbane
361373,Melbourne
361374,Brisbane
361375,Brisbane
361376,Brisbane
361377,Brisbane
361378,Sydney
361379,Brisbane
361380,Brisbane
361381,Brisbane
361382,Brisbane
361383,Brisbane
361384,Brisbane
361385,Brisbane
361386,Brisbane
361387,Brisbane
361388,Brisbane
361389,Brisbane
361390,Brisbane
361391,Brisbane
361392,Brisbane
361393,Brisbane
361394,Brisbane
361395,Brisbane
361396,Brisbane
361397,Brisbane
361398,Brisbane
361399,Brisbane
361400,Brisbane
361401,Brisbane
361402,Brisbane
361403,Brisbane
361404,Brisbane
361405,Brisbane
361406,Brisbane
361407,Brisbane
361408,Brisbane
361409,Brisbane
361410,Brisbane
361411,Brisbane
361412,Brisbane
361413,Brisbane
361414,Brisbane
361415,Brisbane
361416,Brisbane
361417,Brisbane
361418,Brisbane
361419,Brisbane
361420,Brisbane
361421,Brisbane
361422,Brisbane
361423,Brisbane
361424,Brisbane
361425,Brisbane
361426,Brisbane
361427,Perth
361428,Brisbane
361429,Brisbane
361430,Brisbane
361431,Brisbane
361432,Brisbane
361433,Brisbane
361434,Brisbane
361435,Brisbane
361436,Brisbane
361437,Brisbane
361438,Brisbane
361439,Brisbane
361440,Brisbane
361441,Brisbane
361442,Brisbane
361443,Brisbane
361444,Brisbane
361445,Brisbane
361446,Brisbane
361447,Brisbane
361448,Brisbane
361449,Brisbane
361450,Brisbane
361451,Brisbane
361452,Brisbane
361453,Brisbane
361454,Brisbane
361455,Brisbane
361456,Brisbane
361457,Brisbane
361458,Brisbane
361459,Brisbane
361460,Brisbane
361461,Brisbane
361462,Brisbane
361463,Brisbane
361464,Brisbane
361465,Brisbane
361466,Brisbane
361467,Brisbane
361468,Brisbane
361469,Brisbane
361470,Brisbane
361471,Brisbane
361472,Brisbane
361473,Brisbane
361474,Brisbane
361475,Brisbane
361476,Brisbane
361477,Brisbane
361478,Brisbane
361479,Brisbane
361480,Brisbane
361481,Brisbane
361482,Brisbane
361483,Perth
361484,Brisbane
361485,Brisbane
361486,Brisbane
361487,Brisbane
361488,Brisbane
361489,Brisbane
361490,Sydney
361491,Brisbane
361492,Brisbane
361493,Brisbane
361494,Brisbane
361495,Brisbane
361496,Brisbane
361497,Perth
361498,Brisbane
361499,Brisbane
361500,Melbourne
361501,Melbourne
361502,Brisbane
361503,Brisbane
361504,Brisbane
361505,Brisbane
361506,Brisbane
361507,Brisbane
361508,Brisbane
361509,Perth
361510,Brisbane
361511,Brisbane
361512,Brisbane
361513,Brisbane
361514,Brisbane
361515,Brisbane
361516,Brisbane
361517,Brisbane
361518,Brisbane
361519,Brisbane
361520,Brisbane
361521,Brisbane
361522,Sydney
361523,Brisbane
361524,Brisbane
361525,Brisbane
361526,Brisbane
361527,Brisbane
361528,Brisbane
361529,Brisbane
361530,Brisbane
361531,Brisbane
361532,Brisbane
361533,Brisbane
361534,Brisbane
361535,Brisbane
361536,Brisbane
361537,Brisbane
361538,Brisbane
361539,Brisbane
361540,Brisbane
361541,Brisbane
361542,Brisbane
361543,Brisbane
361544,Brisbane
361545,Brisbane
361546,Brisbane
361547,Brisbane
361548,Brisbane
361549,Sydney
361550,Brisbane
361551,Brisbane
361552,Brisbane
361553,Brisbane
361554,Brisbane
361555,Brisbane
361556,Brisbane
361557,Brisbane
361558,Brisbane
361559,Brisbane
361560,Brisbane
361561,Brisbane
361562,Brisbane
361563,Brisbane
361564,Brisbane
361565,Brisbane
361566,Brisbane
361567,Brisbane
361568,Brisbane
361569,Brisbane
361570,Brisbane
361571,Brisbane
361572,Perth
361573,Brisbane
361574,Brisbane
361575,Brisbane
361576,Brisbane
361577,Brisbane
361578,Perth
361579,Sydney
361580,Brisbane
361581,Brisbane
361582,Brisbane
361583,Brisbane
361584,Brisbane
361585,Brisbane
361586,Brisbane
361587,Brisbane
361588,Brisbane
361589,Brisbane
361590,Brisbane
361591,Brisbane
361592,Brisbane
361593,Brisbane
361594,Brisbane
361595,Brisbane
361596,Perth
361597,Melbourne
361598,Brisbane
361599,Sydney
361600,Sydney
361601,Brisbane
361602,Brisbane
361603,Brisbane
361604,Brisbane
361605,Brisbane
361606,Brisbane
361607,Brisbane
361608,Brisbane
361609,Brisbane
361610,Brisbane
361611,Brisbane
361612,Perth
361613,Brisbane
361614,Brisbane
361615,Brisbane
361616,Brisbane
361617,Brisbane
361618,Brisbane
361619,Brisbane
361620,Brisbane
361621,Brisbane
361622,Brisbane
361623,Brisbane
361624,Brisbane
361625,Brisbane
361626,Brisbane
361627,Brisbane
361628,Brisbane
361629,Brisbane
361630,Brisbane
361631,Brisbane
361632,Brisbane
361633,Brisbane
361634,Brisbane
361635,Brisbane
361636,Brisbane
361637,Brisbane
361638,Brisbane
361639,Brisbane
361640,Brisbane
361641,Brisbane
361642,Brisbane
361643,Brisbane
361644,Brisbane
361645,Brisbane
361646,Brisbane
361647,Brisbane
361648,Brisbane
361649,Brisbane
361650,Brisbane
361651,Brisbane
361652,Brisbane
361653,Sydney
361654,Brisbane
361655,Brisbane
361656,Brisbane
361657,Brisbane
361658,Brisbane
361659,Brisbane
361660,Brisbane
361661,Brisbane
361662,Brisbane
361663,Brisbane
361664,Brisbane
361665,Brisbane
361666,Brisbane
361667,Brisbane
361668,Brisbane
361669,Brisbane
361670,Brisbane
361671,Perth
361672,Brisbane
361673,Brisbane
361674,Brisbane
361675,Brisbane
361676,Brisbane
361677,Brisbane
361678,Brisbane
361679,Brisbane
361680,Brisbane
361681,Brisbane
361682,Brisbane
361683,Brisbane
361684,Brisbane
361685,Brisbane
361686,Brisbane
361687,Brisbane
361688,Brisbane
361689,Brisbane
361690,Melbourne
361691,Brisbane
361692,Brisbane
361693,Brisbane
361694,Brisbane
361695,Brisbane
361696,Brisbane
361697,Sydney
361698,Brisbane
361699,Sydney
361700,Brisbane
361701,Brisbane
361702,Brisbane
361703,Brisbane
361704,Brisbane
361705,Brisbane
361706,Sydney
361707,Brisbane
361708,Brisbane
361709,Brisbane
361710,Brisbane
361711,Brisbane
361712,Sydney
361713,Brisbane
361714,Brisbane
361715,Brisbane
361716,Brisbane
361717,Brisbane
361718,Brisbane
361719,Brisbane
361720,Brisbane
361721,Brisbane
361722,Brisbane
361723,Sydney
361724,Brisbane
361725,Brisbane
361726,Brisbane
361727,Brisbane
361728,Brisbane
361729,Brisbane
361730,Brisbane
361731,Brisbane
361732,Brisbane
361733,Brisbane
361734,Melbourne
361735,Brisbane
361736,Brisbane
361737,Brisbane
361738,Perth
361739,Brisbane
361740,Brisbane
361741,Perth
361742,Brisbane
361743,Melbourne
361744,Brisbane
361745,Brisbane
361746,Brisbane
361747,Brisbane
361748,Brisbane
361749,Brisbane
361750,Brisbane
361751,Brisbane
361752,Brisbane
361753,Brisbane
361754,Brisbane
361755,Melbourne
361756,Brisbane
361757,Brisbane
361758,Brisbane
361759,Brisbane
361760,Brisbane
361761,Brisbane
361762,Sydney
361763,Brisbane
361764,Brisbane
361765,Brisbane
361766,Brisbane
361767,Brisbane
361768,Brisbane
361769,Brisbane
361770,Brisbane
361771,Brisbane
361772,Brisbane
361773,Perth
361774,Brisbane
361775,Brisbane
361776,Melbourne
361777,Brisbane
361778,Brisbane
361779,Sydney
361780,Melbourne
361781,Brisbane
361782,Brisbane
361783,Brisbane
361784,Brisbane
361785,Brisbane
361786,Brisbane
361787,Brisbane
361788,Brisbane
361789,Brisbane
361790,Brisbane
361791,Brisbane
361792,Perth
361793,Brisbane
361794,Brisbane
361795,Brisbane
361796,Brisbane
361797,Brisbane
361798,Brisbane
361799,Brisbane
361800,Brisbane
361801,Brisbane
361802,Brisbane
361803,Brisbane
361804,Brisbane
361805,Brisbane
361806,Brisbane
361807,Brisbane
361808,Brisbane
361809,Brisbane
361810,Brisbane
361811,Sydney
361812,Brisbane
361813,Brisbane
361814,Brisbane
361815,Brisbane
361816,Brisbane
361817,Brisbane
361818,Brisbane
361819,Sydney
361820,Brisbane
361821,Perth
361822,Brisbane
361823,Brisbane
361824,Brisbane
361825,Brisbane
361826,Brisbane
361827,Brisbane
361828,Brisbane
361829,Brisbane
361830,Brisbane
361831,Brisbane
361832,Brisbane
361833,Brisbane
361834,Brisbane
361835,Sydney
361836,Brisbane
361837,Brisbane
361838,Brisbane
361839,Brisbane
361840,Brisbane
361841,Brisbane
361842,Brisbane
361843,Brisbane
361844,Brisbane
361845,Brisbane
361846,Brisbane
361847,Brisbane
361848,Brisbane
361849,Brisbane
361850,Brisbane
361851,Perth
361852,Brisbane
361853,Brisbane
361854,Sydney
361855,Brisbane
361856,Brisbane
361857,Brisbane
361858,Melbourne
361859,Brisbane
361860,Melbourne
361861,Brisbane
361862,Brisbane
361863,Brisbane
361864,Brisbane
361865,Brisbane
361866,Brisbane
361867,Brisbane
361868,Melbourne
361869,Brisbane
361870,Brisbane
361871,Brisbane
361872,Brisbane
361873,Perth
361874,Brisbane
361875,Brisbane
361876,Brisbane
361877,Brisbane
361878,Brisbane
361879,Brisbane
361880,Brisbane
361881,Brisbane
361882,Brisbane
361883,Brisbane
361884,Perth
361885,Brisbane
361886,Brisbane
361887,Brisbane
361888,Brisbane
361889,Brisbane
361890,Brisbane
361891,Brisbane
361892,Brisbane
361893,Brisbane
361894,Sydney
361895,Brisbane
361896,Brisbane
361897,Sydney
361898,Brisbane
361899,Brisbane
361900,Perth
361901,Brisbane
361902,Brisbane
361903,Brisbane
361904,Brisbane
361905,Brisbane
361906,Brisbane
361907,Perth
361908,Perth
361909,Brisbane
361910,Brisbane
361911,Brisbane
361912,Brisbane
361913,Brisbane
361914,Brisbane
361915,Brisbane
361916,Brisbane
361917,Brisbane
361918,Brisbane
361919,Brisbane
361920,Brisbane
361921,Brisbane
361922,Brisbane
361923,Brisbane
361924,Brisbane
361925,Sydney
361926,Brisbane
361927,Brisbane
361928,Brisbane
361929,Brisbane
361930,Brisbane
361931,Brisbane
361932,Brisbane
361933,Brisbane
361934,Brisbane
361935,Brisbane
361936,Brisbane
361937,Brisbane
361938,Brisbane
361939,Melbourne
361940,Brisbane
361941,Brisbane
361942,Brisbane
361943,Brisbane
361944,Brisbane
361945,Brisbane
361946,Brisbane
361947,Sydney
361948,Perth
361949,Brisbane
361950,Brisbane
361951,Brisbane
361952,Brisbane
361953,Brisbane
361954,Brisbane
361955,Brisbane
361956,Brisbane
361957,Sydney
361958,Brisbane
361959,Brisbane
361960,Perth
361961,Brisbane
361962,Brisbane
361963,Brisbane
361964,Brisbane
361965,Brisbane
361966,Brisbane
361967,Melbourne
361968,Melbourne
361969,Brisbane
361970,Brisbane
361971,Brisbane
361972,Brisbane
361973,Brisbane
361974,Brisbane
361975,Brisbane
361976,Brisbane
361977,Brisbane
361978,Brisbane
361979,Brisbane
361980,Brisbane
361981,Brisbane
361982,Brisbane
361983,Brisbane
361984,Brisbane
361985,Brisbane
361986,Brisbane
361987,Brisbane
361988,Brisbane
361989,Brisbane
361990,Brisbane
361991,Brisbane
361992,Brisbane
361993,Brisbane
361994,Brisbane
361995,Brisbane
361996,Brisbane
361997,Brisbane
361998,Brisbane
361999,Brisbane
362000,Brisbane
362001,Brisbane
362002,Brisbane
362003,Brisbane
362004,Brisbane
362005,Brisbane
362006,Brisbane
362007,Brisbane
362008,Brisbane
362009,Perth
362010,Brisbane
362011,Brisbane
362012,Brisbane
362013,Brisbane
362014,Brisbane
362015,Brisbane
362016,Brisbane
362017,Brisbane
362018,Brisbane
362019,Brisbane
362020,Brisbane
362021,Brisbane
362022,Sydney
362023,Perth
362024,Brisbane
362025,Brisbane
362026,Brisbane
362027,Brisbane
362028,Brisbane
362029,Brisbane
362030,Brisbane
362031,Brisbane
362032,Sydney
362033,Brisbane
362034,Brisbane
362035,Brisbane
362036,Brisbane
362037,Brisbane
362038,Brisbane
362039,Brisbane
362040,Sydney
362041,Sydney
362042,Brisbane
362043,Brisbane
362044,Brisbane
362045,Sydney
362046,Brisbane
362047,Brisbane
362048,Brisbane
362049,Brisbane
362050,Brisbane
362051,Sydney
362052,Brisbane
362053,Brisbane
362054,Brisbane
362055,Brisbane
362056,Brisbane
362057,Perth
362058,Brisbane
362059,Brisbane
362060,Brisbane
362061,Brisbane
362062,Brisbane
362063,Brisbane
362064,Brisbane
362065,Brisbane
362066,Brisbane
362067,Brisbane
362068,Brisbane
362069,Brisbane
362070,Brisbane
362071,Brisbane
362072,Brisbane
362073,Brisbane
362074,Brisbane
362075,Brisbane
362076,Brisbane
362077,Brisbane
362078,Melbourne
362079,Sydney
362080,Brisbane
362081,Perth
362082,Brisbane
362083,Brisbane
362084,Brisbane
362085,Brisbane
362086,Brisbane
362087,Brisbane
362088,Brisbane
362089,Brisbane
362090,Brisbane
362091,Brisbane
362092,Brisbane
362093,Brisbane
362094,Brisbane
362095,Brisbane
362096,Brisbane
362097,Brisbane
362098,Brisbane
362099,Brisbane
362100,Brisbane
362101,Melbourne
362102,Brisbane
362103,Brisbane
362104,Melbourne
362105,Brisbane
362106,Brisbane
362107,Brisbane
362108,Brisbane
362109,Brisbane
362110,Brisbane
362111,Brisbane
362112,Brisbane
362113,Brisbane
362114,Brisbane
362115,Brisbane
362116,Brisbane
362117,Brisbane
362118,Perth
362119,Brisbane
362120,Brisbane
362121,Sydney
362122,Brisbane
362123,Brisbane
362124,Melbourne
362125,Brisbane
362126,Brisbane
362127,Brisbane
362128,Brisbane
362129,Brisbane
362130,Brisbane
362131,Brisbane
362132,Brisbane
362133,Brisbane
362134,Brisbane
362135,Brisbane
362136,Brisbane
362137,Brisbane
362138,Brisbane
362139,Brisbane
362140,Brisbane
362141,Brisbane
362142,Brisbane
362143,Brisbane
362144,Brisbane
362145,Brisbane
362146,Brisbane
362147,Brisbane
362148,Brisbane
362149,Brisbane
362150,Brisbane
362151,Brisbane
362152,Brisbane
362153,Melbourne
362154,Brisbane
362155,Brisbane
362156,Brisbane
362157,Brisbane
362158,Brisbane
362159,Brisbane
362160,Brisbane
362161,Melbourne
362162,Brisbane
362163,Melbourne
362164,Brisbane
362165,Brisbane
362166,Brisbane
362167,Melbourne
362168,Brisbane
362169,Brisbane
362170,Brisbane
362171,Brisbane
362172,Brisbane
362173,Brisbane
362174,Brisbane
362175,Brisbane
362176,Brisbane
362177,Brisbane
362178,Brisbane
362179,Brisbane
362180,Brisbane
362181,Brisbane
362182,Brisbane
362183,Brisbane
362184,Brisbane
362185,Brisbane
362186,Brisbane
362187,Brisbane
362188,Brisbane
362189,Brisbane
362190,Brisbane
362191,Brisbane
362192,Brisbane
362193,Brisbane
362194,Brisbane
362195,Brisbane
362196,Brisbane
362197,Brisbane
362198,Brisbane
362199,Perth
362200,Brisbane
362201,Brisbane
362202,Brisbane
362203,Brisbane
362204,Brisbane
362205,Brisbane
362206,Brisbane
362207,Brisbane
362208,Brisbane
362209,Brisbane
362210,Brisbane
362211,Brisbane
362212,Brisbane
362213,Brisbane
362214,Brisbane
362215,Brisbane
362216,Brisbane
362217,Brisbane
362218,Melbourne
362219,Brisbane
362220,Brisbane
362221,Perth
362222,Brisbane
362223,Brisbane
362224,Brisbane
362225,Brisbane
362226,Brisbane
362227,Brisbane
362228,Brisbane
362229,Brisbane
362230,Brisbane
362231,Brisbane
362232,Brisbane
362233,Brisbane
362234,Brisbane
362235,Brisbane
362236,Brisbane
362237,Brisbane
362238,Brisbane
362239,Perth
362240,Brisbane
362241,Brisbane
362242,Brisbane
362243,Brisbane
362244,Melbourne
362245,Brisbane
362246,Brisbane
362247,Brisbane
362248,Brisbane
362249,Brisbane
362250,Brisbane
362251,Brisbane
362252,Sydney
362253,Brisbane
362254,Sydney
362255,Brisbane
362256,Melbourne
362257,Brisbane
362258,Brisbane
362259,Brisbane
362260,Brisbane
362261,Brisbane
362262,Brisbane
362263,Brisbane
362264,Brisbane
362265,Brisbane
362266,Brisbane
362267,Brisbane
362268,Brisbane
362269,Brisbane
362270,Sydney
362271,Brisbane
362272,Brisbane
362273,Brisbane
362274,Sydney
362275,Brisbane
362276,Brisbane
362277,Brisbane
362278,Brisbane
362279,Brisbane
362280,Brisbane
362281,Brisbane
362282,Brisbane
362283,Brisbane
362284,Brisbane
362285,Brisbane
362286,Brisbane
362287,Brisbane
362288,Brisbane
362289,Brisbane
362290,Brisbane
362291,Brisbane
362292,Brisbane
362293,Brisbane
362294,Brisbane
362295,Brisbane
362296,Brisbane
362297,Brisbane
362298,Brisbane
362299,Perth
362300,Brisbane
362301,Sydney
362302,Brisbane
362303,Brisbane
362304,Brisbane
362305,Brisbane
362306,Brisbane
362307,Brisbane
362308,Brisbane
362309,Sydney
362310,Brisbane
362311,Brisbane
362312,Brisbane
362313,Brisbane
362314,Brisbane
362315,Brisbane
362316,Brisbane
362317,Brisbane
362318,Brisbane
362319,Brisbane
362320,Brisbane
362321,Brisbane
362322,Brisbane
362323,Brisbane
362324,Brisbane
362325,Brisbane
362326,Brisbane
362327,Brisbane
362328,Brisbane
362329,Brisbane
362330,Brisbane
362331,Brisbane
362332,Brisbane
362333,Brisbane
362334,Brisbane
362335,Brisbane
362336,Brisbane
362337,Brisbane
362338,Sydney
362339,Brisbane
362340,Sydney
362341,Brisbane
362342,Brisbane
362343,Brisbane
362344,Brisbane
362345,Brisbane
362346,Brisbane
362347,Brisbane
362348,Brisbane
362349,Brisbane
362350,Brisbane
362351,Melbourne
362352,Brisbane
362353,Brisbane
362354,Perth
362355,Melbourne
362356,Brisbane
362357,Brisbane
362358,Perth
362359,Brisbane
362360,Brisbane
362361,Perth
362362,Brisbane
362363,Brisbane
362364,Brisbane
362365,Brisbane
362366,Brisbane
362367,Brisbane
362368,Brisbane
362369,Brisbane
362370,Brisbane
362371,Perth
362372,Brisbane
362373,Brisbane
362374,Brisbane
362375,Sydney
362376,Brisbane
362377,Brisbane
362378,Brisbane
362379,Brisbane
362380,Melbourne
362381,Brisbane
362382,Brisbane
362383,Brisbane
362384,Brisbane
362385,Brisbane
362386,Brisbane
362387,Brisbane
362388,Brisbane
362389,Brisbane
362390,Brisbane
362391,Perth
362392,Brisbane
362393,Brisbane
362394,Brisbane
362395,Brisbane
362396,Sydney
362397,Brisbane
362398,Brisbane
362399,Brisbane
362400,Brisbane
362401,Perth
362402,Brisbane
362403,Melbourne
362404,Brisbane
362405,Brisbane
362406,Brisbane
362407,Brisbane
362408,Sydney
362409,Brisbane
362410,Brisbane
362411,Brisbane
362412,Brisbane
362413,Melbourne
362414,Brisbane
362415,Brisbane
362416,Brisbane
362417,Brisbane
362418,Sydney
362419,Brisbane
362420,Brisbane
362421,Brisbane
362422,Brisbane
362423,Brisbane
362424,Brisbane
362425,Brisbane
362426,Perth
362427,Brisbane
362428,Brisbane
362429,Brisbane
362430,Brisbane
362431,Brisbane
362432,Brisbane
362433,Brisbane
362434,Brisbane
362435,Brisbane
362436,Brisbane
362437,Brisbane
362438,Brisbane
362439,Brisbane
362440,Brisbane
362441,Brisbane
362442,Sydney
362443,Brisbane
362444,Brisbane
362445,Brisbane
362446,Sydney
362447,Brisbane
362448,Sydney
362449,Brisbane
362450,Brisbane
362451,Brisbane
362452,Brisbane
362453,Brisbane
362454,Brisbane
362455,Melbourne
362456,Brisbane
362457,Brisbane
362458,Brisbane
362459,Brisbane
362460,Sydney
362461,Brisbane
362462,Brisbane
362463,Brisbane
362464,Brisbane
362465,Brisbane
362466,Brisbane
362467,Brisbane
362468,Brisbane
362469,Brisbane
362470,Brisbane
362471,Brisbane
362472,Brisbane
362473,Brisbane
362474,Brisbane
362475,Brisbane
362476,Brisbane
362477,Brisbane
362478,Sydney
362479,Brisbane
362480,Brisbane
362481,Brisbane
362482,Brisbane
362483,Brisbane
362484,Brisbane
362485,Brisbane
362486,Brisbane
362487,Brisbane
362488,Brisbane
362489,Brisbane
362490,Brisbane
362491,Brisbane
362492,Brisbane
362493,Brisbane
362494,Brisbane
362495,Brisbane
362496,Brisbane
362497,Brisbane
362498,Brisbane
362499,Brisbane
362500,Perth
362501,Brisbane
362502,Brisbane
362503,Brisbane
362504,Brisbane
362505,Brisbane
362506,Brisbane
362507,Sydney
362508,Brisbane
362509,Brisbane
362510,Brisbane
362511,Brisbane
362512,Brisbane
362513,Brisbane
362514,Brisbane
362515,Brisbane
362516,Brisbane
362517,Brisbane
362518,Perth
362519,Brisbane
362520,Perth
362521,Brisbane
362522,Brisbane
362523,Brisbane
362524,Brisbane
362525,Brisbane
362526,Sydney
362527,Brisbane
362528,Brisbane
362529,Brisbane
362530,Brisbane
362531,Brisbane
362532,Brisbane
362533,Sydney
362534,Brisbane
362535,Perth
362536,Brisbane
362537,Brisbane
362538,Brisbane
362539,Brisbane
362540,Brisbane
362541,Brisbane
362542,Brisbane
362543,Brisbane
362544,Brisbane
362545,Brisbane
362546,Brisbane
362547,Brisbane
362548,Brisbane
362549,Perth
362550,Brisbane
362551,Brisbane
362552,Brisbane
362553,Brisbane
362554,Perth
362555,Perth
362556,Brisbane
362557,Brisbane
362558,Brisbane
362559,Brisbane
362560,Brisbane
362561,Sydney
362562,Brisbane
362563,Brisbane
362564,Brisbane
362565,Brisbane
362566,Brisbane
362567,Brisbane
362568,Brisbane
362569,Brisbane
362570,Brisbane
362571,Perth
362572,Brisbane
362573,Perth
362574,Brisbane
362575,Brisbane
362576,Sydney
362577,Brisbane
362578,Brisbane
362579,Brisbane
362580,Brisbane
362581,Brisbane
362582,Brisbane
362583,Brisbane
362584,Brisbane
362585,Brisbane
362586,Brisbane
362587,Brisbane
362588,Brisbane
362589,Brisbane
362590,Melbourne
362591,Brisbane
362592,Brisbane
362593,Brisbane
362594,Brisbane
362595,Brisbane
362596,Brisbane
362597,Brisbane
362598,Brisbane
362599,Brisbane
362600,Brisbane
362601,Brisbane
362602,Brisbane
362603,Brisbane
362604,Brisbane
362605,Brisbane
362606,Brisbane
362607,Brisbane
362608,Brisbane
362609,Brisbane
362610,Sydney
362611,Brisbane
362612,Brisbane
362613,Brisbane
362614,Brisbane
362615,Brisbane
362616,Perth
362617,Brisbane
362618,Brisbane
362619,Brisbane
362620,Brisbane
362621,Brisbane
362622,Brisbane
362623,Brisbane
362624,Brisbane
362625,Brisbane
362626,Brisbane
362627,Brisbane
362628,Sydney
362629,Brisbane
362630,Brisbane
362631,Brisbane
362632,Brisbane
362633,Brisbane
362634,Brisbane
362635,Brisbane
362636,Brisbane
362637,Brisbane
362638,Brisbane
362639,Brisbane
362640,Brisbane
362641,Brisbane
362642,Brisbane
362643,Brisbane
362644,Brisbane
362645,Brisbane
362646,Brisbane
362647,Brisbane
362648,Brisbane
362649,Brisbane
362650,Perth
362651,Brisbane
362652,Brisbane
362653,Perth
362654,Brisbane
362655,Brisbane
362656,Perth
362657,Brisbane
362658,Brisbane
362659,Brisbane
362660,Brisbane
362661,Brisbane
362662,Brisbane
362663,Brisbane
362664,Brisbane
362665,Brisbane
362666,Brisbane
362667,Perth
362668,Brisbane
362669,Brisbane
362670,Brisbane
362671,Brisbane
362672,Brisbane
362673,Brisbane
362674,Brisbane
362675,Brisbane
362676,Brisbane
362677,Brisbane
362678,Melbourne
362679,Brisbane
362680,Brisbane
362681,Brisbane
362682,Brisbane
362683,Brisbane
362684,Brisbane
362685,Perth
362686,Brisbane
362687,Brisbane
362688,Brisbane
362689,Brisbane
362690,Brisbane
362691,Brisbane
362692,Melbourne
362693,Brisbane
362694,Brisbane
362695,Brisbane
362696,Brisbane
362697,Brisbane
362698,Sydney
362699,Brisbane
362700,Brisbane
362701,Brisbane
362702,Brisbane
362703,Brisbane
362704,Brisbane
362705,Brisbane
362706,Brisbane
362707,Brisbane
362708,Brisbane
362709,Brisbane
362710,Brisbane
362711,Brisbane
362712,Brisbane
362713,Brisbane
362714,Brisbane
362715,Brisbane
362716,Brisbane
362717,Brisbane
362718,Brisbane
362719,Brisbane
362720,Brisbane
362721,Melbourne
362722,Brisbane
362723,Brisbane
362724,Brisbane
362725,Perth
362726,Brisbane
362727,Brisbane
362728,Sydney
362729,Brisbane
362730,Melbourne
362731,Brisbane
362732,Brisbane
362733,Brisbane
362734,Brisbane
362735,Brisbane
362736,Brisbane
362737,Brisbane
362738,Brisbane
362739,Brisbane
362740,Brisbane
362741,Brisbane
362742,Brisbane
362743,Brisbane
362744,Melbourne
362745,Brisbane
362746,Brisbane
362747,Brisbane
362748,Brisbane
362749,Brisbane
362750,Sydney
362751,Brisbane
362752,Perth
362753,Brisbane
362754,Brisbane
362755,Brisbane
362756,Brisbane
362757,Brisbane
362758,Brisbane
362759,Sydney
362760,Brisbane
362761,Sydney
362762,Brisbane
362763,Brisbane
362764,Brisbane
362765,Brisbane
362766,Brisbane
362767,Brisbane
362768,Sydney
362769,Brisbane
362770,Brisbane
362771,Brisbane
362772,Brisbane
362773,Sydney
362774,Sydney
362775,Perth
362776,Brisbane
362777,Brisbane
362778,Brisbane
362779,Brisbane
362780,Brisbane
362781,Brisbane
362782,Brisbane
362783,Brisbane
362784,Brisbane
362785,Brisbane
362786,Brisbane
362787,Brisbane
362788,Brisbane
362789,Brisbane
362790,Brisbane
362791,Brisbane
362792,Brisbane
362793,Brisbane
362794,Brisbane
362795,Brisbane
362796,Brisbane
362797,Sydney
362798,Brisbane
362799,Brisbane
362800,Brisbane
362801,Brisbane
362802,Brisbane
362803,Brisbane
362804,Brisbane
362805,Brisbane
362806,Brisbane
362807,Brisbane
362808,Brisbane
362809,Brisbane
362810,Sydney
362811,Brisbane
362812,Brisbane
362813,Brisbane
362814,Brisbane
362815,Brisbane
362816,Brisbane
362817,Brisbane
362818,Brisbane
362819,Brisbane
362820,Brisbane
362821,Brisbane
362822,Brisbane
362823,Brisbane
362824,Brisbane
362825,Brisbane
362826,Brisbane
362827,Brisbane
362828,Brisbane
362829,Perth
362830,Brisbane
362831,Brisbane
362832,Brisbane
362833,Brisbane
362834,Brisbane
362835,Brisbane
362836,Brisbane
362837,Brisbane
362838,Brisbane
362839,Brisbane
362840,Brisbane
362841,Brisbane
362842,Brisbane
362843,Brisbane
362844,Brisbane
362845,Perth
362846,Brisbane
362847,Melbourne
362848,Brisbane
362849,Melbourne
362850,Brisbane
362851,Brisbane
362852,Brisbane
362853,Brisbane
362854,Brisbane
362855,Brisbane
362856,Brisbane
362857,Melbourne
362858,Brisbane
362859,Brisbane
362860,Brisbane
362861,Brisbane
362862,Perth
362863,Brisbane
362864,Brisbane
362865,Brisbane
362866,Brisbane
362867,Brisbane
362868,Brisbane
362869,Brisbane
362870,Brisbane
362871,Sydney
362872,Brisbane
362873,Brisbane
362874,Brisbane
362875,Brisbane
362876,Brisbane
362877,Perth
362878,Brisbane
362879,Brisbane
362880,Brisbane
362881,Brisbane
362882,Brisbane
362883,Brisbane
362884,Brisbane
362885,Brisbane
362886,Brisbane
362887,Brisbane
362888,Brisbane
362889,Brisbane
362890,Brisbane
362891,Brisbane
362892,Brisbane
362893,Brisbane
362894,Brisbane
362895,Brisbane
362896,Brisbane
362897,Brisbane
362898,Brisbane
362899,Brisbane
362900,Brisbane
362901,Brisbane
362902,Brisbane
362903,Brisbane
362904,Brisbane
362905,Brisbane
362906,Brisbane
362907,Brisbane
362908,Brisbane
362909,Brisbane
362910,Brisbane
362911,Brisbane
362912,Brisbane
362913,Perth
362914,Brisbane
362915,Brisbane
362916,Brisbane
362917,Brisbane
362918,Brisbane
362919,Brisbane
362920,Brisbane
362921,Brisbane
362922,Brisbane
362923,Perth
362924,Sydney
362925,Brisbane
362926,Brisbane
362927,Brisbane
362928,Brisbane
362929,Brisbane
362930,Brisbane
362931,Sydney
362932,Brisbane
362933,Brisbane
362934,Brisbane
362935,Brisbane
362936,Brisbane
362937,Brisbane
362938,Melbourne
362939,Brisbane
362940,Brisbane
362941,Brisbane
362942,Brisbane
362943,Melbourne
362944,Brisbane
362945,Brisbane
362946,Brisbane
362947,Brisbane
362948,Brisbane
362949,Brisbane
362950,Brisbane
362951,Brisbane
362952,Brisbane
362953,Brisbane
362954,Brisbane
362955,Brisbane
362956,Brisbane
362957,Brisbane
362958,Brisbane
362959,Brisbane
362960,Brisbane
362961,Brisbane
362962,Brisbane
362963,Brisbane
362964,Brisbane
362965,Brisbane
362966,Brisbane
362967,Brisbane
362968,Brisbane
362969,Brisbane
362970,Brisbane
362971,Brisbane
362972,Brisbane
362973,Brisbane
362974,Brisbane
362975,Brisbane
362976,Brisbane
362977,Brisbane
362978,Sydney
362979,Brisbane
362980,Brisbane
362981,Brisbane
362982,Brisbane
362983,Brisbane
362984,Brisbane
362985,Brisbane
362986,Brisbane
362987,Brisbane
362988,Brisbane
362989,Brisbane
362990,Brisbane
362991,Brisbane
362992,Brisbane
362993,Perth
362994,Brisbane
362995,Brisbane
362996,Brisbane
362997,Brisbane
362998,Melbourne
362999,Brisbane
363000,Sydney
363001,Brisbane
363002,Sydney
363003,Brisbane
363004,Brisbane
363005,Brisbane
363006,Brisbane
363007,Brisbane
363008,Brisbane
363009,Brisbane
363010,Brisbane
363011,Brisbane
363012,Brisbane
363013,Brisbane
363014,Brisbane
363015,Brisbane
363016,Brisbane
363017,Brisbane
363018,Brisbane
363019,Brisbane
363020,Sydney
363021,Brisbane
363022,Brisbane
363023,Brisbane
363024,Sydney
363025,Brisbane
363026,Brisbane
363027,Brisbane
363028,Sydney
363029,Brisbane
363030,Brisbane
363031,Brisbane
363032,Brisbane
363033,Brisbane
363034,Melbourne
363035,Brisbane
363036,Brisbane
363037,Melbourne
363038,Sydney
363039,Brisbane
363040,Brisbane
363041,Brisbane
363042,Brisbane
363043,Brisbane
363044,Brisbane
363045,Brisbane
363046,Brisbane
363047,Brisbane
363048,Brisbane
363049,Brisbane
363050,Brisbane
363051,Brisbane
363052,Brisbane
363053,Brisbane
363054,Brisbane
363055,Brisbane
363056,Brisbane
363057,Brisbane
363058,Brisbane
363059,Brisbane
363060,Brisbane
363061,Brisbane
363062,Brisbane
363063,Brisbane
363064,Brisbane
363065,Brisbane
363066,Brisbane
363067,Sydney
363068,Brisbane
363069,Brisbane
363070,Brisbane
363071,Brisbane
363072,Brisbane
363073,Brisbane
363074,Brisbane
363075,Brisbane
363076,Brisbane
363077,Brisbane
363078,Brisbane
363079,Brisbane
363080,Brisbane
363081,Brisbane
363082,Brisbane
363083,Brisbane
363084,Perth
363085,Brisbane
363086,Sydney
363087,Brisbane
363088,Brisbane
363089,Melbourne
363090,Brisbane
363091,Brisbane
363092,Brisbane
363093,Brisbane
363094,Brisbane
363095,Brisbane
363096,Brisbane
363097,Sydney
363098,Brisbane
363099,Brisbane
363100,Brisbane
363101,Brisbane
363102,Brisbane
363103,Brisbane
363104,Brisbane
363105,Brisbane
363106,Brisbane
363107,Sydney
363108,Brisbane
363109,Brisbane
363110,Brisbane
363111,Brisbane
363112,Brisbane
363113,Perth
363114,Brisbane
363115,Brisbane
363116,Brisbane
363117,Brisbane
363118,Brisbane
363119,Brisbane
363120,Brisbane
363121,Brisbane
363122,Brisbane
363123,Brisbane
363124,Brisbane
363125,Brisbane
363126,Brisbane
363127,Brisbane
363128,Perth
363129,Brisbane
363130,Brisbane
363131,Brisbane
363132,Brisbane
363133,Brisbane
363134,Brisbane
363135,Brisbane
363136,Brisbane
363137,Brisbane
363138,Brisbane
363139,Brisbane
363140,Brisbane
363141,Brisbane
363142,Brisbane
363143,Brisbane
363144,Brisbane
363145,Brisbane
363146,Perth
363147,Brisbane
363148,Brisbane
363149,Brisbane
363150,Brisbane
363151,Brisbane
363152,Brisbane
363153,Brisbane
363154,Brisbane
363155,Brisbane
363156,Brisbane
363157,Brisbane
363158,Sydney
363159,Melbourne
363160,Brisbane
363161,Brisbane
363162,Brisbane
363163,Brisbane
363164,Brisbane
363165,Brisbane
363166,Brisbane
363167,Brisbane
363168,Brisbane
363169,Sydney
363170,Brisbane
363171,Brisbane
363172,Perth
363173,Brisbane
363174,Melbourne
363175,Brisbane
363176,Brisbane
363177,Brisbane
363178,Brisbane
363179,Brisbane
363180,Perth
363181,Brisbane
363182,Brisbane
363183,Brisbane
363184,Brisbane
363185,Brisbane
363186,Perth
363187,Brisbane
363188,Brisbane
363189,Brisbane
363190,Brisbane
363191,Brisbane
363192,Brisbane
363193,Brisbane
363194,Brisbane
363195,Brisbane
363196,Brisbane
363197,Brisbane
363198,Brisbane
363199,Brisbane
363200,Brisbane
363201,Brisbane
363202,Brisbane
363203,Brisbane
363204,Brisbane
363205,Brisbane
363206,Brisbane
363207,Brisbane
363208,Brisbane
363209,Brisbane
363210,Brisbane
363211,Brisbane
363212,Brisbane
363213,Brisbane
363214,Brisbane
363215,Brisbane
363216,Brisbane
363217,Brisbane
363218,Brisbane
363219,Brisbane
363220,Brisbane
363221,Brisbane
363222,Brisbane
363223,Brisbane
363224,Perth
363225,Brisbane
363226,Brisbane
363227,Brisbane
363228,Brisbane
363229,Sydney
363230,Brisbane
363231,Brisbane
363232,Brisbane
363233,Brisbane
363234,Brisbane
363235,Brisbane
363236,Brisbane
363237,Brisbane
363238,Brisbane
363239,Melbourne
363240,Brisbane
363241,Brisbane
363242,Brisbane
363243,Brisbane
363244,Brisbane
363245,Brisbane
363246,Brisbane
363247,Brisbane
363248,Sydney
363249,Sydney
363250,Brisbane
363251,Melbourne
363252,Brisbane
363253,Sydney
363254,Brisbane
363255,Brisbane
363256,Brisbane
363257,Brisbane
363258,Brisbane
363259,Brisbane
363260,Brisbane
363261,Brisbane
363262,Brisbane
363263,Brisbane
363264,Brisbane
363265,Brisbane
363266,Brisbane
363267,Brisbane
363268,Brisbane
363269,Brisbane
363270,Brisbane
363271,Brisbane
363272,Brisbane
363273,Brisbane
363274,Brisbane
363275,Brisbane
363276,Sydney
363277,Brisbane
363278,Brisbane
363279,Brisbane
363280,Brisbane
363281,Brisbane
363282,Brisbane
363283,Brisbane
363284,Brisbane
363285,Brisbane
363286,Sydney
363287,Brisbane
363288,Brisbane
363289,Brisbane
363290,Brisbane
363291,Brisbane
363292,Brisbane
363293,Brisbane
363294,Brisbane
363295,Brisbane
363296,Brisbane
363297,Brisbane
363298,Brisbane
363299,Brisbane
363300,Brisbane
363301,Brisbane
363302,Melbourne
363303,Brisbane
363304,Brisbane
363305,Melbourne
363306,Brisbane
363307,Brisbane
363308,Melbourne
363309,Brisbane
363310,Sydney
363311,Sydney
363312,Brisbane
363313,Brisbane
363314,Sydney
363315,Brisbane
363316,Brisbane
363317,Brisbane
363318,Perth
363319,Brisbane
363320,Brisbane
363321,Brisbane
363322,Brisbane
363323,Brisbane
363324,Brisbane
363325,Brisbane
363326,Brisbane
363327,Brisbane
363328,Brisbane
363329,Brisbane
363330,Brisbane
363331,Brisbane
363332,Brisbane
363333,Sydney
363334,Brisbane
363335,Brisbane
363336,Brisbane
363337,Brisbane
363338,Brisbane
363339,Brisbane
363340,Brisbane
363341,Brisbane
363342,Brisbane
363343,Brisbane
363344,Brisbane
363345,Brisbane
363346,Brisbane
363347,Brisbane
363348,Perth
363349,Brisbane
363350,Brisbane
363351,Brisbane
363352,Brisbane
363353,Brisbane
363354,Brisbane
363355,Brisbane
363356,Brisbane
363357,Brisbane
363358,Brisbane
363359,Brisbane
363360,Brisbane
363361,Brisbane
363362,Brisbane
363363,Perth
363364,Brisbane
363365,Brisbane
363366,Brisbane
363367,Brisbane
363368,Brisbane
363369,Brisbane
363370,Brisbane
363371,Brisbane
363372,Sydney
363373,Sydney
363374,Melbourne
363375,Brisbane
363376,Brisbane
363377,Brisbane
363378,Brisbane
363379,Brisbane
363380,Brisbane
363381,Brisbane
363382,Brisbane
363383,Brisbane
363384,Brisbane
363385,Brisbane
363386,Brisbane
363387,Perth
363388,Brisbane
363389,Brisbane
363390,Brisbane
363391,Brisbane
363392,Sydney
363393,Brisbane
363394,Brisbane
363395,Brisbane
363396,Melbourne
363397,Brisbane
363398,Brisbane
363399,Brisbane
363400,Sydney
363401,Brisbane
363402,Brisbane
363403,Brisbane
363404,Brisbane
363405,Brisbane
363406,Brisbane
363407,Brisbane
363408,Sydney
363409,Brisbane
363410,Brisbane
363411,Brisbane
363412,Brisbane
363413,Brisbane
363414,Sydney
363415,Brisbane
363416,Brisbane
363417,Brisbane
363418,Sydney
363419,Brisbane
363420,Sydney
363421,Brisbane
363422,Brisbane
363423,Brisbane
363424,Brisbane
363425,Brisbane
363426,Brisbane
363427,Brisbane
363428,Brisbane
363429,Brisbane
363430,Brisbane
363431,Brisbane
363432,Brisbane
363433,Brisbane
363434,Brisbane
363435,Brisbane
363436,Brisbane
363437,Brisbane
363438,Brisbane
363439,Brisbane
363440,Brisbane
363441,Brisbane
363442,Brisbane
363443,Brisbane
363444,Brisbane
363445,Brisbane
363446,Brisbane
363447,Brisbane
363448,Brisbane
363449,Brisbane
363450,Brisbane
363451,Brisbane
363452,Brisbane
363453,Brisbane
363454,Brisbane
363455,Brisbane
363456,Brisbane
363457,Brisbane
363458,Brisbane
363459,Brisbane
363460,Brisbane
363461,Brisbane
363462,Melbourne
363463,Brisbane
363464,Brisbane
363465,Brisbane
363466,Brisbane
363467,Brisbane
363468,Brisbane
363469,Brisbane
363470,Brisbane
363471,Brisbane
363472,Brisbane
363473,Brisbane
363474,Sydney
363475,Brisbane
363476,Brisbane
363477,Brisbane
363478,Brisbane
363479,Brisbane
363480,Brisbane
363481,Brisbane
363482,Brisbane
363483,Brisbane
363484,Perth
363485,Brisbane
363486,Brisbane
363487,Brisbane
363488,Perth
363489,Melbourne
363490,Brisbane
363491,Perth
363492,Brisbane
363493,Brisbane
363494,Brisbane
363495,Brisbane
363496,Brisbane
363497,Brisbane
363498,Brisbane
363499,Brisbane
363500,Brisbane
363501,Brisbane
363502,Melbourne
363503,Brisbane
363504,Brisbane
363505,Brisbane
363506,Brisbane
363507,Brisbane
363508,Brisbane
363509,Perth
363510,Brisbane
363511,Brisbane
363512,Brisbane
363513,Perth
363514,Brisbane
363515,Brisbane
363516,Brisbane
363517,Brisbane
363518,Perth
363519,Brisbane
363520,Brisbane
363521,Brisbane
363522,Brisbane
363523,Brisbane
363524,Brisbane
363525,Brisbane
363526,Brisbane
363527,Brisbane
363528,Brisbane
363529,Brisbane
363530,Brisbane
363531,Brisbane
363532,Brisbane
363533,Brisbane
363534,Melbourne
363535,Brisbane
363536,Brisbane
363537,Brisbane
363538,Brisbane
363539,Brisbane
363540,Brisbane
363541,Brisbane
363542,Brisbane
363543,Brisbane
363544,Brisbane
363545,Brisbane
363546,Brisbane
363547,Brisbane
363548,Brisbane
363549,Brisbane
363550,Brisbane
363551,Brisbane
363552,Brisbane
363553,Perth
363554,Brisbane
363555,Brisbane
363556,Brisbane
363557,Brisbane
363558,Brisbane
363559,Brisbane
363560,Perth
363561,Brisbane
363562,Brisbane
363563,Brisbane
363564,Brisbane
363565,Brisbane
363566,Perth
363567,Brisbane
363568,Brisbane
363569,Brisbane
363570,Brisbane
363571,Brisbane
363572,Brisbane
363573,Melbourne
363574,Melbourne
363575,Brisbane
363576,Sydney
363577,Brisbane
363578,Brisbane
363579,Brisbane
363580,Brisbane
363581,Sydney
363582,Brisbane
363583,Brisbane
363584,Brisbane
363585,Brisbane
363586,Brisbane
363587,Brisbane
363588,Brisbane
363589,Brisbane
363590,Brisbane
363591,Brisbane
363592,Brisbane
363593,Brisbane
363594,Brisbane
363595,Brisbane
363596,Brisbane
363597,Brisbane
363598,Melbourne
363599,Brisbane
363600,Brisbane
363601,Brisbane
363602,Brisbane
363603,Brisbane
363604,Brisbane
363605,Brisbane
363606,Brisbane
363607,Brisbane
363608,Brisbane
363609,Brisbane
363610,Brisbane
363611,Brisbane
363612,Brisbane
363613,Brisbane
363614,Brisbane
363615,Brisbane
363616,Brisbane
363617,Brisbane
363618,Brisbane
363619,Brisbane
363620,Brisbane
363621,Sydney
363622,Brisbane
363623,Brisbane
363624,Brisbane
363625,Brisbane
363626,Brisbane
363627,Brisbane
363628,Brisbane
363629,Brisbane
363630,Brisbane
363631,Brisbane
363632,Brisbane
363633,Brisbane
363634,Brisbane
363635,Brisbane
363636,Brisbane
363637,Brisbane
363638,Brisbane
363639,Brisbane
363640,Brisbane
363641,Brisbane
363642,Brisbane
363643,Brisbane
363644,Brisbane
363645,Brisbane
363646,Perth
363647,Brisbane
363648,Brisbane
363649,Brisbane
363650,Brisbane
363651,Brisbane
363652,Brisbane
363653,Brisbane
363654,Melbourne
363655,Brisbane
363656,Brisbane
363657,Brisbane
363658,Brisbane
363659,Brisbane
363660,Brisbane
363661,Brisbane
363662,Brisbane
363663,Brisbane
363664,Brisbane
363665,Brisbane
363666,Brisbane
363667,Brisbane
363668,Brisbane
363669,Brisbane
363670,Brisbane
363671,Brisbane
363672,Brisbane
363673,Brisbane
363674,Brisbane
363675,Brisbane
363676,Brisbane
363677,Sydney
363678,Brisbane
363679,Brisbane
363680,Brisbane
363681,Brisbane
363682,Sydney
363683,Brisbane
363684,Brisbane
363685,Brisbane
363686,Brisbane
363687,Brisbane
363688,Perth
363689,Brisbane
363690,Brisbane
363691,Brisbane
363692,Brisbane
363693,Brisbane
363694,Brisbane
363695,Brisbane
363696,Brisbane
363697,Brisbane
363698,Brisbane
363699,Brisbane
363700,Brisbane
363701,Brisbane
363702,Brisbane
363703,Brisbane
363704,Brisbane
363705,Brisbane
363706,Brisbane
363707,Brisbane
363708,Brisbane
363709,Brisbane
363710,Brisbane
363711,Sydney
363712,Brisbane
363713,Brisbane
363714,Sydney
363715,Brisbane
363716,Brisbane
363717,Brisbane
363718,Sydney
363719,Brisbane
363720,Brisbane
363721,Brisbane
363722,Brisbane
363723,Perth
363724,Brisbane
363725,Brisbane
363726,Brisbane
363727,Melbourne
363728,Brisbane
363729,Brisbane
363730,Melbourne
363731,Brisbane
363732,Brisbane
363733,Brisbane
363734,Brisbane
363735,Brisbane
363736,Sydney
363737,Brisbane
363738,Brisbane
363739,Brisbane
363740,Brisbane
363741,Brisbane
363742,Brisbane
363743,Brisbane
363744,Brisbane
363745,Brisbane
363746,Brisbane
363747,Brisbane
363748,Brisbane
363749,Brisbane
363750,Brisbane
363751,Brisbane
363752,Sydney
363753,Brisbane
363754,Brisbane
363755,Brisbane
363756,Brisbane
363757,Brisbane
363758,Brisbane
363759,Brisbane
363760,Brisbane
363761,Brisbane
363762,Brisbane
363763,Sydney
363764,Brisbane
363765,Brisbane
363766,Perth
363767,Brisbane
363768,Brisbane
363769,Brisbane
363770,Brisbane
363771,Brisbane
363772,Brisbane
363773,Brisbane
363774,Brisbane
363775,Brisbane
363776,Brisbane
363777,Brisbane
363778,Perth
363779,Brisbane
363780,Brisbane
363781,Brisbane
363782,Brisbane
363783,Brisbane
363784,Brisbane
363785,Brisbane
363786,Brisbane
363787,Brisbane
363788,Brisbane
363789,Brisbane
363790,Brisbane
363791,Brisbane
363792,Brisbane
363793,Brisbane
363794,Brisbane
363795,Brisbane
363796,Brisbane
363797,Perth
363798,Brisbane
363799,Brisbane
363800,Brisbane
363801,Brisbane
363802,Brisbane
363803,Brisbane
363804,Brisbane
363805,Brisbane
363806,Brisbane
363807,Brisbane
363808,Brisbane
363809,Brisbane
363810,Brisbane
363811,Brisbane
363812,Brisbane
363813,Brisbane
363814,Brisbane
363815,Brisbane
363816,Brisbane
363817,Brisbane
363818,Brisbane
363819,Brisbane
363820,Brisbane
363821,Brisbane
363822,Perth
363823,Sydney
363824,Brisbane
363825,Brisbane
363826,Brisbane
363827,Brisbane
363828,Brisbane
363829,Brisbane
363830,Brisbane
363831,Brisbane
363832,Sydney
363833,Brisbane
363834,Brisbane
363835,Brisbane
363836,Brisbane
363837,Brisbane
363838,Brisbane
363839,Brisbane
363840,Brisbane
363841,Brisbane
363842,Brisbane
363843,Brisbane
363844,Brisbane
363845,Brisbane
363846,Brisbane
363847,Brisbane
363848,Sydney
363849,Brisbane
363850,Brisbane
363851,Perth
363852,Brisbane
363853,Brisbane
363854,Brisbane
363855,Brisbane
363856,Brisbane
363857,Brisbane
363858,Brisbane
363859,Brisbane
363860,Brisbane
363861,Brisbane
363862,Brisbane
363863,Brisbane
363864,Brisbane
363865,Brisbane
363866,Brisbane
363867,Melbourne
363868,Brisbane
363869,Brisbane
363870,Brisbane
363871,Brisbane
363872,Brisbane
363873,Brisbane
363874,Brisbane
363875,Brisbane
363876,Sydney
363877,Melbourne
363878,Brisbane
363879,Sydney
363880,Brisbane
363881,Brisbane
363882,Brisbane
363883,Brisbane
363884,Brisbane
363885,Brisbane
363886,Brisbane
363887,Brisbane
363888,Brisbane
363889,Brisbane
363890,Brisbane
363891,Brisbane
363892,Brisbane
363893,Brisbane
363894,Brisbane
363895,Brisbane
363896,Brisbane
363897,Brisbane
363898,Brisbane
363899,Brisbane
363900,Brisbane
363901,Brisbane
363902,Brisbane
363903,Brisbane
363904,Brisbane
363905,Brisbane
363906,Brisbane
363907,Brisbane
363908,Brisbane
363909,Brisbane
363910,Brisbane
363911,Brisbane
363912,Brisbane
363913,Brisbane
363914,Brisbane
363915,Brisbane
363916,Brisbane
363917,Brisbane
363918,Brisbane
363919,Brisbane
363920,Sydney
363921,Brisbane
363922,Brisbane
363923,Brisbane
363924,Brisbane
363925,Brisbane
363926,Brisbane
363927,Brisbane
363928,Brisbane
363929,Brisbane
363930,Brisbane
363931,Brisbane
363932,Sydney
363933,Brisbane
363934,Brisbane
363935,Brisbane
363936,Brisbane
363937,Brisbane
363938,Brisbane
363939,Brisbane
363940,Brisbane
363941,Sydney
363942,Sydney
363943,Brisbane
363944,Perth
363945,Brisbane
363946,Brisbane
363947,Brisbane
363948,Melbourne
363949,Brisbane
363950,Brisbane
363951,Brisbane
363952,Brisbane
363953,Brisbane
363954,Brisbane
363955,Perth
363956,Brisbane
363957,Brisbane
363958,Brisbane
363959,Brisbane
363960,Brisbane
363961,Brisbane
363962,Brisbane
363963,Brisbane
363964,Brisbane
363965,Brisbane
363966,Sydney
363967,Brisbane
363968,Brisbane
363969,Brisbane
363970,Brisbane
363971,Brisbane
363972,Brisbane
363973,Brisbane
363974,Brisbane
363975,Brisbane
363976,Brisbane
363977,Brisbane
363978,Brisbane
363979,Brisbane
363980,Brisbane
363981,Brisbane
363982,Sydney
363983,Brisbane
363984,Brisbane
363985,Brisbane
363986,Brisbane
363987,Brisbane
363988,Brisbane
363989,Sydney
363990,Brisbane
363991,Brisbane
363992,Sydney
363993,Brisbane
363994,Brisbane
363995,Brisbane
363996,Brisbane
363997,Brisbane
363998,Brisbane
363999,Brisbane
364000,Perth
364001,Perth
364002,Brisbane
364003,Brisbane
364004,Brisbane
364005,Brisbane
364006,Brisbane
364007,Brisbane
364008,Sydney
364009,Brisbane
364010,Brisbane
364011,Brisbane
364012,Brisbane
364013,Brisbane
364014,Brisbane
364015,Brisbane
364016,Brisbane
364017,Brisbane
364018,Brisbane
364019,Brisbane
364020,Brisbane
364021,Brisbane
364022,Brisbane
364023,Brisbane
364024,Brisbane
364025,Brisbane
364026,Brisbane
364027,Brisbane
364028,Sydney
364029,Brisbane
364030,Brisbane
364031,Brisbane
364032,Perth
364033,Brisbane
364034,Perth
364035,Brisbane
364036,Brisbane
364037,Brisbane
364038,Brisbane
364039,Brisbane
364040,Brisbane
364041,Brisbane
364042,Brisbane
364043,Brisbane
364044,Brisbane
364045,Brisbane
364046,Brisbane
364047,Brisbane
364048,Brisbane
364049,Brisbane
364050,Brisbane
364051,Brisbane
364052,Brisbane
364053,Sydney
364054,Brisbane
364055,Brisbane
364056,Brisbane
364057,Brisbane
364058,Brisbane
364059,Brisbane
364060,Brisbane
364061,Perth
364062,Brisbane
364063,Brisbane
364064,Perth
364065,Brisbane
364066,Brisbane
364067,Brisbane
364068,Brisbane
364069,Brisbane
364070,Brisbane
364071,Brisbane
364072,Brisbane
364073,Brisbane
364074,Brisbane
364075,Brisbane
364076,Brisbane
364077,Brisbane
364078,Brisbane
364079,Brisbane
364080,Brisbane
364081,Brisbane
364082,Brisbane
364083,Brisbane
364084,Brisbane
364085,Melbourne
364086,Brisbane
364087,Sydney
364088,Brisbane
364089,Brisbane
364090,Brisbane
364091,Brisbane
364092,Brisbane
364093,Brisbane
364094,Brisbane
364095,Brisbane
364096,Brisbane
364097,Brisbane
364098,Brisbane
364099,Brisbane
364100,Brisbane
364101,Brisbane
364102,Brisbane
364103,Brisbane
364104,Perth
364105,Brisbane
364106,Brisbane
364107,Perth
364108,Brisbane
364109,Brisbane
364110,Brisbane
364111,Brisbane
364112,Brisbane
364113,Brisbane
364114,Perth
364115,Brisbane
364116,Brisbane
364117,Brisbane
364118,Brisbane
364119,Brisbane
364120,Brisbane
364121,Brisbane
364122,Brisbane
364123,Brisbane
364124,Brisbane
364125,Brisbane
364126,Brisbane
364127,Brisbane
364128,Melbourne
364129,Melbourne
364130,Brisbane
364131,Brisbane
364132,Brisbane
364133,Brisbane
364134,Sydney
364135,Melbourne
364136,Brisbane
364137,Brisbane
364138,Brisbane
364139,Brisbane
364140,Brisbane
364141,Brisbane
364142,Brisbane
364143,Brisbane
364144,Brisbane
364145,Brisbane
364146,Brisbane
364147,Brisbane
364148,Brisbane
364149,Brisbane
364150,Brisbane
364151,Brisbane
364152,Brisbane
364153,Brisbane
364154,Brisbane
364155,Brisbane
364156,Brisbane
364157,Brisbane
364158,Brisbane
364159,Brisbane
364160,Sydney
364161,Perth
364162,Brisbane
364163,Brisbane
364164,Brisbane
364165,Brisbane
364166,Melbourne
364167,Brisbane
364168,Sydney
364169,Brisbane
364170,Melbourne
364171,Brisbane
364172,Sydney
364173,Brisbane
364174,Brisbane
364175,Brisbane
364176,Brisbane
364177,Brisbane
364178,Brisbane
364179,Brisbane
364180,Sydney
364181,Brisbane
364182,Brisbane
364183,Brisbane
364184,Brisbane
364185,Melbourne
364186,Brisbane
364187,Brisbane
364188,Brisbane
364189,Brisbane
364190,Brisbane
364191,Brisbane
364192,Brisbane
364193,Brisbane
364194,Perth
364195,Brisbane
364196,Brisbane
364197,Brisbane
364198,Brisbane
364199,Brisbane
364200,Brisbane
364201,Brisbane
364202,Perth
364203,Brisbane
364204,Brisbane
364205,Perth
364206,Sydney
364207,Brisbane
364208,Brisbane
364209,Brisbane
364210,Melbourne
364211,Brisbane
364212,Brisbane
364213,Brisbane
364214,Brisbane
364215,Brisbane
364216,Brisbane
364217,Melbourne
364218,Brisbane
364219,Brisbane
364220,Brisbane
364221,Brisbane
364222,Brisbane
364223,Brisbane
364224,Brisbane
364225,Brisbane
364226,Brisbane
364227,Brisbane
364228,Brisbane
364229,Brisbane
364230,Brisbane
364231,Brisbane
364232,Brisbane
364233,Brisbane
364234,Brisbane
364235,Perth
364236,Brisbane
364237,Brisbane
364238,Brisbane
364239,Brisbane
364240,Brisbane
364241,Brisbane
364242,Sydney
364243,Brisbane
364244,Brisbane
364245,Brisbane
364246,Brisbane
364247,Brisbane
364248,Brisbane
364249,Brisbane
364250,Brisbane
364251,Brisbane
364252,Brisbane
364253,Brisbane
364254,Brisbane
364255,Brisbane
364256,Brisbane
364257,Brisbane
364258,Brisbane
364259,Brisbane
364260,Brisbane
364261,Brisbane
364262,Brisbane
364263,Brisbane
364264,Brisbane
364265,Brisbane
364266,Brisbane
364267,Brisbane
364268,Brisbane
364269,Brisbane
364270,Brisbane
364271,Brisbane
364272,Brisbane
364273,Brisbane
364274,Brisbane
364275,Brisbane
364276,Brisbane
364277,Brisbane
364278,Brisbane
364279,Brisbane
364280,Brisbane
364281,Sydney
364282,Brisbane
364283,Brisbane
364284,Brisbane
364285,Brisbane
364286,Brisbane
364287,Brisbane
364288,Brisbane
364289,Brisbane
364290,Sydney
364291,Brisbane
364292,Brisbane
364293,Brisbane
364294,Sydney
364295,Brisbane
364296,Brisbane
364297,Melbourne
364298,Brisbane
364299,Brisbane
364300,Brisbane
364301,Brisbane
364302,Brisbane
364303,Brisbane
364304,Brisbane
364305,Sydney
364306,Brisbane
364307,Brisbane
364308,Brisbane
364309,Perth
364310,Brisbane
364311,Brisbane
364312,Brisbane
364313,Brisbane
364314,Brisbane
364315,Brisbane
364316,Brisbane
364317,Sydney
364318,Brisbane
364319,Brisbane
364320,Brisbane
364321,Brisbane
364322,Brisbane
364323,Brisbane
364324,Brisbane
364325,Brisbane
364326,Brisbane
364327,Brisbane
364328,Brisbane
364329,Brisbane
364330,Brisbane
364331,Brisbane
364332,Brisbane
364333,Brisbane
364334,Brisbane
364335,Brisbane
364336,Melbourne
364337,Brisbane
364338,Brisbane
364339,Brisbane
364340,Brisbane
364341,Brisbane
364342,Brisbane
364343,Brisbane
364344,Brisbane
364345,Brisbane
364346,Brisbane
364347,Brisbane
364348,Brisbane
364349,Brisbane
364350,Brisbane
364351,Brisbane
364352,Brisbane
364353,Brisbane
364354,Brisbane
364355,Brisbane
364356,Brisbane
364357,Brisbane
364358,Brisbane
364359,Brisbane
364360,Brisbane
364361,Brisbane
364362,Sydney
364363,Brisbane
364364,Brisbane
364365,Brisbane
364366,Brisbane
364367,Brisbane
364368,Sydney
364369,Brisbane
364370,Brisbane
364371,Brisbane
364372,Brisbane
364373,Brisbane
364374,Brisbane
364375,Brisbane
364376,Brisbane
364377,Brisbane
364378,Brisbane
364379,Brisbane
364380,Brisbane
364381,Brisbane
364382,Brisbane
364383,Brisbane
364384,Brisbane
364385,Perth
364386,Brisbane
364387,Brisbane
364388,Melbourne
364389,Brisbane
364390,Brisbane
364391,Brisbane
364392,Brisbane
364393,Brisbane
364394,Brisbane
364395,Brisbane
364396,Perth
364397,Brisbane
364398,Brisbane
364399,Brisbane
364400,Brisbane
364401,Brisbane
364402,Sydney
364403,Brisbane
364404,Brisbane
364405,Brisbane
364406,Brisbane
364407,Brisbane
364408,Brisbane
364409,Brisbane
364410,Brisbane
364411,Brisbane
364412,Brisbane
364413,Sydney
364414,Brisbane
364415,Brisbane
364416,Brisbane
364417,Brisbane
364418,Brisbane
364419,Brisbane
364420,Brisbane
364421,Sydney
364422,Brisbane
364423,Brisbane
364424,Brisbane
364425,Brisbane
364426,Brisbane
364427,Sydney
364428,Sydney
364429,Melbourne
364430,Brisbane
364431,Brisbane
364432,Brisbane
364433,Brisbane
364434,Brisbane
364435,Brisbane
364436,Brisbane
364437,Brisbane
364438,Melbourne
364439,Brisbane
364440,Brisbane
364441,Sydney
364442,Brisbane
364443,Brisbane
364444,Brisbane
364445,Brisbane
364446,Brisbane
364447,Brisbane
364448,Brisbane
364449,Brisbane
364450,Brisbane
364451,Brisbane
364452,Brisbane
364453,Brisbane
364454,Brisbane
364455,Brisbane
364456,Brisbane
364457,Brisbane
364458,Brisbane
364459,Brisbane
364460,Brisbane
364461,Brisbane
364462,Brisbane
364463,Brisbane
364464,Brisbane
364465,Brisbane
364466,Brisbane
364467,Brisbane
364468,Brisbane
364469,Brisbane
364470,Brisbane
364471,Brisbane
364472,Brisbane
364473,Brisbane
364474,Brisbane
364475,Brisbane
364476,Melbourne
364477,Brisbane
364478,Brisbane
364479,Brisbane
364480,Brisbane
364481,Brisbane
364482,Brisbane
364483,Brisbane
364484,Brisbane
364485,Brisbane
364486,Brisbane
364487,Brisbane
364488,Brisbane
364489,Brisbane
364490,Brisbane
364491,Sydney
364492,Brisbane
364493,Brisbane
364494,Sydney
364495,Brisbane
364496,Brisbane
364497,Brisbane
364498,Brisbane
364499,Brisbane
364500,Brisbane
364501,Brisbane
364502,Brisbane
364503,Brisbane
364504,Brisbane
364505,Perth
364506,Brisbane
364507,Brisbane
364508,Brisbane
364509,Brisbane
364510,Brisbane
364511,Melbourne
364512,Brisbane
364513,Brisbane
364514,Brisbane
364515,Brisbane
364516,Brisbane
364517,Brisbane
364518,Brisbane
364519,Brisbane
364520,Perth
364521,Brisbane
364522,Brisbane
364523,Brisbane
364524,Brisbane
364525,Brisbane
364526,Brisbane
364527,Brisbane
364528,Brisbane
364529,Brisbane
364530,Brisbane
364531,Brisbane
364532,Brisbane
364533,Brisbane
364534,Brisbane
364535,Brisbane
364536,Melbourne
364537,Brisbane
364538,Brisbane
364539,Brisbane
364540,Brisbane
364541,Brisbane
364542,Perth
364543,Brisbane
364544,Brisbane
364545,Brisbane
364546,Brisbane
364547,Brisbane
364548,Brisbane
364549,Brisbane
364550,Sydney
364551,Brisbane
364552,Perth
364553,Brisbane
364554,Brisbane
364555,Brisbane
364556,Brisbane
364557,Brisbane
364558,Brisbane
364559,Brisbane
364560,Brisbane
364561,Brisbane
364562,Brisbane
364563,Brisbane
364564,Brisbane
364565,Brisbane
364566,Brisbane
364567,Brisbane
364568,Brisbane
364569,Brisbane
364570,Sydney
364571,Brisbane
364572,Brisbane
364573,Melbourne
364574,Brisbane
364575,Brisbane
364576,Brisbane
364577,Brisbane
364578,Brisbane
364579,Brisbane
364580,Brisbane
364581,Perth
364582,Sydney
364583,Brisbane
364584,Brisbane
364585,Brisbane
364586,Brisbane
364587,Brisbane
364588,Brisbane
364589,Brisbane
364590,Brisbane
364591,Brisbane
364592,Brisbane
364593,Brisbane
364594,Brisbane
364595,Brisbane
364596,Brisbane
364597,Brisbane
364598,Brisbane
364599,Brisbane
364600,Brisbane
364601,Brisbane
364602,Brisbane
364603,Brisbane
364604,Brisbane
364605,Brisbane
364606,Brisbane
364607,Brisbane
364608,Brisbane
364609,Brisbane
364610,Brisbane
364611,Brisbane
364612,Brisbane
364613,Brisbane
364614,Brisbane
364615,Brisbane
364616,Brisbane
364617,Brisbane
364618,Brisbane
364619,Brisbane
364620,Brisbane
364621,Brisbane
364622,Brisbane
364623,Brisbane
364624,Brisbane
364625,Perth
364626,Brisbane
364627,Brisbane
364628,Brisbane
364629,Brisbane
364630,Brisbane
364631,Brisbane
364632,Brisbane
364633,Brisbane
364634,Brisbane
364635,Brisbane
364636,Brisbane
364637,Brisbane
364638,Brisbane
364639,Brisbane
364640,Brisbane
364641,Brisbane
364642,Brisbane
364643,Brisbane
364644,Brisbane
364645,Melbourne
364646,Brisbane
364647,Brisbane
364648,Brisbane
364649,Brisbane
364650,Brisbane
364651,Brisbane
364652,Brisbane
364653,Brisbane
364654,Brisbane
364655,Sydney
364656,Brisbane
364657,Brisbane
364658,Brisbane
364659,Brisbane
364660,Brisbane
364661,Brisbane
364662,Brisbane
364663,Brisbane
364664,Brisbane
364665,Brisbane
364666,Brisbane
364667,Brisbane
364668,Brisbane
364669,Brisbane
364670,Brisbane
364671,Brisbane
364672,Brisbane
364673,Brisbane
364674,Brisbane
364675,Brisbane
364676,Brisbane
364677,Brisbane
364678,Perth
364679,Brisbane
364680,Brisbane
364681,Brisbane
364682,Brisbane
364683,Brisbane
364684,Brisbane
364685,Perth
364686,Brisbane
364687,Perth
364688,Melbourne
364689,Brisbane
364690,Brisbane
364691,Brisbane
364692,Brisbane
364693,Brisbane
364694,Brisbane
364695,Brisbane
364696,Brisbane
364697,Sydney
364698,Brisbane
364699,Sydney
364700,Brisbane
364701,Brisbane
364702,Brisbane
364703,Brisbane
364704,Brisbane
364705,Brisbane
364706,Brisbane
364707,Brisbane
364708,Perth
364709,Brisbane
364710,Brisbane
364711,Brisbane
364712,Perth
364713,Brisbane
364714,Brisbane
364715,Brisbane
364716,Brisbane
364717,Brisbane
364718,Brisbane
364719,Brisbane
364720,Brisbane
364721,Brisbane
364722,Brisbane
364723,Brisbane
364724,Brisbane
364725,Brisbane
364726,Brisbane
364727,Brisbane
364728,Brisbane
364729,Brisbane
364730,Brisbane
364731,Brisbane
364732,Brisbane
364733,Brisbane
364734,Brisbane
364735,Brisbane
364736,Brisbane
364737,Brisbane
364738,Brisbane
364739,Brisbane
364740,Brisbane
364741,Melbourne
364742,Brisbane
364743,Brisbane
364744,Brisbane
364745,Brisbane
364746,Brisbane
364747,Brisbane
364748,Brisbane
364749,Brisbane
364750,Brisbane
364751,Melbourne
364752,Brisbane
364753,Brisbane
364754,Brisbane
364755,Brisbane
364756,Brisbane
364757,Brisbane
364758,Brisbane
364759,Brisbane
364760,Brisbane
364761,Brisbane
364762,Brisbane
364763,Brisbane
364764,Brisbane
364765,Brisbane
364766,Brisbane
364767,Brisbane
364768,Brisbane
364769,Brisbane
364770,Melbourne
364771,Brisbane
364772,Brisbane
364773,Brisbane
364774,Brisbane
364775,Brisbane
364776,Brisbane
364777,Brisbane
364778,Brisbane
364779,Sydney
364780,Perth
364781,Brisbane
364782,Brisbane
364783,Brisbane
364784,Brisbane
364785,Sydney
364786,Brisbane
364787,Brisbane
364788,Brisbane
364789,Brisbane
364790,Brisbane
364791,Brisbane
364792,Melbourne
364793,Brisbane
364794,Brisbane
364795,Sydney
364796,Brisbane
364797,Brisbane
364798,Brisbane
364799,Brisbane
364800,Sydney
364801,Brisbane
364802,Brisbane
364803,Brisbane
364804,Brisbane
364805,Brisbane
364806,Brisbane
364807,Brisbane
364808,Brisbane
364809,Brisbane
364810,Brisbane
364811,Brisbane
364812,Melbourne
364813,Brisbane
364814,Brisbane
364815,Brisbane
364816,Brisbane
364817,Brisbane
364818,Melbourne
364819,Brisbane
364820,Brisbane
364821,Brisbane
364822,Melbourne
364823,Brisbane
364824,Brisbane
364825,Perth
364826,Brisbane
364827,Brisbane
364828,Brisbane
364829,Brisbane
364830,Melbourne
364831,Brisbane
364832,Brisbane
364833,Brisbane
364834,Brisbane
364835,Brisbane
364836,Brisbane
364837,Brisbane
364838,Melbourne
364839,Brisbane
364840,Brisbane
364841,Brisbane
364842,Brisbane
364843,Perth
364844,Brisbane
364845,Sydney
364846,Brisbane
364847,Brisbane
364848,Brisbane
364849,Brisbane
364850,Brisbane
364851,Brisbane
364852,Brisbane
364853,Brisbane
364854,Brisbane
364855,Brisbane
364856,Sydney
364857,Brisbane
364858,Perth
364859,Brisbane
364860,Brisbane
364861,Brisbane
364862,Brisbane
364863,Brisbane
364864,Brisbane
364865,Sydney
364866,Brisbane
364867,Brisbane
364868,Brisbane
364869,Brisbane
364870,Brisbane
364871,Brisbane
364872,Brisbane
364873,Brisbane
364874,Brisbane
364875,Brisbane
364876,Brisbane
364877,Brisbane
364878,Brisbane
364879,Brisbane
364880,Brisbane
364881,Brisbane
364882,Brisbane
364883,Brisbane
364884,Brisbane
364885,Brisbane
364886,Melbourne
364887,Brisbane
364888,Brisbane
364889,Brisbane
364890,Brisbane
364891,Brisbane
364892,Brisbane
364893,Melbourne
364894,Brisbane
364895,Brisbane
364896,Brisbane
364897,Brisbane
364898,Brisbane
364899,Brisbane
364900,Perth
364901,Brisbane
364902,Brisbane
364903,Brisbane
364904,Brisbane
364905,Brisbane
364906,Brisbane
364907,Brisbane
364908,Brisbane
364909,Brisbane
364910,Brisbane
364911,Brisbane
364912,Perth
364913,Brisbane
364914,Brisbane
364915,Perth
364916,Brisbane
364917,Brisbane
364918,Brisbane
364919,Brisbane
364920,Brisbane
364921,Brisbane
364922,Brisbane
364923,Brisbane
364924,Brisbane
364925,Brisbane
364926,Brisbane
364927,Brisbane
364928,Brisbane
364929,Sydney
364930,Brisbane
364931,Brisbane
364932,Brisbane
364933,Melbourne
364934,Melbourne
364935,Perth
364936,Brisbane
364937,Brisbane
364938,Brisbane
364939,Brisbane
364940,Brisbane
364941,Brisbane
364942,Brisbane
364943,Brisbane
364944,Brisbane
364945,Brisbane
364946,Brisbane
364947,Brisbane
364948,Brisbane
364949,Brisbane
364950,Brisbane
364951,Brisbane
364952,Brisbane
364953,Brisbane
364954,Brisbane
364955,Brisbane
364956,Brisbane
364957,Brisbane
364958,Brisbane
364959,Brisbane
364960,Brisbane
364961,Brisbane
364962,Brisbane
364963,Sydney
364964,Brisbane
364965,Brisbane
364966,Brisbane
364967,Brisbane
364968,Perth
364969,Brisbane
364970,Brisbane
364971,Brisbane
364972,Brisbane
364973,Brisbane
364974,Sydney
364975,Brisbane
364976,Brisbane
364977,Brisbane
364978,Perth
364979,Brisbane
364980,Brisbane
364981,Brisbane
364982,Brisbane
364983,Brisbane
364984,Brisbane
364985,Brisbane
364986,Brisbane
364987,Brisbane
364988,Brisbane
364989,Brisbane
364990,Brisbane
364991,Brisbane
364992,Brisbane
364993,Brisbane
364994,Brisbane
364995,Brisbane
364996,Perth
364997,Brisbane
364998,Sydney
364999,Brisbane
365000,Brisbane
365001,Brisbane
365002,Brisbane
365003,Brisbane
365004,Brisbane
365005,Brisbane
365006,Brisbane
365007,Brisbane
365008,Brisbane
365009,Brisbane
365010,Brisbane
365011,Brisbane
365012,Brisbane
365013,Brisbane
365014,Brisbane
365015,Brisbane
365016,Brisbane
365017,Brisbane
365018,Brisbane
365019,Brisbane
365020,Perth
365021,Sydney
365022,Brisbane
365023,Brisbane
365024,Sydney
365025,Brisbane
365026,Brisbane
365027,Perth
365028,Brisbane
365029,Brisbane
365030,Brisbane
365031,Brisbane
365032,Brisbane
365033,Brisbane
365034,Brisbane
365035,Brisbane
365036,Brisbane
365037,Brisbane
365038,Brisbane
365039,Brisbane
365040,Sydney
365041,Brisbane
365042,Brisbane
365043,Brisbane
365044,Brisbane
365045,Brisbane
365046,Brisbane
365047,Brisbane
365048,Brisbane
365049,Brisbane
365050,Brisbane
365051,Brisbane
365052,Brisbane
365053,Brisbane
365054,Brisbane
365055,Brisbane
365056,Brisbane
365057,Brisbane
365058,Brisbane
365059,Brisbane
365060,Melbourne
365061,Brisbane
365062,Brisbane
365063,Brisbane
365064,Brisbane
365065,Brisbane
365066,Brisbane
365067,Sydney
365068,Brisbane
365069,Sydney
365070,Brisbane
365071,Brisbane
365072,Brisbane
365073,Brisbane
365074,Brisbane
365075,Brisbane
365076,Sydney
365077,Brisbane
365078,Brisbane
365079,Brisbane
365080,Brisbane
365081,Brisbane
365082,Brisbane
365083,Brisbane
365084,Brisbane
365085,Brisbane
365086,Brisbane
365087,Brisbane
365088,Perth
365089,Brisbane
365090,Brisbane
365091,Brisbane
365092,Brisbane
365093,Brisbane
365094,Brisbane
365095,Brisbane
365096,Brisbane
365097,Brisbane
365098,Brisbane
365099,Brisbane
365100,Brisbane
365101,Brisbane
365102,Brisbane
365103,Brisbane
365104,Brisbane
365105,Brisbane
365106,Brisbane
365107,Brisbane
365108,Brisbane
365109,Brisbane
365110,Perth
365111,Brisbane
365112,Brisbane
365113,Brisbane
365114,Brisbane
365115,Brisbane
365116,Brisbane
365117,Brisbane
365118,Brisbane
365119,Brisbane
365120,Sydney
365121,Brisbane
365122,Perth
365123,Brisbane
365124,Sydney
365125,Brisbane
365126,Brisbane
365127,Brisbane
365128,Brisbane
365129,Brisbane
365130,Brisbane
365131,Brisbane
365132,Sydney
365133,Brisbane
365134,Brisbane
365135,Melbourne
365136,Brisbane
365137,Brisbane
365138,Brisbane
365139,Brisbane
365140,Brisbane
365141,Brisbane
365142,Brisbane
365143,Brisbane
365144,Brisbane
365145,Brisbane
365146,Brisbane
365147,Sydney
365148,Brisbane
365149,Brisbane
365150,Brisbane
365151,Brisbane
365152,Brisbane
365153,Brisbane
365154,Brisbane
365155,Brisbane
365156,Brisbane
365157,Brisbane
365158,Brisbane
365159,Sydney
365160,Brisbane
365161,Brisbane
365162,Brisbane
365163,Brisbane
365164,Brisbane
365165,Brisbane
365166,Brisbane
365167,Brisbane
365168,Brisbane
365169,Brisbane
365170,Brisbane
365171,Brisbane
365172,Brisbane
365173,Brisbane
365174,Brisbane
365175,Brisbane
365176,Brisbane
365177,Brisbane
365178,Brisbane
365179,Brisbane
365180,Brisbane
365181,Brisbane
365182,Perth
365183,Brisbane
365184,Brisbane
365185,Brisbane
365186,Brisbane
365187,Brisbane
365188,Brisbane
365189,Brisbane
365190,Brisbane
365191,Brisbane
365192,Brisbane
365193,Brisbane
365194,Brisbane
365195,Brisbane
365196,Brisbane
365197,Brisbane
365198,Brisbane
365199,Brisbane
365200,Brisbane
365201,Brisbane
365202,Brisbane
365203,Brisbane
365204,Brisbane
365205,Brisbane
365206,Brisbane
365207,Brisbane
365208,Melbourne
365209,Brisbane
365210,Brisbane
365211,Brisbane
365212,Brisbane
365213,Brisbane
365214,Brisbane
365215,Brisbane
365216,Melbourne
365217,Brisbane
365218,Brisbane
365219,Brisbane
365220,Brisbane
365221,Brisbane
365222,Brisbane
365223,Brisbane
365224,Brisbane
365225,Brisbane
365226,Brisbane
365227,Perth
365228,Brisbane
365229,Brisbane
365230,Sydney
365231,Brisbane
365232,Brisbane
365233,Brisbane
365234,Brisbane
365235,Brisbane
365236,Perth
365237,Brisbane
365238,Brisbane
365239,Brisbane
365240,Brisbane
365241,Brisbane
365242,Brisbane
365243,Sydney
365244,Brisbane
365245,Brisbane
365246,Perth
365247,Brisbane
365248,Brisbane
365249,Brisbane
365250,Brisbane
365251,Brisbane
365252,Brisbane
365253,Brisbane
365254,Melbourne
365255,Brisbane
365256,Brisbane
365257,Brisbane
365258,Brisbane
365259,Brisbane
365260,Brisbane
365261,Brisbane
365262,Brisbane
365263,Brisbane
365264,Brisbane
365265,Brisbane
365266,Brisbane
365267,Brisbane
365268,Brisbane
365269,Brisbane
365270,Brisbane
365271,Brisbane
365272,Brisbane
365273,Brisbane
365274,Brisbane
365275,Perth
365276,Brisbane
365277,Brisbane
365278,Brisbane
365279,Brisbane
365280,Brisbane
365281,Brisbane
365282,Brisbane
365283,Brisbane
365284,Brisbane
365285,Sydney
365286,Brisbane
365287,Brisbane
365288,Brisbane
365289,Perth
365290,Brisbane
365291,Brisbane
365292,Brisbane
365293,Brisbane
365294,Brisbane
365295,Brisbane
365296,Brisbane
365297,Brisbane
365298,Brisbane
365299,Brisbane
365300,Brisbane
365301,Perth
365302,Brisbane
365303,Perth
365304,Brisbane
365305,Brisbane
365306,Brisbane
365307,Brisbane
365308,Brisbane
365309,Brisbane
365310,Brisbane
365311,Brisbane
365312,Brisbane
365313,Brisbane
365314,Brisbane
365315,Brisbane
365316,Melbourne
365317,Sydney
365318,Brisbane
365319,Perth
365320,Brisbane
365321,Brisbane
365322,Brisbane
365323,Brisbane
365324,Brisbane
365325,Sydney
365326,Brisbane
365327,Sydney
365328,Brisbane
365329,Brisbane
365330,Brisbane
365331,Brisbane
365332,Brisbane
365333,Brisbane
365334,Brisbane
365335,Brisbane
365336,Brisbane
365337,Brisbane
365338,Brisbane
365339,Brisbane
365340,Brisbane
365341,Brisbane
365342,Brisbane
365343,Brisbane
365344,Brisbane
365345,Perth
365346,Brisbane
365347,Brisbane
365348,Brisbane
365349,Brisbane
365350,Brisbane
365351,Brisbane
365352,Brisbane
365353,Brisbane
365354,Brisbane
365355,Brisbane
365356,Brisbane
365357,Brisbane
365358,Brisbane
365359,Brisbane
365360,Perth
365361,Brisbane
365362,Brisbane
365363,Brisbane
365364,Brisbane
365365,Brisbane
365366,Brisbane
365367,Brisbane
365368,Sydney
365369,Brisbane
365370,Sydney
365371,Brisbane
365372,Brisbane
365373,Brisbane
365374,Perth
365375,Brisbane
365376,Brisbane
365377,Brisbane
365378,Brisbane
365379,Brisbane
365380,Brisbane
365381,Brisbane
365382,Brisbane
365383,Brisbane
365384,Sydney
365385,Brisbane
365386,Brisbane
365387,Brisbane
365388,Brisbane
365389,Brisbane
365390,Brisbane
365391,Brisbane
365392,Brisbane
365393,Brisbane
365394,Brisbane
365395,Brisbane
365396,Brisbane
365397,Brisbane
365398,Brisbane
365399,Brisbane
365400,Brisbane
365401,Brisbane
365402,Brisbane
365403,Brisbane
365404,Brisbane
365405,Brisbane
365406,Brisbane
365407,Brisbane
365408,Brisbane
365409,Brisbane
365410,Brisbane
365411,Brisbane
365412,Brisbane
365413,Brisbane
365414,Brisbane
365415,Brisbane
365416,Perth
365417,Brisbane
365418,Brisbane
365419,Brisbane
365420,Brisbane
365421,Brisbane
365422,Brisbane
365423,Brisbane
365424,Brisbane
365425,Perth
365426,Brisbane
365427,Brisbane
365428,Brisbane
365429,Brisbane
365430,Brisbane
365431,Brisbane
365432,Perth
365433,Brisbane
365434,Brisbane
365435,Brisbane
365436,Sydney
365437,Brisbane
365438,Melbourne
365439,Brisbane
365440,Brisbane
365441,Brisbane
365442,Brisbane
365443,Brisbane
365444,Brisbane
365445,Brisbane
365446,Brisbane
365447,Brisbane
365448,Brisbane
365449,Brisbane
365450,Melbourne
365451,Brisbane
365452,Brisbane
365453,Brisbane
365454,Brisbane
365455,Brisbane
365456,Brisbane
365457,Brisbane
365458,Brisbane
365459,Sydney
365460,Brisbane
365461,Brisbane
365462,Brisbane
365463,Perth
365464,Brisbane
365465,Brisbane
365466,Brisbane
365467,Brisbane
365468,Melbourne
365469,Brisbane
365470,Brisbane
365471,Brisbane
365472,Brisbane
365473,Brisbane
365474,Brisbane
365475,Perth
365476,Sydney
365477,Brisbane
365478,Brisbane
365479,Brisbane
365480,Brisbane
365481,Brisbane
365482,Brisbane
365483,Brisbane
365484,Brisbane
365485,Brisbane
365486,Brisbane
365487,Brisbane
365488,Brisbane
365489,Perth
365490,Brisbane
365491,Brisbane
365492,Brisbane
365493,Brisbane
365494,Brisbane
365495,Brisbane
365496,Sydney
365497,Brisbane
365498,Brisbane
365499,Brisbane
365500,Brisbane
365501,Brisbane
365502,Brisbane
365503,Brisbane
365504,Brisbane
365505,Brisbane
365506,Brisbane
365507,Brisbane
365508,Brisbane
365509,Brisbane
365510,Brisbane
365511,Brisbane
365512,Brisbane
365513,Brisbane
365514,Brisbane
365515,Brisbane
365516,Brisbane
365517,Brisbane
365518,Brisbane
365519,Brisbane
365520,Brisbane
365521,Brisbane
365522,Brisbane
365523,Brisbane
365524,Brisbane
365525,Brisbane
365526,Brisbane
365527,Brisbane
365528,Brisbane
365529,Brisbane
365530,Brisbane
365531,Brisbane
365532,Brisbane
365533,Brisbane
365534,Brisbane
365535,Brisbane
365536,Brisbane
365537,Brisbane
365538,Brisbane
365539,Brisbane
365540,Brisbane
365541,Brisbane
365542,Brisbane
365543,Brisbane
365544,Brisbane
365545,Melbourne
365546,Brisbane
365547,Brisbane
365548,Brisbane
365549,Brisbane
365550,Perth
365551,Brisbane
365552,Melbourne
365553,Brisbane
365554,Brisbane
365555,Perth
365556,Brisbane
365557,Brisbane
365558,Brisbane
365559,Melbourne
365560,Brisbane
365561,Brisbane
365562,Brisbane
365563,Brisbane
365564,Brisbane
365565,Brisbane
365566,Brisbane
365567,Brisbane
365568,Brisbane
365569,Brisbane
365570,Brisbane
365571,Brisbane
365572,Brisbane
365573,Brisbane
365574,Brisbane
365575,Brisbane
365576,Brisbane
365577,Brisbane
365578,Brisbane
365579,Brisbane
365580,Brisbane
365581,Brisbane
365582,Brisbane
365583,Brisbane
365584,Brisbane
365585,Brisbane
365586,Brisbane
365587,Brisbane
365588,Brisbane
365589,Brisbane
365590,Perth
365591,Melbourne
365592,Brisbane
365593,Sydney
365594,Brisbane
365595,Brisbane
365596,Brisbane
365597,Brisbane
365598,Brisbane
365599,Brisbane
365600,Brisbane
365601,Brisbane
365602,Brisbane
365603,Brisbane
365604,Brisbane
365605,Brisbane
365606,Brisbane
365607,Brisbane
365608,Melbourne
365609,Brisbane
365610,Brisbane
365611,Brisbane
365612,Brisbane
365613,Brisbane
365614,Melbourne
365615,Brisbane
365616,Brisbane
365617,Sydney
365618,Brisbane
365619,Brisbane
365620,Brisbane
365621,Brisbane
365622,Brisbane
365623,Brisbane
365624,Brisbane
365625,Brisbane
365626,Brisbane
365627,Brisbane
365628,Brisbane
365629,Brisbane
365630,Sydney
365631,Brisbane
365632,Sydney
365633,Brisbane
365634,Brisbane
365635,Brisbane
365636,Brisbane
365637,Brisbane
365638,Brisbane
365639,Brisbane
365640,Brisbane
365641,Brisbane
365642,Brisbane
365643,Brisbane
365644,Brisbane
365645,Brisbane
365646,Sydney
365647,Perth
365648,Brisbane
365649,Brisbane
365650,Brisbane
365651,Brisbane
365652,Brisbane
365653,Brisbane
365654,Brisbane
365655,Brisbane
365656,Brisbane
365657,Brisbane
365658,Brisbane
365659,Brisbane
365660,Brisbane
365661,Brisbane
365662,Brisbane
365663,Brisbane
365664,Perth
365665,Brisbane
365666,Brisbane
365667,Brisbane
365668,Brisbane
365669,Brisbane
365670,Brisbane
365671,Brisbane
365672,Brisbane
365673,Brisbane
365674,Brisbane
365675,Brisbane
365676,Brisbane
365677,Brisbane
365678,Sydney
365679,Brisbane
365680,Brisbane
365681,Brisbane
365682,Brisbane
365683,Brisbane
365684,Brisbane
365685,Brisbane
365686,Brisbane
365687,Brisbane
365688,Brisbane
365689,Brisbane
365690,Brisbane
365691,Brisbane
365692,Brisbane
365693,Brisbane
365694,Perth
365695,Brisbane
365696,Brisbane
365697,Brisbane
365698,Brisbane
365699,Brisbane
365700,Brisbane
365701,Brisbane
365702,Brisbane
365703,Brisbane
365704,Brisbane
365705,Brisbane
365706,Brisbane
365707,Perth
365708,Brisbane
365709,Brisbane
365710,Brisbane
365711,Perth
365712,Brisbane
365713,Sydney
365714,Brisbane
365715,Brisbane
365716,Sydney
365717,Brisbane
365718,Brisbane
365719,Brisbane
365720,Brisbane
365721,Brisbane
365722,Perth
365723,Brisbane
365724,Brisbane
365725,Brisbane
365726,Brisbane
365727,Brisbane
365728,Brisbane
365729,Brisbane
365730,Brisbane
365731,Sydney
365732,Brisbane
365733,Brisbane
365734,Brisbane
365735,Brisbane
365736,Melbourne
365737,Brisbane
365738,Sydney
365739,Brisbane
365740,Brisbane
365741,Brisbane
365742,Brisbane
365743,Brisbane
365744,Perth
365745,Brisbane
365746,Brisbane
365747,Brisbane
365748,Brisbane
365749,Brisbane
365750,Brisbane
365751,Melbourne
365752,Brisbane
365753,Brisbane
365754,Sydney
365755,Brisbane
365756,Brisbane
365757,Brisbane
365758,Brisbane
365759,Brisbane
365760,Melbourne
365761,Melbourne
365762,Brisbane
365763,Brisbane
365764,Perth
365765,Brisbane
365766,Brisbane
365767,Brisbane
365768,Brisbane
365769,Perth
365770,Brisbane
365771,Brisbane
365772,Brisbane
365773,Brisbane
365774,Brisbane
365775,Perth
365776,Brisbane
365777,Brisbane
365778,Sydney
365779,Brisbane
365780,Brisbane
365781,Brisbane
365782,Brisbane
365783,Brisbane
365784,Brisbane
365785,Brisbane
365786,Brisbane
365787,Perth
365788,Brisbane
365789,Brisbane
365790,Brisbane
365791,Perth
365792,Brisbane
365793,Brisbane
365794,Brisbane
365795,Brisbane
365796,Brisbane
365797,Brisbane
365798,Brisbane
365799,Brisbane
365800,Brisbane
365801,Brisbane
365802,Brisbane
365803,Brisbane
365804,Brisbane
365805,Brisbane
365806,Brisbane
365807,Brisbane
365808,Brisbane
365809,Brisbane
365810,Brisbane
365811,Brisbane
365812,Brisbane
365813,Brisbane
365814,Brisbane
365815,Brisbane
365816,Brisbane
365817,Brisbane
365818,Brisbane
365819,Brisbane
365820,Brisbane
365821,Brisbane
365822,Brisbane
365823,Brisbane
365824,Brisbane
365825,Brisbane
365826,Perth
365827,Brisbane
365828,Brisbane
365829,Brisbane
365830,Brisbane
365831,Brisbane
365832,Brisbane
365833,Melbourne
365834,Brisbane
365835,Brisbane
365836,Brisbane
365837,Brisbane
365838,Brisbane
365839,Brisbane
365840,Perth
365841,Brisbane
365842,Brisbane
365843,Brisbane
365844,Brisbane
365845,Brisbane
365846,Brisbane
365847,Brisbane
365848,Brisbane
365849,Brisbane
365850,Brisbane
365851,Brisbane
365852,Brisbane
365853,Brisbane
365854,Brisbane
365855,Brisbane
365856,Brisbane
365857,Brisbane
365858,Brisbane
365859,Brisbane
365860,Brisbane
365861,Brisbane
365862,Brisbane
365863,Brisbane
365864,Brisbane
365865,Brisbane
365866,Melbourne
365867,Brisbane
365868,Brisbane
365869,Melbourne
365870,Brisbane
365871,Melbourne
365872,Brisbane
365873,Melbourne
365874,Brisbane
365875,Brisbane
365876,Brisbane
365877,Brisbane
365878,Brisbane
365879,Perth
365880,Sydney
365881,Brisbane
365882,Perth
365883,Brisbane
365884,Brisbane
365885,Brisbane
365886,Brisbane
365887,Brisbane
365888,Brisbane
365889,Brisbane
365890,Brisbane
365891,Brisbane
365892,Brisbane
365893,Brisbane
365894,Brisbane
365895,Brisbane
365896,Brisbane
365897,Brisbane
365898,Brisbane
365899,Brisbane
365900,Brisbane
365901,Brisbane
365902,Brisbane
365903,Perth
365904,Brisbane
365905,Brisbane
365906,Perth
365907,Brisbane
365908,Brisbane
365909,Brisbane
365910,Sydney
365911,Brisbane
365912,Brisbane
365913,Brisbane
365914,Brisbane
365915,Brisbane
365916,Brisbane
365917,Brisbane
365918,Brisbane
365919,Brisbane
365920,Brisbane
365921,Brisbane
365922,Brisbane
365923,Brisbane
365924,Brisbane
365925,Brisbane
365926,Melbourne
365927,Brisbane
365928,Brisbane
365929,Brisbane
365930,Brisbane
365931,Brisbane
365932,Brisbane
365933,Brisbane
365934,Brisbane
365935,Brisbane
365936,Brisbane
365937,Brisbane
365938,Brisbane
365939,Brisbane
365940,Brisbane
365941,Brisbane
365942,Brisbane
365943,Brisbane
365944,Brisbane
365945,Perth
365946,Brisbane
365947,Brisbane
365948,Brisbane
365949,Brisbane
365950,Brisbane
365951,Brisbane
365952,Brisbane
365953,Brisbane
365954,Brisbane
365955,Brisbane
365956,Brisbane
365957,Brisbane
365958,Brisbane
365959,Brisbane
365960,Brisbane
365961,Brisbane
365962,Brisbane
365963,Brisbane
365964,Brisbane
365965,Brisbane
365966,Brisbane
365967,Brisbane
365968,Brisbane
365969,Brisbane
365970,Brisbane
365971,Perth
365972,Brisbane
365973,Brisbane
365974,Brisbane
365975,Brisbane
365976,Brisbane
365977,Brisbane
365978,Brisbane
365979,Brisbane
365980,Brisbane
365981,Perth
365982,Brisbane
365983,Melbourne
365984,Melbourne
365985,Brisbane
365986,Brisbane
365987,Brisbane
365988,Brisbane
365989,Brisbane
365990,Brisbane
365991,Brisbane
365992,Brisbane
365993,Brisbane
365994,Brisbane
365995,Sydney
365996,Brisbane
365997,Brisbane
365998,Brisbane
365999,Brisbane
366000,Brisbane
366001,Brisbane
366002,Brisbane
366003,Brisbane
366004,Brisbane
366005,Brisbane
366006,Brisbane
366007,Brisbane
366008,Brisbane
366009,Brisbane
366010,Sydney
366011,Brisbane
366012,Brisbane
366013,Melbourne
366014,Brisbane
366015,Brisbane
366016,Brisbane
366017,Brisbane
366018,Brisbane
366019,Brisbane
366020,Brisbane
366021,Brisbane
366022,Brisbane
366023,Brisbane
366024,Brisbane
366025,Sydney
366026,Brisbane
366027,Sydney
366028,Brisbane
366029,Brisbane
366030,Brisbane
366031,Sydney
366032,Brisbane
366033,Brisbane
366034,Brisbane
366035,Brisbane
366036,Brisbane
366037,Brisbane
366038,Brisbane
366039,Brisbane
366040,Melbourne
366041,Brisbane
366042,Brisbane
366043,Brisbane
366044,Brisbane
366045,Brisbane
366046,Brisbane
366047,Brisbane
366048,Sydney
366049,Brisbane
366050,Perth
366051,Sydney
366052,Brisbane
366053,Brisbane
366054,Brisbane
366055,Brisbane
366056,Brisbane
366057,Melbourne
366058,Brisbane
366059,Brisbane
366060,Sydney
366061,Brisbane
366062,Brisbane
366063,Brisbane
366064,Brisbane
366065,Brisbane
366066,Brisbane
366067,Brisbane
366068,Brisbane
366069,Brisbane
366070,Brisbane
366071,Brisbane
366072,Brisbane
366073,Brisbane
366074,Brisbane
366075,Brisbane
366076,Brisbane
366077,Brisbane
366078,Brisbane
366079,Brisbane
366080,Brisbane
366081,Perth
366082,Brisbane
366083,Brisbane
366084,Brisbane
366085,Brisbane
366086,Brisbane
366087,Brisbane
366088,Perth
366089,Brisbane
366090,Brisbane
366091,Brisbane
366092,Brisbane
366093,Brisbane
366094,Brisbane
366095,Brisbane
366096,Brisbane
366097,Brisbane
366098,Melbourne
366099,Melbourne
366100,Brisbane
366101,Brisbane
366102,Brisbane
366103,Brisbane
366104,Brisbane
366105,Brisbane
366106,Brisbane
366107,Brisbane
366108,Brisbane
366109,Perth
366110,Brisbane
366111,Brisbane
366112,Brisbane
366113,Brisbane
366114,Brisbane
366115,Brisbane
366116,Brisbane
366117,Brisbane
366118,Brisbane
366119,Brisbane
366120,Brisbane
366121,Brisbane
366122,Brisbane
366123,Brisbane
366124,Brisbane
366125,Perth
366126,Brisbane
366127,Brisbane
366128,Brisbane
366129,Brisbane
366130,Brisbane
366131,Brisbane
366132,Brisbane
366133,Brisbane
366134,Brisbane
366135,Brisbane
366136,Brisbane
366137,Brisbane
366138,Brisbane
366139,Brisbane
366140,Brisbane
366141,Brisbane
366142,Brisbane
366143,Brisbane
366144,Brisbane
366145,Perth
366146,Brisbane
366147,Brisbane
366148,Brisbane
366149,Brisbane
366150,Brisbane
366151,Brisbane
366152,Brisbane
366153,Brisbane
366154,Brisbane
366155,Brisbane
366156,Brisbane
366157,Brisbane
366158,Brisbane
366159,Brisbane
366160,Brisbane
366161,Brisbane
366162,Brisbane
366163,Brisbane
366164,Brisbane
366165,Brisbane
366166,Brisbane
366167,Brisbane
366168,Brisbane
366169,Brisbane
366170,Brisbane
366171,Brisbane
366172,Brisbane
366173,Brisbane
366174,Sydney
366175,Brisbane
366176,Sydney
366177,Perth
366178,Brisbane
366179,Brisbane
366180,Brisbane
366181,Brisbane
366182,Perth
366183,Brisbane
366184,Brisbane
366185,Brisbane
366186,Sydney
366187,Brisbane
366188,Brisbane
366189,Brisbane
366190,Brisbane
366191,Brisbane
366192,Perth
366193,Brisbane
366194,Brisbane
366195,Brisbane
366196,Perth
366197,Brisbane
366198,Brisbane
366199,Perth
366200,Brisbane
366201,Brisbane
366202,Brisbane
366203,Brisbane
366204,Brisbane
366205,Brisbane
366206,Brisbane
366207,Brisbane
366208,Brisbane
366209,Brisbane
366210,Brisbane
366211,Brisbane
366212,Brisbane
366213,Brisbane
366214,Perth
366215,Brisbane
366216,Brisbane
366217,Brisbane
366218,Brisbane
366219,Brisbane
366220,Brisbane
366221,Brisbane
366222,Brisbane
366223,Brisbane
366224,Brisbane
366225,Brisbane
366226,Brisbane
366227,Brisbane
366228,Brisbane
366229,Brisbane
366230,Brisbane
366231,Brisbane
366232,Brisbane
366233,Melbourne
366234,Brisbane
366235,Brisbane
366236,Brisbane
366237,Brisbane
366238,Brisbane
366239,Brisbane
366240,Brisbane
366241,Brisbane
366242,Brisbane
366243,Brisbane
366244,Brisbane
366245,Brisbane
366246,Brisbane
366247,Brisbane
366248,Brisbane
366249,Brisbane
366250,Brisbane
366251,Brisbane
366252,Brisbane
366253,Sydney
366254,Brisbane
366255,Brisbane
366256,Brisbane
366257,Brisbane
366258,Brisbane
366259,Brisbane
366260,Brisbane
366261,Brisbane
366262,Brisbane
366263,Sydney
366264,Brisbane
366265,Brisbane
366266,Brisbane
366267,Sydney
366268,Brisbane
366269,Brisbane
366270,Brisbane
366271,Brisbane
366272,Brisbane
366273,Brisbane
366274,Brisbane
366275,Brisbane
366276,Brisbane
366277,Brisbane
366278,Brisbane
366279,Brisbane
366280,Brisbane
366281,Brisbane
366282,Brisbane
366283,Brisbane
366284,Brisbane
366285,Brisbane
366286,Brisbane
366287,Brisbane
366288,Brisbane
366289,Brisbane
366290,Brisbane
366291,Brisbane
366292,Brisbane
366293,Brisbane
366294,Sydney
366295,Brisbane
366296,Perth
366297,Brisbane
366298,Brisbane
366299,Brisbane
366300,Brisbane
366301,Brisbane
366302,Brisbane
366303,Brisbane
366304,Brisbane
366305,Brisbane
366306,Brisbane
366307,Brisbane
366308,Brisbane
366309,Brisbane
366310,Brisbane
366311,Brisbane
366312,Brisbane
366313,Brisbane
366314,Brisbane
366315,Brisbane
366316,Sydney
366317,Brisbane
366318,Brisbane
366319,Brisbane
366320,Brisbane
366321,Perth
366322,Brisbane
366323,Brisbane
366324,Brisbane
366325,Brisbane
366326,Brisbane
366327,Brisbane
366328,Brisbane
366329,Brisbane
366330,Brisbane
366331,Sydney
366332,Brisbane
366333,Brisbane
366334,Brisbane
366335,Brisbane
366336,Brisbane
366337,Brisbane
366338,Brisbane
366339,Brisbane
366340,Brisbane
366341,Brisbane
366342,Brisbane
366343,Brisbane
366344,Brisbane
366345,Brisbane
366346,Perth
366347,Brisbane
366348,Brisbane
366349,Brisbane
366350,Brisbane
366351,Brisbane
366352,Brisbane
366353,Brisbane
366354,Sydney
366355,Brisbane
366356,Brisbane
366357,Brisbane
366358,Brisbane
366359,Brisbane
366360,Brisbane
366361,Brisbane
366362,Brisbane
366363,Brisbane
366364,Brisbane
366365,Brisbane
366366,Brisbane
366367,Brisbane
366368,Brisbane
366369,Perth
366370,Brisbane
366371,Brisbane
366372,Brisbane
366373,Brisbane
366374,Brisbane
366375,Brisbane
366376,Brisbane
366377,Brisbane
366378,Brisbane
366379,Brisbane
366380,Brisbane
366381,Brisbane
366382,Perth
366383,Brisbane
366384,Brisbane
366385,Brisbane
366386,Brisbane
366387,Brisbane
366388,Brisbane
366389,Brisbane
366390,Sydney
366391,Brisbane
366392,Brisbane
366393,Melbourne
366394,Brisbane
366395,Brisbane
366396,Brisbane
366397,Brisbane
366398,Brisbane
366399,Brisbane
366400,Brisbane
366401,Brisbane
366402,Brisbane
366403,Brisbane
366404,Brisbane
366405,Brisbane
366406,Brisbane
366407,Brisbane
366408,Brisbane
366409,Brisbane
366410,Brisbane
366411,Brisbane
366412,Brisbane
366413,Brisbane
366414,Brisbane
366415,Brisbane
366416,Brisbane
366417,Perth
366418,Sydney
366419,Brisbane
366420,Brisbane
366421,Melbourne
366422,Brisbane
366423,Brisbane
366424,Brisbane
366425,Brisbane
366426,Brisbane
366427,Brisbane
366428,Brisbane
366429,Brisbane
366430,Brisbane
366431,Brisbane
366432,Sydney
366433,Brisbane
366434,Brisbane
366435,Brisbane
366436,Brisbane
366437,Brisbane
366438,Brisbane
366439,Brisbane
366440,Brisbane
366441,Brisbane
366442,Brisbane
366443,Brisbane
366444,Brisbane
366445,Brisbane
366446,Brisbane
366447,Brisbane
366448,Brisbane
366449,Brisbane
366450,Brisbane
366451,Brisbane
366452,Brisbane
366453,Brisbane
366454,Sydney
366455,Brisbane
366456,Brisbane
366457,Brisbane
366458,Brisbane
366459,Brisbane
366460,Brisbane
366461,Brisbane
366462,Brisbane
366463,Brisbane
366464,Brisbane
366465,Melbourne
366466,Brisbane
366467,Brisbane
366468,Brisbane
366469,Brisbane
366470,Brisbane
366471,Brisbane
366472,Brisbane
366473,Brisbane
366474,Brisbane
366475,Brisbane
366476,Brisbane
366477,Melbourne
366478,Brisbane
366479,Brisbane
366480,Brisbane
366481,Brisbane
366482,Brisbane
366483,Brisbane
366484,Brisbane
366485,Melbourne
366486,Brisbane
366487,Brisbane
366488,Brisbane
366489,Melbourne
366490,Brisbane
366491,Brisbane
366492,Brisbane
366493,Brisbane
366494,Brisbane
366495,Sydney
366496,Brisbane
366497,Brisbane
366498,Brisbane
366499,Brisbane
366500,Brisbane
366501,Brisbane
366502,Brisbane
366503,Brisbane
366504,Brisbane
366505,Brisbane
366506,Brisbane
366507,Brisbane
366508,Brisbane
366509,Brisbane
366510,Brisbane
366511,Brisbane
366512,Sydney
366513,Brisbane
366514,Brisbane
366515,Brisbane
366516,Brisbane
366517,Brisbane
366518,Melbourne
366519,Brisbane
366520,Brisbane
366521,Brisbane
366522,Brisbane
366523,Brisbane
366524,Brisbane
366525,Melbourne
366526,Sydney
366527,Brisbane
366528,Melbourne
366529,Brisbane
366530,Brisbane
366531,Brisbane
366532,Brisbane
366533,Sydney
366534,Brisbane
366535,Brisbane
366536,Brisbane
366537,Brisbane
366538,Brisbane
366539,Brisbane
366540,Brisbane
366541,Brisbane
366542,Brisbane
366543,Brisbane
366544,Brisbane
366545,Brisbane
366546,Brisbane
366547,Brisbane
366548,Brisbane
366549,Brisbane
366550,Brisbane
366551,Brisbane
366552,Perth
366553,Brisbane
366554,Brisbane
366555,Brisbane
366556,Brisbane
366557,Brisbane
366558,Brisbane
366559,Perth
366560,Brisbane
366561,Brisbane
366562,Brisbane
366563,Brisbane
366564,Brisbane
366565,Brisbane
366566,Brisbane
366567,Brisbane
366568,Brisbane
366569,Brisbane
366570,Brisbane
366571,Brisbane
366572,Perth
366573,Perth
366574,Brisbane
366575,Sydney
366576,Brisbane
366577,Sydney
366578,Brisbane
366579,Perth
366580,Brisbane
366581,Brisbane
366582,Brisbane
366583,Brisbane
366584,Brisbane
366585,Brisbane
366586,Melbourne
366587,Brisbane
366588,Brisbane
366589,Brisbane
366590,Brisbane
366591,Perth
366592,Brisbane
366593,Brisbane
366594,Brisbane
366595,Sydney
366596,Brisbane
366597,Brisbane
366598,Brisbane
366599,Brisbane
366600,Brisbane
366601,Brisbane
366602,Brisbane
366603,Brisbane
366604,Brisbane
366605,Brisbane
366606,Brisbane
366607,Brisbane
366608,Brisbane
366609,Brisbane
366610,Brisbane
366611,Brisbane
366612,Brisbane
366613,Brisbane
366614,Brisbane
366615,Melbourne
366616,Brisbane
366617,Brisbane
366618,Brisbane
366619,Brisbane
366620,Brisbane
366621,Melbourne
366622,Melbourne
366623,Brisbane
366624,Brisbane
366625,Sydney
366626,Melbourne
366627,Brisbane
366628,Brisbane
366629,Sydney
366630,Brisbane
366631,Brisbane
366632,Brisbane
366633,Brisbane
366634,Brisbane
366635,Brisbane
366636,Brisbane
366637,Brisbane
366638,Perth
366639,Brisbane
366640,Brisbane
366641,Brisbane
366642,Melbourne
366643,Brisbane
366644,Brisbane
366645,Brisbane
366646,Brisbane
366647,Brisbane
366648,Brisbane
366649,Brisbane
366650,Brisbane
366651,Brisbane
366652,Brisbane
366653,Brisbane
366654,Brisbane
366655,Brisbane
366656,Brisbane
366657,Brisbane
366658,Brisbane
366659,Sydney
366660,Brisbane
366661,Brisbane
366662,Brisbane
366663,Brisbane
366664,Brisbane
366665,Brisbane
366666,Brisbane
366667,Brisbane
366668,Brisbane
366669,Melbourne
366670,Brisbane
366671,Brisbane
366672,Brisbane
366673,Brisbane
366674,Brisbane
366675,Brisbane
366676,Brisbane
366677,Brisbane
366678,Melbourne
366679,Brisbane
366680,Brisbane
366681,Brisbane
366682,Brisbane
366683,Brisbane
366684,Brisbane
366685,Sydney
366686,Brisbane
366687,Brisbane
366688,Brisbane
366689,Brisbane
366690,Brisbane
366691,Brisbane
366692,Brisbane
366693,Melbourne
366694,Brisbane
366695,Brisbane
366696,Brisbane
366697,Brisbane
366698,Brisbane
366699,Brisbane
366700,Sydney
366701,Brisbane
366702,Brisbane
366703,Brisbane
366704,Brisbane
366705,Brisbane
366706,Brisbane
366707,Sydney
366708,Perth
366709,Brisbane
366710,Brisbane
366711,Brisbane
366712,Brisbane
366713,Brisbane
366714,Brisbane
366715,Brisbane
366716,Brisbane
366717,Brisbane
366718,Brisbane
366719,Sydney
366720,Brisbane
366721,Brisbane
366722,Brisbane
366723,Brisbane
366724,Brisbane
366725,Brisbane
366726,Brisbane
366727,Brisbane
366728,Brisbane
366729,Brisbane
366730,Brisbane
366731,Brisbane
366732,Brisbane
366733,Brisbane
366734,Brisbane
366735,Brisbane
366736,Brisbane
366737,Brisbane
366738,Brisbane
366739,Brisbane
366740,Brisbane
366741,Melbourne
366742,Brisbane
366743,Brisbane
366744,Brisbane
366745,Brisbane
366746,Brisbane
366747,Brisbane
366748,Brisbane
366749,Brisbane
366750,Sydney
366751,Brisbane
366752,Brisbane
366753,Brisbane
366754,Brisbane
366755,Brisbane
366756,Brisbane
366757,Brisbane
366758,Brisbane
366759,Brisbane
366760,Brisbane
366761,Brisbane
366762,Brisbane
366763,Brisbane
366764,Brisbane
366765,Brisbane
366766,Brisbane
366767,Brisbane
366768,Brisbane
366769,Brisbane
366770,Brisbane
366771,Brisbane
366772,Brisbane
366773,Brisbane
366774,Brisbane
366775,Brisbane
366776,Perth
366777,Brisbane
366778,Brisbane
366779,Brisbane
366780,Brisbane
366781,Brisbane
366782,Brisbane
366783,Brisbane
366784,Brisbane
366785,Brisbane
366786,Brisbane
366787,Brisbane
366788,Brisbane
366789,Brisbane
366790,Perth
366791,Brisbane
366792,Brisbane
366793,Brisbane
366794,Melbourne
366795,Sydney
366796,Brisbane
366797,Brisbane
366798,Brisbane
366799,Brisbane
366800,Brisbane
366801,Brisbane
366802,Brisbane
366803,Brisbane
366804,Brisbane
366805,Brisbane
366806,Brisbane
366807,Brisbane
366808,Brisbane
366809,Brisbane
366810,Brisbane
366811,Brisbane
366812,Brisbane
366813,Brisbane
366814,Brisbane
366815,Brisbane
366816,Brisbane
366817,Brisbane
366818,Brisbane
366819,Brisbane
366820,Brisbane
366821,Brisbane
366822,Perth
366823,Brisbane
366824,Brisbane
366825,Brisbane
366826,Brisbane
366827,Brisbane
366828,Brisbane
366829,Brisbane
366830,Perth
366831,Brisbane
366832,Brisbane
366833,Brisbane
366834,Brisbane
366835,Sydney
366836,Brisbane
366837,Brisbane
366838,Brisbane
366839,Perth
366840,Brisbane
366841,Brisbane
366842,Melbourne
366843,Brisbane
366844,Brisbane
366845,Brisbane
366846,Brisbane
366847,Brisbane
366848,Brisbane
366849,Brisbane
366850,Brisbane
366851,Brisbane
366852,Brisbane
366853,Brisbane
366854,Brisbane
366855,Brisbane
366856,Brisbane
366857,Brisbane
366858,Sydney
366859,Brisbane
366860,Brisbane
366861,Brisbane
366862,Brisbane
366863,Brisbane
366864,Brisbane
366865,Brisbane
366866,Brisbane
366867,Sydney
366868,Brisbane
366869,Brisbane
366870,Brisbane
366871,Brisbane
366872,Brisbane
366873,Brisbane
366874,Brisbane
366875,Brisbane
366876,Brisbane
366877,Brisbane
366878,Brisbane
366879,Brisbane
366880,Brisbane
366881,Brisbane
366882,Brisbane
366883,Brisbane
366884,Brisbane
366885,Brisbane
366886,Brisbane
366887,Brisbane
366888,Brisbane
366889,Brisbane
366890,Brisbane
366891,Brisbane
366892,Brisbane
366893,Brisbane
366894,Brisbane
366895,Brisbane
366896,Brisbane
366897,Brisbane
366898,Brisbane
366899,Brisbane
366900,Brisbane
366901,Brisbane
366902,Brisbane
366903,Brisbane
366904,Brisbane
366905,Brisbane
366906,Brisbane
366907,Brisbane
366908,Brisbane
366909,Melbourne
366910,Brisbane
366911,Brisbane
366912,Perth
366913,Brisbane
366914,Brisbane
366915,Perth
366916,Brisbane
366917,Brisbane
366918,Brisbane
366919,Brisbane
366920,Brisbane
366921,Brisbane
366922,Brisbane
366923,Melbourne
366924,Brisbane
366925,Brisbane
366926,Brisbane
366927,Brisbane
366928,Brisbane
366929,Perth
366930,Brisbane
366931,Brisbane
366932,Brisbane
366933,Brisbane
366934,Sydney
366935,Brisbane
366936,Perth
366937,Brisbane
366938,Brisbane
366939,Brisbane
366940,Perth
366941,Brisbane
366942,Brisbane
366943,Brisbane
366944,Brisbane
366945,Brisbane
366946,Brisbane
366947,Brisbane
366948,Sydney
366949,Brisbane
366950,Brisbane
366951,Brisbane
366952,Brisbane
366953,Brisbane
366954,Brisbane
366955,Brisbane
366956,Brisbane
366957,Brisbane
366958,Brisbane
366959,Brisbane
366960,Brisbane
366961,Brisbane
366962,Brisbane
366963,Brisbane
366964,Perth
366965,Brisbane
366966,Brisbane
366967,Brisbane
366968,Brisbane
366969,Brisbane
366970,Brisbane
366971,Brisbane
366972,Brisbane
366973,Brisbane
366974,Brisbane
366975,Brisbane
366976,Brisbane
366977,Perth
366978,Brisbane
366979,Brisbane
366980,Brisbane
366981,Brisbane
366982,Sydney
366983,Brisbane
366984,Brisbane
366985,Brisbane
366986,Brisbane
366987,Brisbane
366988,Brisbane
366989,Brisbane
366990,Perth
366991,Perth
366992,Brisbane
366993,Brisbane
366994,Brisbane
366995,Brisbane
366996,Brisbane
366997,Brisbane
366998,Brisbane
366999,Brisbane
367000,Brisbane
367001,Brisbane
367002,Brisbane
367003,Brisbane
367004,Brisbane
367005,Brisbane
367006,Brisbane
367007,Brisbane
367008,Brisbane
367009,Brisbane
367010,Perth
367011,Brisbane
367012,Brisbane
367013,Brisbane
367014,Brisbane
367015,Brisbane
367016,Brisbane
367017,Brisbane
367018,Brisbane
367019,Brisbane
367020,Brisbane
367021,Brisbane
367022,Sydney
367023,Brisbane
367024,Brisbane
367025,Brisbane
367026,Brisbane
367027,Melbourne
367028,Brisbane
367029,Brisbane
367030,Sydney
367031,Brisbane
367032,Brisbane
367033,Sydney
367034,Brisbane
367035,Brisbane
367036,Melbourne
367037,Brisbane
367038,Brisbane
367039,Brisbane
367040,Brisbane
367041,Brisbane
367042,Sydney
367043,Brisbane
367044,Brisbane
367045,Brisbane
367046,Brisbane
367047,Brisbane
367048,Brisbane
367049,Brisbane
367050,Brisbane
367051,Brisbane
367052,Brisbane
367053,Brisbane
367054,Brisbane
367055,Brisbane
367056,Sydney
367057,Brisbane
367058,Brisbane
367059,Brisbane
367060,Brisbane
367061,Perth
367062,Brisbane
367063,Brisbane
367064,Brisbane
367065,Brisbane
367066,Brisbane
367067,Brisbane
367068,Brisbane
367069,Brisbane
367070,Brisbane
367071,Brisbane
367072,Brisbane
367073,Brisbane
367074,Brisbane
367075,Perth
367076,Perth
367077,Brisbane
367078,Brisbane
367079,Sydney
367080,Brisbane
367081,Sydney
367082,Perth
367083,Brisbane
367084,Brisbane
367085,Sydney
367086,Brisbane
367087,Brisbane
367088,Brisbane
367089,Brisbane
367090,Brisbane
367091,Brisbane
367092,Brisbane
367093,Brisbane
367094,Brisbane
367095,Brisbane
367096,Brisbane
367097,Melbourne
367098,Brisbane
367099,Brisbane
367100,Brisbane
367101,Brisbane
367102,Brisbane
367103,Brisbane
367104,Brisbane
367105,Brisbane
367106,Brisbane
367107,Brisbane
367108,Sydney
367109,Brisbane
367110,Brisbane
367111,Brisbane
367112,Brisbane
367113,Brisbane
367114,Brisbane
367115,Perth
367116,Brisbane
367117,Perth
367118,Perth
367119,Brisbane
367120,Brisbane
367121,Brisbane
367122,Brisbane
367123,Brisbane
367124,Brisbane
367125,Brisbane
367126,Brisbane
367127,Brisbane
367128,Brisbane
367129,Brisbane
367130,Brisbane
367131,Brisbane
367132,Perth
367133,Brisbane
367134,Brisbane
367135,Brisbane
367136,Brisbane
367137,Brisbane
367138,Brisbane
367139,Brisbane
367140,Sydney
367141,Brisbane
367142,Brisbane
367143,Brisbane
367144,Brisbane
367145,Brisbane
367146,Brisbane
367147,Brisbane
367148,Brisbane
367149,Brisbane
367150,Brisbane
367151,Brisbane
367152,Brisbane
367153,Brisbane
367154,Brisbane
367155,Brisbane
367156,Brisbane
367157,Brisbane
367158,Brisbane
367159,Perth
367160,Brisbane
367161,Brisbane
367162,Brisbane
367163,Brisbane
367164,Brisbane
367165,Brisbane
367166,Brisbane
367167,Brisbane
367168,Brisbane
367169,Brisbane
367170,Perth
367171,Sydney
367172,Brisbane
367173,Perth
367174,Sydney
367175,Brisbane
367176,Brisbane
367177,Brisbane
367178,Brisbane
367179,Brisbane
367180,Brisbane
367181,Brisbane
367182,Brisbane
367183,Brisbane
367184,Brisbane
367185,Brisbane
367186,Brisbane
367187,Brisbane
367188,Brisbane
367189,Brisbane
367190,Brisbane
367191,Brisbane
367192,Brisbane
367193,Brisbane
367194,Brisbane
367195,Melbourne
367196,Brisbane
367197,Brisbane
367198,Brisbane
367199,Brisbane
367200,Brisbane
367201,Brisbane
367202,Brisbane
367203,Brisbane
367204,Brisbane
367205,Brisbane
367206,Brisbane
367207,Brisbane
367208,Brisbane
367209,Brisbane
367210,Brisbane
367211,Melbourne
367212,Brisbane
367213,Brisbane
367214,Brisbane
367215,Brisbane
367216,Brisbane
367217,Brisbane
367218,Brisbane
367219,Brisbane
367220,Brisbane
367221,Brisbane
367222,Brisbane
367223,Brisbane
367224,Brisbane
367225,Brisbane
367226,Brisbane
367227,Brisbane
367228,Sydney
367229,Brisbane
367230,Brisbane
367231,Sydney
367232,Brisbane
367233,Brisbane
367234,Brisbane
367235,Brisbane
367236,Brisbane
367237,Brisbane
367238,Brisbane
367239,Brisbane
367240,Brisbane
367241,Brisbane
367242,Brisbane
367243,Sydney
367244,Brisbane
367245,Brisbane
367246,Brisbane
367247,Brisbane
367248,Brisbane
367249,Brisbane
367250,Brisbane
367251,Brisbane
367252,Brisbane
367253,Brisbane
367254,Brisbane
367255,Brisbane
367256,Brisbane
367257,Brisbane
367258,Brisbane
367259,Melbourne
367260,Brisbane
367261,Brisbane
367262,Brisbane
367263,Brisbane
367264,Brisbane
367265,Brisbane
367266,Brisbane
367267,Brisbane
367268,Brisbane
367269,Brisbane
367270,Perth
367271,Brisbane
367272,Brisbane
367273,Brisbane
367274,Brisbane
367275,Perth
367276,Brisbane
367277,Brisbane
367278,Brisbane
367279,Perth
367280,Brisbane
367281,Brisbane
367282,Brisbane
367283,Brisbane
367284,Brisbane
367285,Brisbane
367286,Brisbane
367287,Brisbane
367288,Brisbane
367289,Brisbane
367290,Brisbane
367291,Brisbane
367292,Brisbane
367293,Brisbane
367294,Brisbane
367295,Brisbane
367296,Brisbane
367297,Brisbane
367298,Brisbane
367299,Brisbane
367300,Brisbane
367301,Brisbane
367302,Brisbane
367303,Brisbane
367304,Brisbane
367305,Brisbane
367306,Brisbane
367307,Brisbane
367308,Brisbane
367309,Brisbane
367310,Sydney
367311,Brisbane
367312,Brisbane
367313,Brisbane
367314,Brisbane
367315,Brisbane
367316,Brisbane
367317,Perth
367318,Brisbane
367319,Brisbane
367320,Brisbane
367321,Brisbane
367322,Brisbane
367323,Brisbane
367324,Brisbane
367325,Brisbane
367326,Perth
367327,Brisbane
367328,Brisbane
367329,Brisbane
367330,Brisbane
367331,Brisbane
367332,Brisbane
367333,Brisbane
367334,Brisbane
367335,Brisbane
367336,Sydney
367337,Brisbane
367338,Brisbane
367339,Brisbane
367340,Brisbane
367341,Brisbane
367342,Brisbane
367343,Sydney
367344,Brisbane
367345,Brisbane
367346,Sydney
367347,Brisbane
367348,Brisbane
367349,Brisbane
367350,Brisbane
367351,Brisbane
367352,Brisbane
367353,Brisbane
367354,Brisbane
367355,Brisbane
367356,Brisbane
367357,Brisbane
367358,Brisbane
367359,Brisbane
367360,Brisbane
367361,Brisbane
367362,Brisbane
367363,Brisbane
367364,Brisbane
367365,Brisbane
367366,Brisbane
367367,Brisbane
367368,Brisbane
367369,Brisbane
367370,Brisbane
367371,Brisbane
367372,Sydney
367373,Brisbane
367374,Brisbane
367375,Brisbane
367376,Brisbane
367377,Brisbane
367378,Brisbane
367379,Brisbane
367380,Brisbane
367381,Brisbane
367382,Brisbane
367383,Brisbane
367384,Perth
367385,Brisbane
367386,Brisbane
367387,Brisbane
367388,Brisbane
367389,Brisbane
367390,Brisbane
367391,Brisbane
367392,Brisbane
367393,Perth
367394,Brisbane
367395,Brisbane
367396,Melbourne
367397,Brisbane
367398,Brisbane
367399,Brisbane
367400,Brisbane
367401,Brisbane
367402,Brisbane
367403,Perth
367404,Brisbane
367405,Brisbane
367406,Melbourne
367407,Brisbane
367408,Brisbane
367409,Sydney
367410,Perth
367411,Brisbane
367412,Brisbane
367413,Brisbane
367414,Brisbane
367415,Brisbane
367416,Brisbane
367417,Perth
367418,Brisbane
367419,Brisbane
367420,Brisbane
367421,Brisbane
367422,Brisbane
367423,Brisbane
367424,Brisbane
367425,Brisbane
367426,Brisbane
367427,Brisbane
367428,Brisbane
367429,Brisbane
367430,Brisbane
367431,Brisbane
367432,Brisbane
367433,Brisbane
367434,Brisbane
367435,Brisbane
367436,Brisbane
367437,Brisbane
367438,Brisbane
367439,Brisbane
367440,Sydney
367441,Brisbane
367442,Brisbane
367443,Brisbane
367444,Brisbane
367445,Brisbane
367446,Brisbane
367447,Sydney
367448,Brisbane
367449,Brisbane
367450,Brisbane
367451,Brisbane
367452,Brisbane
367453,Brisbane
367454,Brisbane
367455,Perth
367456,Brisbane
367457,Brisbane
367458,Brisbane
367459,Brisbane
367460,Brisbane
367461,Brisbane
367462,Brisbane
367463,Brisbane
367464,Brisbane
367465,Brisbane
367466,Brisbane
367467,Perth
367468,Brisbane
367469,Brisbane
367470,Brisbane
367471,Perth
367472,Brisbane
367473,Brisbane
367474,Brisbane
367475,Brisbane
367476,Brisbane
367477,Melbourne
367478,Brisbane
367479,Brisbane
367480,Brisbane
367481,Brisbane
367482,Brisbane
367483,Perth
367484,Brisbane
367485,Brisbane
367486,Brisbane
367487,Brisbane
367488,Brisbane
367489,Melbourne
367490,Brisbane
367491,Brisbane
367492,Brisbane
367493,Melbourne
367494,Brisbane
367495,Brisbane
367496,Brisbane
367497,Brisbane
367498,Brisbane
367499,Brisbane
367500,Brisbane
367501,Brisbane
367502,Brisbane
367503,Brisbane
367504,Brisbane
367505,Brisbane
367506,Sydney
367507,Brisbane
367508,Brisbane
367509,Brisbane
367510,Brisbane
367511,Brisbane
367512,Brisbane
367513,Brisbane
367514,Brisbane
367515,Brisbane
367516,Brisbane
367517,Sydney
367518,Brisbane
367519,Brisbane
367520,Sydney
367521,Brisbane
367522,Brisbane
367523,Brisbane
367524,Brisbane
367525,Brisbane
367526,Brisbane
367527,Brisbane
367528,Brisbane
367529,Brisbane
367530,Brisbane
367531,Brisbane
367532,Brisbane
367533,Brisbane
367534,Brisbane
367535,Brisbane
367536,Brisbane
367537,Brisbane
367538,Brisbane
367539,Brisbane
367540,Brisbane
367541,Sydney
367542,Brisbane
367543,Brisbane
367544,Brisbane
367545,Perth
367546,Sydney
367547,Brisbane
367548,Brisbane
367549,Sydney
367550,Brisbane
367551,Brisbane
367552,Brisbane
367553,Brisbane
367554,Brisbane
367555,Brisbane
367556,Brisbane
367557,Brisbane
367558,Brisbane
367559,Brisbane
367560,Brisbane
367561,Brisbane
367562,Sydney
367563,Brisbane
367564,Brisbane
367565,Brisbane
367566,Brisbane
367567,Sydney
367568,Brisbane
367569,Brisbane
367570,Brisbane
367571,Brisbane
367572,Brisbane
367573,Brisbane
367574,Brisbane
367575,Brisbane
367576,Melbourne
367577,Brisbane
367578,Brisbane
367579,Brisbane
367580,Brisbane
367581,Brisbane
367582,Brisbane
367583,Brisbane
367584,Perth
367585,Brisbane
367586,Brisbane
367587,Brisbane
367588,Melbourne
367589,Brisbane
367590,Brisbane
367591,Brisbane
367592,Brisbane
367593,Brisbane
367594,Brisbane
367595,Brisbane
367596,Brisbane
367597,Perth
367598,Brisbane
367599,Brisbane
367600,Brisbane
367601,Brisbane
367602,Brisbane
367603,Brisbane
367604,Brisbane
367605,Brisbane
367606,Brisbane
367607,Brisbane
367608,Perth
367609,Brisbane
367610,Brisbane
367611,Brisbane
367612,Brisbane
367613,Brisbane
367614,Brisbane
367615,Brisbane
367616,Brisbane
367617,Brisbane
367618,Brisbane
367619,Brisbane
367620,Brisbane
367621,Brisbane
367622,Brisbane
367623,Brisbane
367624,Brisbane
367625,Brisbane
367626,Brisbane
367627,Brisbane
367628,Brisbane
367629,Brisbane
367630,Brisbane
367631,Brisbane
367632,Brisbane
367633,Brisbane
367634,Brisbane
367635,Brisbane
367636,Brisbane
367637,Brisbane
367638,Brisbane
367639,Brisbane
367640,Brisbane
367641,Brisbane
367642,Brisbane
367643,Sydney
367644,Brisbane
367645,Sydney
367646,Brisbane
367647,Brisbane
367648,Brisbane
367649,Sydney
367650,Brisbane
367651,Brisbane
367652,Brisbane
367653,Brisbane
367654,Brisbane
367655,Brisbane
367656,Brisbane
367657,Brisbane
367658,Brisbane
367659,Brisbane
367660,Perth
367661,Brisbane
367662,Brisbane
367663,Brisbane
367664,Brisbane
367665,Brisbane
367666,Brisbane
367667,Brisbane
367668,Brisbane
367669,Brisbane
367670,Brisbane
367671,Brisbane
367672,Brisbane
367673,Brisbane
367674,Melbourne
367675,Brisbane
367676,Brisbane
367677,Brisbane
367678,Sydney
367679,Brisbane
367680,Brisbane
367681,Brisbane
367682,Brisbane
367683,Brisbane
367684,Brisbane
367685,Sydney
367686,Brisbane
367687,Brisbane
367688,Brisbane
367689,Brisbane
367690,Brisbane
367691,Brisbane
367692,Brisbane
367693,Brisbane
367694,Melbourne
367695,Sydney
367696,Brisbane
367697,Brisbane
367698,Brisbane
367699,Brisbane
367700,Melbourne
367701,Brisbane
367702,Brisbane
367703,Melbourne
367704,Brisbane
367705,Brisbane
367706,Brisbane
367707,Brisbane
367708,Brisbane
367709,Brisbane
367710,Brisbane
367711,Sydney
367712,Sydney
367713,Perth
367714,Sydney
367715,Brisbane
367716,Brisbane
367717,Brisbane
367718,Brisbane
367719,Melbourne
367720,Brisbane
367721,Brisbane
367722,Brisbane
367723,Brisbane
367724,Brisbane
367725,Brisbane
367726,Brisbane
367727,Brisbane
367728,Brisbane
367729,Melbourne
367730,Brisbane
367731,Brisbane
367732,Brisbane
367733,Brisbane
367734,Brisbane
367735,Melbourne
367736,Brisbane
367737,Brisbane
367738,Brisbane
367739,Brisbane
367740,Brisbane
367741,Brisbane
367742,Brisbane
367743,Brisbane
367744,Melbourne
367745,Brisbane
367746,Brisbane
367747,Brisbane
367748,Brisbane
367749,Sydney
367750,Brisbane
367751,Brisbane
367752,Brisbane
367753,Brisbane
367754,Perth
367755,Brisbane
367756,Melbourne
367757,Brisbane
367758,Brisbane
367759,Brisbane
367760,Brisbane
367761,Brisbane
367762,Brisbane
367763,Brisbane
367764,Brisbane
367765,Brisbane
367766,Sydney
367767,Brisbane
367768,Brisbane
367769,Perth
367770,Brisbane
367771,Brisbane
367772,Brisbane
367773,Brisbane
367774,Brisbane
367775,Brisbane
367776,Brisbane
367777,Brisbane
367778,Brisbane
367779,Sydney
367780,Perth
367781,Sydney
367782,Sydney
367783,Brisbane
367784,Brisbane
367785,Brisbane
367786,Brisbane
367787,Brisbane
367788,Brisbane
367789,Brisbane
367790,Sydney
367791,Brisbane
367792,Brisbane
367793,Brisbane
367794,Brisbane
367795,Brisbane
367796,Brisbane
367797,Melbourne
367798,Brisbane
367799,Brisbane
367800,Brisbane
367801,Brisbane
367802,Brisbane
367803,Brisbane
367804,Brisbane
367805,Brisbane
367806,Brisbane
367807,Brisbane
367808,Brisbane
367809,Brisbane
367810,Brisbane
367811,Brisbane
367812,Melbourne
367813,Perth
367814,Brisbane
367815,Brisbane
367816,Brisbane
367817,Brisbane
367818,Brisbane
367819,Brisbane
367820,Brisbane
367821,Brisbane
367822,Brisbane
367823,Brisbane
367824,Brisbane
367825,Sydney
367826,Brisbane
367827,Sydney
367828,Brisbane
367829,Brisbane
367830,Brisbane
367831,Brisbane
367832,Brisbane
367833,Brisbane
367834,Brisbane
367835,Brisbane
367836,Brisbane
367837,Brisbane
367838,Brisbane
367839,Brisbane
367840,Brisbane
367841,Brisbane
367842,Brisbane
367843,Brisbane
367844,Brisbane
367845,Brisbane
367846,Brisbane
367847,Brisbane
367848,Perth
367849,Brisbane
367850,Sydney
367851,Brisbane
367852,Brisbane
367853,Brisbane
367854,Brisbane
367855,Brisbane
367856,Brisbane
367857,Brisbane
367858,Brisbane
367859,Brisbane
367860,Brisbane
367861,Brisbane
367862,Brisbane
367863,Brisbane
367864,Brisbane
367865,Brisbane
367866,Brisbane
367867,Brisbane
367868,Brisbane
367869,Brisbane
367870,Brisbane
367871,Brisbane
367872,Brisbane
367873,Brisbane
367874,Brisbane
367875,Brisbane
367876,Perth
367877,Brisbane
367878,Brisbane
367879,Brisbane
367880,Brisbane
367881,Brisbane
367882,Brisbane
367883,Brisbane
367884,Sydney
367885,Brisbane
367886,Brisbane
367887,Brisbane
367888,Brisbane
367889,Brisbane
367890,Perth
367891,Brisbane
367892,Brisbane
367893,Brisbane
367894,Brisbane
367895,Brisbane
367896,Brisbane
367897,Brisbane
367898,Brisbane
367899,Brisbane
367900,Brisbane
367901,Brisbane
367902,Brisbane
367903,Brisbane
367904,Brisbane
367905,Brisbane
367906,Brisbane
367907,Brisbane
367908,Brisbane
367909,Brisbane
367910,Melbourne
367911,Brisbane
367912,Brisbane
367913,Melbourne
367914,Brisbane
367915,Brisbane
367916,Brisbane
367917,Brisbane
367918,Brisbane
367919,Brisbane
367920,Sydney
367921,Brisbane
367922,Brisbane
367923,Brisbane
367924,Brisbane
367925,Brisbane
367926,Brisbane
367927,Brisbane
367928,Brisbane
367929,Brisbane
367930,Brisbane
367931,Brisbane
367932,Brisbane
367933,Brisbane
367934,Brisbane
367935,Brisbane
367936,Brisbane
367937,Brisbane
367938,Brisbane
367939,Brisbane
367940,Brisbane
367941,Brisbane
367942,Brisbane
367943,Brisbane
367944,Brisbane
367945,Brisbane
367946,Brisbane
367947,Melbourne
367948,Brisbane
367949,Brisbane
367950,Brisbane
367951,Brisbane
367952,Brisbane
367953,Brisbane
367954,Brisbane
367955,Brisbane
367956,Brisbane
367957,Brisbane
367958,Brisbane
367959,Brisbane
367960,Brisbane
367961,Brisbane
367962,Brisbane
367963,Brisbane
367964,Brisbane
367965,Brisbane
367966,Brisbane
367967,Brisbane
367968,Brisbane
367969,Brisbane
367970,Brisbane
367971,Brisbane
367972,Brisbane
367973,Perth
367974,Brisbane
367975,Brisbane
367976,Sydney
367977,Brisbane
367978,Brisbane
367979,Brisbane
367980,Brisbane
367981,Brisbane
367982,Brisbane
367983,Brisbane
367984,Brisbane
367985,Brisbane
367986,Perth
367987,Brisbane
367988,Brisbane
367989,Brisbane
367990,Brisbane
367991,Brisbane
367992,Brisbane
367993,Brisbane
367994,Brisbane
367995,Brisbane
367996,Brisbane
367997,Brisbane
367998,Brisbane
367999,Brisbane
368000,Brisbane
368001,Brisbane
368002,Brisbane
368003,Brisbane
368004,Brisbane
368005,Brisbane
368006,Brisbane
368007,Sydney
368008,Brisbane
368009,Brisbane
368010,Brisbane
368011,Brisbane
368012,Brisbane
368013,Brisbane
368014,Brisbane
368015,Brisbane
368016,Brisbane
368017,Brisbane
368018,Brisbane
368019,Brisbane
368020,Brisbane
368021,Brisbane
368022,Brisbane
368023,Brisbane
368024,Brisbane
368025,Sydney
368026,Brisbane
368027,Brisbane
368028,Brisbane
368029,Perth
368030,Brisbane
368031,Brisbane
368032,Brisbane
368033,Brisbane
368034,Brisbane
368035,Sydney
368036,Brisbane
368037,Brisbane
368038,Brisbane
368039,Melbourne
368040,Brisbane
368041,Brisbane
368042,Brisbane
368043,Brisbane
368044,Brisbane
368045,Brisbane
368046,Brisbane
368047,Brisbane
368048,Brisbane
368049,Perth
368050,Brisbane
368051,Sydney
368052,Brisbane
368053,Brisbane
368054,Brisbane
368055,Brisbane
368056,Brisbane
368057,Brisbane
368058,Brisbane
368059,Brisbane
368060,Melbourne
368061,Brisbane
368062,Brisbane
368063,Perth
368064,Brisbane
368065,Brisbane
368066,Brisbane
368067,Brisbane
368068,Brisbane
368069,Melbourne
368070,Brisbane
368071,Brisbane
368072,Brisbane
368073,Brisbane
368074,Brisbane
368075,Brisbane
368076,Brisbane
368077,Brisbane
368078,Brisbane
368079,Brisbane
368080,Brisbane
368081,Brisbane
368082,Brisbane
368083,Brisbane
368084,Perth
368085,Brisbane
368086,Brisbane
368087,Brisbane
368088,Brisbane
368089,Brisbane
368090,Melbourne
368091,Brisbane
368092,Brisbane
368093,Brisbane
368094,Brisbane
368095,Brisbane
368096,Brisbane
368097,Melbourne
368098,Brisbane
368099,Brisbane
368100,Brisbane
368101,Brisbane
368102,Brisbane
368103,Melbourne
368104,Brisbane
368105,Sydney
368106,Brisbane
368107,Brisbane
368108,Brisbane
368109,Brisbane
368110,Brisbane
368111,Sydney
368112,Brisbane
368113,Sydney
368114,Brisbane
368115,Brisbane
368116,Brisbane
368117,Brisbane
368118,Brisbane
368119,Brisbane
368120,Brisbane
368121,Brisbane
368122,Brisbane
368123,Brisbane
368124,Brisbane
368125,Brisbane
368126,Brisbane
368127,Brisbane
368128,Brisbane
368129,Sydney
368130,Brisbane
368131,Brisbane
368132,Brisbane
368133,Perth
368134,Brisbane
368135,Brisbane
368136,Brisbane
368137,Brisbane
368138,Brisbane
368139,Brisbane
368140,Brisbane
368141,Brisbane
368142,Brisbane
368143,Brisbane
368144,Brisbane
368145,Brisbane
368146,Brisbane
368147,Perth
368148,Brisbane
368149,Brisbane
368150,Brisbane
368151,Brisbane
368152,Brisbane
368153,Brisbane
368154,Brisbane
368155,Brisbane
368156,Perth
368157,Brisbane
368158,Brisbane
368159,Brisbane
368160,Brisbane
368161,Brisbane
368162,Brisbane
368163,Brisbane
368164,Brisbane
368165,Sydney
368166,Brisbane
368167,Brisbane
368168,Brisbane
368169,Brisbane
368170,Brisbane
368171,Brisbane
368172,Brisbane
368173,Brisbane
368174,Brisbane
368175,Brisbane
368176,Brisbane
368177,Brisbane
368178,Brisbane
368179,Brisbane
368180,Brisbane
368181,Brisbane
368182,Brisbane
368183,Brisbane
368184,Brisbane
368185,Brisbane
368186,Brisbane
368187,Brisbane
368188,Brisbane
368189,Brisbane
368190,Perth
368191,Brisbane
368192,Brisbane
368193,Brisbane
368194,Perth
368195,Brisbane
368196,Sydney
368197,Brisbane
368198,Brisbane
368199,Brisbane
368200,Brisbane
368201,Brisbane
368202,Brisbane
368203,Brisbane
368204,Brisbane
368205,Brisbane
368206,Brisbane
368207,Brisbane
368208,Brisbane
368209,Brisbane
368210,Brisbane
368211,Brisbane
368212,Brisbane
368213,Brisbane
368214,Brisbane
368215,Sydney
368216,Brisbane
368217,Sydney
368218,Brisbane
368219,Brisbane
368220,Brisbane
368221,Brisbane
368222,Brisbane
368223,Brisbane
368224,Sydney
368225,Brisbane
368226,Sydney
368227,Brisbane
368228,Brisbane
368229,Brisbane
368230,Brisbane
368231,Brisbane
368232,Brisbane
368233,Perth
368234,Perth
368235,Melbourne
368236,Brisbane
368237,Brisbane
368238,Brisbane
368239,Sydney
368240,Sydney
368241,Brisbane
368242,Brisbane
368243,Brisbane
368244,Brisbane
368245,Brisbane
368246,Brisbane
368247,Brisbane
368248,Brisbane
368249,Brisbane
368250,Brisbane
368251,Brisbane
368252,Brisbane
368253,Brisbane
368254,Brisbane
368255,Melbourne
368256,Brisbane
368257,Brisbane
368258,Brisbane
368259,Melbourne
368260,Brisbane
368261,Brisbane
368262,Brisbane
368263,Brisbane
368264,Brisbane
368265,Brisbane
368266,Brisbane
368267,Brisbane
368268,Melbourne
368269,Brisbane
368270,Brisbane
368271,Brisbane
368272,Brisbane
368273,Perth
368274,Melbourne
368275,Brisbane
368276,Brisbane
368277,Melbourne
368278,Perth
368279,Brisbane
368280,Brisbane
368281,Brisbane
368282,Brisbane
368283,Brisbane
368284,Brisbane
368285,Brisbane
368286,Brisbane
368287,Brisbane
368288,Brisbane
368289,Brisbane
368290,Brisbane
368291,Brisbane
368292,Brisbane
368293,Brisbane
368294,Brisbane
368295,Sydney
368296,Perth
368297,Brisbane
368298,Brisbane
368299,Brisbane
368300,Brisbane
368301,Brisbane
368302,Brisbane
368303,Brisbane
368304,Melbourne
368305,Perth
368306,Brisbane
368307,Brisbane
368308,Brisbane
368309,Brisbane
368310,Brisbane
368311,Brisbane
368312,Sydney
368313,Perth
368314,Brisbane
368315,Brisbane
368316,Brisbane
368317,Brisbane
368318,Brisbane
368319,Brisbane
368320,Sydney
368321,Brisbane
368322,Brisbane
368323,Brisbane
368324,Brisbane
368325,Brisbane
368326,Brisbane
368327,Brisbane
368328,Brisbane
368329,Brisbane
368330,Brisbane
368331,Brisbane
368332,Brisbane
368333,Brisbane
368334,Brisbane
368335,Perth
368336,Brisbane
368337,Brisbane
368338,Brisbane
368339,Brisbane
368340,Brisbane
368341,Brisbane
368342,Brisbane
368343,Brisbane
368344,Brisbane
368345,Brisbane
368346,Brisbane
368347,Brisbane
368348,Brisbane
368349,Brisbane
368350,Brisbane
368351,Brisbane
368352,Brisbane
368353,Sydney
368354,Brisbane
368355,Brisbane
368356,Brisbane
368357,Brisbane
368358,Brisbane
368359,Brisbane
368360,Brisbane
368361,Brisbane
368362,Brisbane
368363,Brisbane
368364,Brisbane
368365,Brisbane
368366,Melbourne
368367,Brisbane
368368,Brisbane
368369,Brisbane
368370,Brisbane
368371,Brisbane
368372,Brisbane
368373,Brisbane
368374,Brisbane
368375,Brisbane
368376,Brisbane
368377,Brisbane
368378,Brisbane
368379,Brisbane
368380,Brisbane
368381,Brisbane
368382,Brisbane
368383,Brisbane
368384,Brisbane
368385,Melbourne
368386,Brisbane
368387,Brisbane
368388,Brisbane
368389,Brisbane
368390,Brisbane
368391,Brisbane
368392,Brisbane
368393,Brisbane
368394,Brisbane
368395,Brisbane
368396,Brisbane
368397,Brisbane
368398,Brisbane
368399,Brisbane
368400,Melbourne
368401,Perth
368402,Brisbane
368403,Brisbane
368404,Sydney
368405,Brisbane
368406,Brisbane
368407,Brisbane
368408,Brisbane
368409,Brisbane
368410,Brisbane
368411,Brisbane
368412,Brisbane
368413,Brisbane
368414,Brisbane
368415,Brisbane
368416,Sydney
368417,Brisbane
368418,Brisbane
368419,Brisbane
368420,Brisbane
368421,Brisbane
368422,Brisbane
368423,Brisbane
368424,Brisbane
368425,Brisbane
368426,Brisbane
368427,Brisbane
368428,Brisbane
368429,Brisbane
368430,Brisbane
368431,Brisbane
368432,Brisbane
368433,Brisbane
368434,Brisbane
368435,Sydney
368436,Brisbane
368437,Brisbane
368438,Brisbane
368439,Brisbane
368440,Brisbane
368441,Brisbane
368442,Brisbane
368443,Brisbane
368444,Brisbane
368445,Perth
368446,Sydney
368447,Brisbane
368448,Brisbane
368449,Brisbane
368450,Sydney
368451,Brisbane
368452,Brisbane
368453,Brisbane
368454,Brisbane
368455,Brisbane
368456,Brisbane
368457,Brisbane
368458,Brisbane
368459,Brisbane
368460,Brisbane
368461,Brisbane
368462,Brisbane
368463,Brisbane
368464,Brisbane
368465,Brisbane
368466,Brisbane
368467,Brisbane
368468,Brisbane
368469,Brisbane
368470,Brisbane
368471,Brisbane
368472,Brisbane
368473,Brisbane
368474,Melbourne
368475,Brisbane
368476,Perth
368477,Brisbane
368478,Brisbane
368479,Brisbane
368480,Brisbane
368481,Brisbane
368482,Melbourne
368483,Brisbane
368484,Brisbane
368485,Brisbane
368486,Brisbane
368487,Brisbane
368488,Sydney
368489,Brisbane
368490,Perth
368491,Brisbane
368492,Brisbane
368493,Brisbane
368494,Brisbane
368495,Brisbane
368496,Brisbane
368497,Brisbane
368498,Brisbane
368499,Brisbane
368500,Brisbane
368501,Brisbane
368502,Brisbane
368503,Brisbane
368504,Brisbane
368505,Brisbane
368506,Brisbane
368507,Brisbane
368508,Brisbane
368509,Brisbane
368510,Brisbane
368511,Brisbane
368512,Brisbane
368513,Brisbane
368514,Brisbane
368515,Brisbane
368516,Brisbane
368517,Brisbane
368518,Brisbane
368519,Brisbane
368520,Perth
368521,Brisbane
368522,Brisbane
368523,Brisbane
368524,Brisbane
368525,Brisbane
368526,Brisbane
368527,Brisbane
368528,Brisbane
368529,Perth
368530,Brisbane
368531,Brisbane
368532,Brisbane
368533,Brisbane
368534,Brisbane
368535,Brisbane
368536,Brisbane
368537,Brisbane
368538,Brisbane
368539,Brisbane
368540,Brisbane
368541,Brisbane
368542,Perth
368543,Perth
368544,Brisbane
368545,Brisbane
368546,Perth
368547,Brisbane
368548,Brisbane
368549,Brisbane
368550,Brisbane
368551,Brisbane
368552,Brisbane
368553,Brisbane
368554,Brisbane
368555,Brisbane
368556,Brisbane
368557,Brisbane
368558,Brisbane
368559,Brisbane
368560,Brisbane
368561,Brisbane
368562,Brisbane
368563,Sydney
368564,Brisbane
368565,Brisbane
368566,Brisbane
368567,Sydney
368568,Brisbane
368569,Brisbane
368570,Melbourne
368571,Brisbane
368572,Melbourne
368573,Brisbane
368574,Brisbane
368575,Brisbane
368576,Brisbane
368577,Brisbane
368578,Brisbane
368579,Brisbane
368580,Brisbane
368581,Brisbane
368582,Brisbane
368583,Brisbane
368584,Brisbane
368585,Brisbane
368586,Brisbane
368587,Brisbane
368588,Brisbane
368589,Brisbane
368590,Brisbane
368591,Brisbane
368592,Brisbane
368593,Brisbane
368594,Brisbane
368595,Brisbane
368596,Brisbane
368597,Brisbane
368598,Perth
368599,Brisbane
368600,Brisbane
368601,Brisbane
368602,Brisbane
368603,Melbourne
368604,Brisbane
368605,Brisbane
368606,Brisbane
368607,Brisbane
368608,Brisbane
368609,Brisbane
368610,Brisbane
368611,Sydney
368612,Brisbane
368613,Brisbane
368614,Sydney
368615,Brisbane
368616,Brisbane
368617,Brisbane
368618,Brisbane
368619,Brisbane
368620,Brisbane
368621,Brisbane
368622,Brisbane
368623,Brisbane
368624,Brisbane
368625,Melbourne
368626,Brisbane
368627,Brisbane
368628,Brisbane
368629,Brisbane
368630,Melbourne
368631,Brisbane
368632,Brisbane
368633,Brisbane
368634,Brisbane
368635,Brisbane
368636,Brisbane
368637,Brisbane
368638,Brisbane
368639,Brisbane
368640,Brisbane
368641,Brisbane
368642,Brisbane
368643,Brisbane
368644,Brisbane
368645,Brisbane
368646,Brisbane
368647,Brisbane
368648,Brisbane
368649,Brisbane
368650,Brisbane
368651,Brisbane
368652,Brisbane
368653,Brisbane
368654,Brisbane
368655,Brisbane
368656,Brisbane
368657,Brisbane
368658,Brisbane
368659,Brisbane
368660,Brisbane
368661,Brisbane
368662,Brisbane
368663,Brisbane
368664,Brisbane
368665,Brisbane
368666,Brisbane
368667,Brisbane
368668,Brisbane
368669,Brisbane
368670,Brisbane
368671,Brisbane
368672,Brisbane
368673,Brisbane
368674,Brisbane
368675,Brisbane
368676,Perth
368677,Brisbane
368678,Brisbane
368679,Brisbane
368680,Brisbane
368681,Sydney
368682,Brisbane
368683,Brisbane
368684,Brisbane
368685,Melbourne
368686,Brisbane
368687,Brisbane
368688,Brisbane
368689,Brisbane
368690,Brisbane
368691,Brisbane
368692,Brisbane
368693,Brisbane
368694,Perth
368695,Sydney
368696,Brisbane
368697,Brisbane
368698,Brisbane
368699,Brisbane
368700,Brisbane
368701,Perth
368702,Brisbane
368703,Brisbane
368704,Brisbane
368705,Melbourne
368706,Brisbane
368707,Brisbane
368708,Brisbane
368709,Brisbane
368710,Sydney
368711,Brisbane
368712,Brisbane
368713,Brisbane
368714,Brisbane
368715,Brisbane
368716,Brisbane
368717,Brisbane
368718,Perth
368719,Brisbane
368720,Brisbane
368721,Brisbane
368722,Brisbane
368723,Brisbane
368724,Brisbane
368725,Brisbane
368726,Brisbane
368727,Brisbane
368728,Brisbane
368729,Brisbane
368730,Brisbane
368731,Brisbane
368732,Brisbane
368733,Brisbane
368734,Brisbane
368735,Brisbane
368736,Brisbane
368737,Brisbane
368738,Brisbane
368739,Brisbane
368740,Brisbane
368741,Brisbane
368742,Brisbane
368743,Brisbane
368744,Brisbane
368745,Brisbane
368746,Brisbane
368747,Brisbane
368748,Brisbane
368749,Brisbane
368750,Melbourne
368751,Brisbane
368752,Melbourne
368753,Brisbane
368754,Brisbane
368755,Sydney
368756,Brisbane
368757,Brisbane
368758,Brisbane
368759,Brisbane
368760,Brisbane
368761,Sydney
368762,Brisbane
368763,Brisbane
368764,Brisbane
368765,Sydney
368766,Brisbane
368767,Melbourne
368768,Brisbane
368769,Brisbane
368770,Brisbane
368771,Brisbane
368772,Brisbane
368773,Brisbane
368774,Brisbane
368775,Brisbane
368776,Brisbane
368777,Brisbane
368778,Brisbane
368779,Brisbane
368780,Brisbane
368781,Brisbane
368782,Brisbane
368783,Brisbane
368784,Perth
368785,Brisbane
368786,Brisbane
368787,Brisbane
368788,Brisbane
368789,Brisbane
368790,Brisbane
368791,Melbourne
368792,Brisbane
368793,Brisbane
368794,Brisbane
368795,Brisbane
368796,Brisbane
368797,Brisbane
368798,Sydney
368799,Brisbane
368800,Brisbane
368801,Brisbane
368802,Brisbane
368803,Melbourne
368804,Brisbane
368805,Brisbane
368806,Brisbane
368807,Brisbane
368808,Brisbane
368809,Melbourne
368810,Brisbane
368811,Brisbane
368812,Brisbane
368813,Brisbane
368814,Brisbane
368815,Brisbane
368816,Brisbane
368817,Brisbane
368818,Brisbane
368819,Brisbane
368820,Brisbane
368821,Brisbane
368822,Brisbane
368823,Brisbane
368824,Brisbane
368825,Sydney
368826,Brisbane
368827,Brisbane
368828,Sydney
368829,Brisbane
368830,Brisbane
368831,Brisbane
368832,Brisbane
368833,Brisbane
368834,Brisbane
368835,Brisbane
368836,Brisbane
368837,Brisbane
368838,Brisbane
368839,Sydney
368840,Perth
368841,Brisbane
368842,Brisbane
368843,Brisbane
368844,Brisbane
368845,Brisbane
368846,Brisbane
368847,Brisbane
368848,Brisbane
368849,Brisbane
368850,Brisbane
368851,Brisbane
368852,Brisbane
368853,Brisbane
368854,Brisbane
368855,Brisbane
368856,Perth
368857,Brisbane
368858,Brisbane
368859,Brisbane
368860,Brisbane
368861,Melbourne
368862,Brisbane
368863,Brisbane
368864,Sydney
368865,Brisbane
368866,Brisbane
368867,Brisbane
368868,Brisbane
368869,Brisbane
368870,Brisbane
368871,Brisbane
368872,Brisbane
368873,Brisbane
368874,Brisbane
368875,Brisbane
368876,Brisbane
368877,Brisbane
368878,Brisbane
368879,Perth
368880,Brisbane
368881,Brisbane
368882,Brisbane
368883,Brisbane
368884,Brisbane
368885,Melbourne
368886,Perth
368887,Brisbane
368888,Brisbane
368889,Brisbane
368890,Brisbane
368891,Brisbane
368892,Brisbane
368893,Brisbane
368894,Brisbane
368895,Perth
368896,Brisbane
368897,Brisbane
368898,Brisbane
368899,Brisbane
368900,Brisbane
368901,Brisbane
368902,Brisbane
368903,Brisbane
368904,Perth
368905,Brisbane
368906,Brisbane
368907,Brisbane
368908,Brisbane
368909,Brisbane
368910,Brisbane
368911,Brisbane
368912,Brisbane
368913,Brisbane
368914,Brisbane
368915,Brisbane
368916,Brisbane
368917,Brisbane
368918,Brisbane
368919,Brisbane
368920,Brisbane
368921,Brisbane
368922,Brisbane
368923,Brisbane
368924,Brisbane
368925,Brisbane
368926,Brisbane
368927,Brisbane
368928,Brisbane
368929,Brisbane
368930,Brisbane
368931,Sydney
368932,Sydney
368933,Melbourne
368934,Brisbane
368935,Brisbane
368936,Brisbane
368937,Brisbane
368938,Perth
368939,Brisbane
368940,Brisbane
368941,Brisbane
368942,Brisbane
368943,Brisbane
368944,Brisbane
368945,Brisbane
368946,Brisbane
368947,Brisbane
368948,Brisbane
368949,Brisbane
368950,Brisbane
368951,Melbourne
368952,Brisbane
368953,Brisbane
368954,Brisbane
368955,Brisbane
368956,Perth
368957,Brisbane
368958,Brisbane
368959,Brisbane
368960,Perth
368961,Brisbane
368962,Brisbane
368963,Brisbane
368964,Perth
368965,Brisbane
368966,Brisbane
368967,Brisbane
368968,Brisbane
368969,Brisbane
368970,Brisbane
368971,Brisbane
368972,Brisbane
368973,Brisbane
368974,Brisbane
368975,Brisbane
368976,Sydney
368977,Brisbane
368978,Perth
368979,Sydney
368980,Brisbane
368981,Brisbane
368982,Brisbane
368983,Brisbane
368984,Brisbane
368985,Brisbane
368986,Brisbane
368987,Brisbane
368988,Brisbane
368989,Sydney
368990,Brisbane
368991,Brisbane
368992,Brisbane
368993,Brisbane
368994,Perth
368995,Brisbane
368996,Brisbane
368997,Melbourne
368998,Brisbane
368999,Melbourne
369000,Brisbane
369001,Brisbane
369002,Brisbane
369003,Brisbane
369004,Brisbane
369005,Brisbane
369006,Brisbane
369007,Brisbane
369008,Brisbane
369009,Brisbane
369010,Sydney
369011,Brisbane
369012,Brisbane
369013,Perth
369014,Brisbane
369015,Brisbane
369016,Brisbane
369017,Brisbane
369018,Brisbane
369019,Brisbane
369020,Brisbane
369021,Brisbane
369022,Sydney
369023,Brisbane
369024,Melbourne
369025,Brisbane
369026,Melbourne
369027,Brisbane
369028,Brisbane
369029,Brisbane
369030,Sydney
369031,Brisbane
369032,Brisbane
369033,Brisbane
369034,Brisbane
369035,Brisbane
369036,Brisbane
369037,Brisbane
369038,Brisbane
369039,Brisbane
369040,Melbourne
369041,Brisbane
369042,Brisbane
369043,Perth
369044,Perth
369045,Brisbane
369046,Brisbane
369047,Brisbane
369048,Brisbane
369049,Brisbane
369050,Brisbane
369051,Brisbane
369052,Brisbane
369053,Brisbane
369054,Brisbane
369055,Brisbane
369056,Brisbane
369057,Brisbane
369058,Brisbane
369059,Brisbane
369060,Brisbane
369061,Brisbane
369062,Brisbane
369063,Brisbane
369064,Brisbane
369065,Brisbane
369066,Brisbane
369067,Sydney
369068,Brisbane
369069,Brisbane
369070,Brisbane
369071,Brisbane
369072,Brisbane
369073,Brisbane
369074,Brisbane
369075,Brisbane
369076,Sydney
369077,Brisbane
369078,Brisbane
369079,Brisbane
369080,Brisbane
369081,Brisbane
369082,Sydney
369083,Brisbane
369084,Brisbane
369085,Brisbane
369086,Brisbane
369087,Brisbane
369088,Brisbane
369089,Brisbane
369090,Brisbane
369091,Melbourne
369092,Brisbane
369093,Brisbane
369094,Brisbane
369095,Brisbane
369096,Brisbane
369097,Brisbane
369098,Sydney
369099,Brisbane
369100,Brisbane
369101,Brisbane
369102,Brisbane
369103,Brisbane
369104,Brisbane
369105,Brisbane
369106,Brisbane
369107,Brisbane
369108,Melbourne
369109,Brisbane
369110,Brisbane
369111,Brisbane
369112,Brisbane
369113,Perth
369114,Perth
369115,Brisbane
369116,Brisbane
369117,Brisbane
369118,Brisbane
369119,Brisbane
369120,Brisbane
369121,Brisbane
369122,Brisbane
369123,Brisbane
369124,Brisbane
369125,Brisbane
369126,Brisbane
369127,Brisbane
369128,Brisbane
369129,Perth
369130,Brisbane
369131,Brisbane
369132,Brisbane
369133,Brisbane
369134,Sydney
369135,Brisbane
369136,Brisbane
369137,Brisbane
369138,Brisbane
369139,Brisbane
369140,Sydney
369141,Brisbane
369142,Brisbane
369143,Brisbane
369144,Brisbane
369145,Melbourne
369146,Perth
369147,Brisbane
369148,Sydney
369149,Brisbane
369150,Brisbane
369151,Brisbane
369152,Brisbane
369153,Brisbane
369154,Brisbane
369155,Brisbane
369156,Brisbane
369157,Brisbane
369158,Brisbane
369159,Melbourne
369160,Brisbane
369161,Brisbane
369162,Brisbane
369163,Brisbane
369164,Brisbane
369165,Brisbane
369166,Brisbane
369167,Brisbane
369168,Brisbane
369169,Brisbane
369170,Brisbane
369171,Brisbane
369172,Brisbane
369173,Brisbane
369174,Brisbane
369175,Brisbane
369176,Sydney
369177,Brisbane
369178,Brisbane
369179,Brisbane
369180,Brisbane
369181,Melbourne
369182,Brisbane
369183,Brisbane
369184,Brisbane
369185,Brisbane
369186,Brisbane
369187,Brisbane
369188,Brisbane
369189,Brisbane
369190,Brisbane
369191,Brisbane
369192,Brisbane
369193,Brisbane
369194,Melbourne
369195,Brisbane
369196,Brisbane
369197,Brisbane
369198,Brisbane
369199,Brisbane
369200,Brisbane
369201,Brisbane
369202,Brisbane
369203,Brisbane
369204,Brisbane
369205,Brisbane
369206,Brisbane
369207,Brisbane
369208,Brisbane
369209,Brisbane
369210,Melbourne
369211,Sydney
369212,Brisbane
369213,Brisbane
369214,Brisbane
369215,Brisbane
369216,Brisbane
369217,Brisbane
369218,Brisbane
369219,Brisbane
369220,Brisbane
369221,Brisbane
369222,Brisbane
369223,Brisbane
369224,Brisbane
369225,Brisbane
369226,Brisbane
369227,Brisbane
369228,Brisbane
369229,Brisbane
369230,Brisbane
369231,Sydney
369232,Brisbane
369233,Brisbane
369234,Brisbane
369235,Brisbane
369236,Brisbane
369237,Brisbane
369238,Brisbane
369239,Brisbane
369240,Brisbane
369241,Brisbane
369242,Brisbane
369243,Brisbane
369244,Brisbane
369245,Brisbane
369246,Brisbane
369247,Brisbane
369248,Melbourne
369249,Brisbane
369250,Brisbane
369251,Perth
369252,Brisbane
369253,Brisbane
369254,Brisbane
369255,Brisbane
369256,Brisbane
369257,Brisbane
369258,Brisbane
369259,Brisbane
369260,Brisbane
369261,Brisbane
369262,Brisbane
369263,Brisbane
369264,Sydney
369265,Brisbane
369266,Brisbane
369267,Brisbane
369268,Brisbane
369269,Brisbane
369270,Brisbane
369271,Brisbane
369272,Brisbane
369273,Brisbane
369274,Brisbane
369275,Brisbane
369276,Brisbane
369277,Brisbane
369278,Brisbane
369279,Brisbane
369280,Sydney
369281,Sydney
369282,Brisbane
369283,Brisbane
369284,Brisbane
369285,Melbourne
369286,Brisbane
369287,Brisbane
369288,Brisbane
369289,Melbourne
369290,Brisbane
369291,Brisbane
369292,Brisbane
369293,Brisbane
369294,Sydney
369295,Brisbane
369296,Brisbane
369297,Brisbane
369298,Brisbane
369299,Brisbane
369300,Brisbane
369301,Brisbane
369302,Brisbane
369303,Brisbane
369304,Brisbane
369305,Brisbane
369306,Brisbane
369307,Brisbane
369308,Brisbane
369309,Brisbane
369310,Brisbane
369311,Melbourne
369312,Brisbane
369313,Brisbane
369314,Brisbane
369315,Brisbane
369316,Brisbane
369317,Sydney
369318,Brisbane
369319,Brisbane
369320,Sydney
369321,Brisbane
369322,Brisbane
369323,Brisbane
369324,Perth
369325,Brisbane
369326,Brisbane
369327,Brisbane
369328,Brisbane
369329,Perth
369330,Brisbane
369331,Perth
369332,Brisbane
369333,Brisbane
369334,Brisbane
369335,Sydney
369336,Brisbane
369337,Melbourne
369338,Brisbane
369339,Brisbane
369340,Brisbane
369341,Brisbane
369342,Brisbane
369343,Brisbane
369344,Brisbane
369345,Sydney
369346,Brisbane
369347,Brisbane
369348,Brisbane
369349,Brisbane
369350,Brisbane
369351,Brisbane
369352,Brisbane
369353,Brisbane
369354,Brisbane
369355,Brisbane
369356,Brisbane
369357,Brisbane
369358,Brisbane
369359,Brisbane
369360,Brisbane
369361,Brisbane
369362,Brisbane
369363,Brisbane
369364,Brisbane
369365,Brisbane
369366,Perth
369367,Brisbane
369368,Brisbane
369369,Brisbane
369370,Brisbane
369371,Brisbane
369372,Brisbane
369373,Brisbane
369374,Brisbane
369375,Brisbane
369376,Brisbane
369377,Brisbane
369378,Brisbane
369379,Brisbane
369380,Brisbane
369381,Brisbane
369382,Brisbane
369383,Brisbane
369384,Brisbane
369385,Brisbane
369386,Brisbane
369387,Sydney
369388,Brisbane
369389,Melbourne
369390,Brisbane
369391,Brisbane
369392,Brisbane
369393,Brisbane
369394,Brisbane
369395,Brisbane
369396,Brisbane
369397,Brisbane
369398,Brisbane
369399,Brisbane
369400,Brisbane
369401,Brisbane
369402,Brisbane
369403,Brisbane
369404,Brisbane
369405,Brisbane
369406,Brisbane
369407,Brisbane
369408,Brisbane
369409,Brisbane
369410,Brisbane
369411,Sydney
369412,Brisbane
369413,Brisbane
369414,Brisbane
369415,Brisbane
369416,Brisbane
369417,Brisbane
369418,Sydney
369419,Brisbane
369420,Brisbane
369421,Brisbane
369422,Brisbane
369423,Brisbane
369424,Perth
369425,Brisbane
369426,Brisbane
369427,Perth
369428,Brisbane
369429,Brisbane
369430,Brisbane
369431,Brisbane
369432,Brisbane
369433,Brisbane
369434,Brisbane
369435,Brisbane
369436,Brisbane
369437,Brisbane
369438,Brisbane
369439,Sydney
369440,Brisbane
369441,Brisbane
369442,Brisbane
369443,Brisbane
369444,Brisbane
369445,Brisbane
369446,Brisbane
369447,Sydney
369448,Brisbane
369449,Brisbane
369450,Brisbane
369451,Brisbane
369452,Brisbane
369453,Brisbane
369454,Brisbane
369455,Brisbane
369456,Brisbane
369457,Brisbane
369458,Brisbane
369459,Perth
369460,Brisbane
369461,Brisbane
369462,Brisbane
369463,Brisbane
369464,Brisbane
369465,Brisbane
369466,Brisbane
369467,Brisbane
369468,Brisbane
369469,Brisbane
369470,Brisbane
369471,Brisbane
369472,Brisbane
369473,Brisbane
369474,Melbourne
369475,Sydney
369476,Brisbane
369477,Brisbane
369478,Brisbane
369479,Brisbane
369480,Brisbane
369481,Brisbane
369482,Brisbane
369483,Brisbane
369484,Brisbane
369485,Brisbane
369486,Brisbane
369487,Brisbane
369488,Brisbane
369489,Brisbane
369490,Brisbane
369491,Sydney
369492,Brisbane
369493,Brisbane
369494,Brisbane
369495,Brisbane
369496,Brisbane
369497,Brisbane
369498,Brisbane
369499,Brisbane
369500,Brisbane
369501,Brisbane
369502,Brisbane
369503,Brisbane
369504,Brisbane
369505,Brisbane
369506,Brisbane
369507,Brisbane
369508,Brisbane
369509,Brisbane
369510,Brisbane
369511,Brisbane
369512,Brisbane
369513,Brisbane
369514,Brisbane
369515,Brisbane
369516,Brisbane
369517,Brisbane
369518,Brisbane
369519,Brisbane
369520,Brisbane
369521,Sydney
369522,Brisbane
369523,Brisbane
369524,Brisbane
369525,Brisbane
369526,Brisbane
369527,Brisbane
369528,Brisbane
369529,Sydney
369530,Brisbane
369531,Brisbane
369532,Brisbane
369533,Perth
369534,Brisbane
369535,Brisbane
369536,Brisbane
369537,Melbourne
369538,Sydney
369539,Sydney
369540,Brisbane
369541,Sydney
369542,Brisbane
369543,Brisbane
369544,Brisbane
369545,Brisbane
369546,Brisbane
369547,Perth
369548,Melbourne
369549,Brisbane
369550,Brisbane
369551,Brisbane
369552,Brisbane
369553,Sydney
369554,Brisbane
369555,Brisbane
369556,Brisbane
369557,Brisbane
369558,Brisbane
369559,Brisbane
369560,Brisbane
369561,Brisbane
369562,Brisbane
369563,Brisbane
369564,Brisbane
369565,Brisbane
369566,Brisbane
369567,Brisbane
369568,Brisbane
369569,Brisbane
369570,Brisbane
369571,Brisbane
369572,Brisbane
369573,Brisbane
369574,Brisbane
369575,Sydney
369576,Brisbane
369577,Brisbane
369578,Brisbane
369579,Brisbane
369580,Brisbane
369581,Perth
369582,Brisbane
369583,Brisbane
369584,Brisbane
369585,Brisbane
369586,Brisbane
369587,Brisbane
369588,Brisbane
369589,Sydney
369590,Brisbane
369591,Brisbane
369592,Brisbane
369593,Brisbane
369594,Brisbane
369595,Brisbane
369596,Brisbane
369597,Brisbane
369598,Brisbane
369599,Sydney
369600,Sydney
369601,Brisbane
369602,Brisbane
369603,Brisbane
369604,Brisbane
369605,Brisbane
369606,Brisbane
369607,Brisbane
369608,Sydney
369609,Brisbane
369610,Brisbane
369611,Sydney
369612,Brisbane
369613,Brisbane
369614,Brisbane
369615,Brisbane
369616,Brisbane
369617,Brisbane
369618,Brisbane
369619,Brisbane
369620,Brisbane
369621,Brisbane
369622,Brisbane
369623,Brisbane
369624,Brisbane
369625,Brisbane
369626,Melbourne
369627,Brisbane
369628,Brisbane
369629,Brisbane
369630,Sydney
369631,Brisbane
369632,Melbourne
369633,Brisbane
369634,Brisbane
369635,Brisbane
369636,Brisbane
369637,Brisbane
369638,Brisbane
369639,Brisbane
369640,Brisbane
369641,Brisbane
369642,Brisbane
369643,Brisbane
369644,Brisbane
369645,Brisbane
369646,Brisbane
369647,Brisbane
369648,Sydney
369649,Brisbane
369650,Brisbane
369651,Sydney
369652,Brisbane
369653,Brisbane
369654,Brisbane
369655,Brisbane
369656,Brisbane
369657,Brisbane
369658,Brisbane
369659,Brisbane
369660,Brisbane
369661,Brisbane
369662,Brisbane
369663,Perth
369664,Brisbane
369665,Brisbane
369666,Brisbane
369667,Perth
369668,Brisbane
369669,Brisbane
369670,Brisbane
369671,Brisbane
369672,Brisbane
369673,Brisbane
369674,Perth
369675,Brisbane
369676,Brisbane
369677,Brisbane
369678,Brisbane
369679,Sydney
369680,Brisbane
369681,Brisbane
369682,Brisbane
369683,Brisbane
369684,Brisbane
369685,Brisbane
369686,Brisbane
369687,Brisbane
369688,Brisbane
369689,Brisbane
369690,Brisbane
369691,Sydney
369692,Brisbane
369693,Brisbane
369694,Brisbane
369695,Brisbane
369696,Brisbane
369697,Sydney
369698,Brisbane
369699,Brisbane
369700,Brisbane
369701,Brisbane
369702,Brisbane
369703,Brisbane
369704,Sydney
369705,Perth
369706,Brisbane
369707,Brisbane
369708,Brisbane
369709,Brisbane
369710,Melbourne
369711,Brisbane
369712,Brisbane
369713,Brisbane
369714,Brisbane
369715,Brisbane
369716,Brisbane
369717,Brisbane
369718,Brisbane
369719,Brisbane
369720,Brisbane
369721,Brisbane
369722,Brisbane
369723,Brisbane
369724,Brisbane
369725,Brisbane
369726,Brisbane
369727,Brisbane
369728,Brisbane
369729,Brisbane
369730,Brisbane
369731,Brisbane
369732,Brisbane
369733,Brisbane
369734,Brisbane
369735,Brisbane
369736,Brisbane
369737,Brisbane
369738,Brisbane
369739,Brisbane
369740,Brisbane
369741,Brisbane
369742,Brisbane
369743,Brisbane
369744,Brisbane
369745,Brisbane
369746,Brisbane
369747,Brisbane
369748,Perth
369749,Brisbane
369750,Brisbane
369751,Brisbane
369752,Brisbane
369753,Brisbane
369754,Brisbane
369755,Perth
369756,Brisbane
369757,Brisbane
369758,Melbourne
369759,Perth
369760,Brisbane
369761,Brisbane
369762,Brisbane
369763,Brisbane
369764,Brisbane
369765,Brisbane
369766,Brisbane
369767,Perth
369768,Brisbane
369769,Brisbane
369770,Brisbane
369771,Brisbane
369772,Brisbane
369773,Brisbane
369774,Sydney
369775,Brisbane
369776,Brisbane
369777,Brisbane
369778,Brisbane
369779,Brisbane
369780,Brisbane
369781,Brisbane
369782,Sydney
369783,Brisbane
369784,Brisbane
369785,Brisbane
369786,Brisbane
369787,Brisbane
369788,Brisbane
369789,Brisbane
369790,Brisbane
369791,Melbourne
369792,Brisbane
369793,Brisbane
369794,Brisbane
369795,Brisbane
369796,Brisbane
369797,Brisbane
369798,Brisbane
369799,Brisbane
369800,Brisbane
369801,Brisbane
369802,Brisbane
369803,Brisbane
369804,Brisbane
369805,Brisbane
369806,Brisbane
369807,Brisbane
369808,Brisbane
369809,Brisbane
369810,Brisbane
369811,Brisbane
369812,Brisbane
369813,Brisbane
369814,Brisbane
369815,Brisbane
369816,Brisbane
369817,Brisbane
369818,Brisbane
369819,Brisbane
369820,Brisbane
369821,Brisbane
369822,Brisbane
369823,Perth
369824,Brisbane
369825,Brisbane
369826,Brisbane
369827,Brisbane
369828,Brisbane
369829,Sydney
369830,Brisbane
369831,Brisbane
369832,Perth
369833,Brisbane
369834,Brisbane
369835,Perth
369836,Brisbane
369837,Brisbane
369838,Brisbane
369839,Brisbane
369840,Brisbane
369841,Brisbane
369842,Brisbane
369843,Brisbane
369844,Melbourne
369845,Brisbane
369846,Brisbane
369847,Brisbane
369848,Brisbane
369849,Brisbane
369850,Brisbane
369851,Brisbane
369852,Brisbane
369853,Brisbane
369854,Brisbane
369855,Brisbane
369856,Brisbane
369857,Brisbane
369858,Brisbane
369859,Brisbane
369860,Brisbane
369861,Brisbane
369862,Brisbane
369863,Brisbane
369864,Brisbane
369865,Perth
369866,Sydney
369867,Brisbane
369868,Brisbane
369869,Perth
369870,Brisbane
369871,Brisbane
369872,Brisbane
369873,Brisbane
369874,Brisbane
369875,Brisbane
369876,Brisbane
369877,Brisbane
369878,Brisbane
369879,Brisbane
369880,Brisbane
369881,Brisbane
369882,Brisbane
369883,Brisbane
369884,Brisbane
369885,Brisbane
369886,Brisbane
369887,Brisbane
369888,Brisbane
369889,Brisbane
369890,Brisbane
369891,Brisbane
369892,Brisbane
369893,Brisbane
369894,Brisbane
369895,Brisbane
369896,Perth
369897,Melbourne
369898,Brisbane
369899,Brisbane
369900,Brisbane
369901,Brisbane
369902,Brisbane
369903,Brisbane
369904,Brisbane
369905,Brisbane
369906,Brisbane
369907,Brisbane
369908,Brisbane
369909,Brisbane
369910,Brisbane
369911,Brisbane
369912,Brisbane
369913,Brisbane
369914,Brisbane
369915,Brisbane
369916,Brisbane
369917,Brisbane
369918,Brisbane
369919,Brisbane
369920,Brisbane
369921,Brisbane
369922,Perth
369923,Brisbane
369924,Brisbane
369925,Brisbane
369926,Brisbane
369927,Brisbane
369928,Brisbane
369929,Brisbane
369930,Brisbane
369931,Brisbane
369932,Brisbane
369933,Brisbane
369934,Perth
369935,Brisbane
369936,Brisbane
369937,Brisbane
369938,Brisbane
369939,Brisbane
369940,Melbourne
369941,Brisbane
369942,Melbourne
369943,Brisbane
369944,Brisbane
369945,Brisbane
369946,Brisbane
369947,Brisbane
369948,Brisbane
369949,Brisbane
369950,Brisbane
369951,Brisbane
369952,Sydney
369953,Brisbane
369954,Brisbane
369955,Brisbane
369956,Brisbane
369957,Brisbane
369958,Brisbane
369959,Brisbane
369960,Brisbane
369961,Brisbane
369962,Brisbane
369963,Brisbane
369964,Brisbane
369965,Sydney
369966,Brisbane
369967,Brisbane
369968,Brisbane
369969,Brisbane
369970,Brisbane
369971,Brisbane
369972,Brisbane
369973,Brisbane
369974,Brisbane
369975,Brisbane
369976,Brisbane
369977,Brisbane
369978,Brisbane
369979,Brisbane
369980,Brisbane
369981,Brisbane
369982,Brisbane
369983,Brisbane
369984,Brisbane
369985,Brisbane
369986,Brisbane
369987,Melbourne
369988,Perth
369989,Brisbane
369990,Sydney
369991,Brisbane
369992,Brisbane
369993,Brisbane
369994,Brisbane
369995,Brisbane
369996,Brisbane
369997,Brisbane
369998,Brisbane
369999,Brisbane
370000,Brisbane
370001,Brisbane
370002,Brisbane
370003,Melbourne
370004,Brisbane
370005,Brisbane
370006,Sydney
370007,Brisbane
370008,Brisbane
370009,Brisbane
370010,Sydney
370011,Brisbane
370012,Brisbane
370013,Sydney
370014,Brisbane
370015,Perth
370016,Brisbane
370017,Brisbane
370018,Brisbane
370019,Brisbane
370020,Brisbane
370021,Brisbane
370022,Brisbane
370023,Brisbane
370024,Brisbane
370025,Brisbane
370026,Brisbane
370027,Brisbane
370028,Brisbane
370029,Brisbane
370030,Brisbane
370031,Brisbane
370032,Brisbane
370033,Brisbane
370034,Brisbane
370035,Brisbane
370036,Brisbane
370037,Brisbane
370038,Brisbane
370039,Brisbane
370040,Brisbane
370041,Brisbane
370042,Sydney
370043,Brisbane
370044,Brisbane
370045,Brisbane
370046,Brisbane
370047,Brisbane
370048,Brisbane
370049,Brisbane
370050,Brisbane
370051,Brisbane
370052,Brisbane
370053,Brisbane
370054,Brisbane
370055,Brisbane
370056,Brisbane
370057,Brisbane
370058,Brisbane
370059,Brisbane
370060,Brisbane
370061,Brisbane
370062,Brisbane
370063,Brisbane
370064,Brisbane
370065,Brisbane
370066,Brisbane
370067,Brisbane
370068,Brisbane
370069,Brisbane
370070,Brisbane
370071,Brisbane
370072,Brisbane
370073,Brisbane
370074,Sydney
370075,Brisbane
370076,Perth
370077,Brisbane
370078,Brisbane
370079,Brisbane
370080,Brisbane
370081,Brisbane
370082,Brisbane
370083,Brisbane
370084,Brisbane
370085,Brisbane
370086,Melbourne
370087,Brisbane
370088,Brisbane
370089,Brisbane
370090,Brisbane
370091,Brisbane
370092,Brisbane
370093,Brisbane
370094,Brisbane
370095,Brisbane
370096,Brisbane
370097,Brisbane
370098,Brisbane
370099,Brisbane
370100,Brisbane
370101,Brisbane
370102,Brisbane
370103,Brisbane
370104,Brisbane
370105,Brisbane
370106,Brisbane
370107,Brisbane
370108,Brisbane
370109,Brisbane
370110,Brisbane
370111,Sydney
370112,Brisbane
370113,Perth
370114,Brisbane
370115,Brisbane
370116,Brisbane
370117,Brisbane
370118,Brisbane
370119,Brisbane
370120,Brisbane
370121,Brisbane
370122,Brisbane
370123,Brisbane
370124,Brisbane
370125,Brisbane
370126,Sydney
370127,Brisbane
370128,Brisbane
370129,Brisbane
370130,Brisbane
370131,Brisbane
370132,Brisbane
370133,Sydney
370134,Brisbane
370135,Brisbane
370136,Melbourne
370137,Brisbane
370138,Brisbane
370139,Brisbane
370140,Brisbane
370141,Sydney
370142,Brisbane
370143,Brisbane
370144,Brisbane
370145,Brisbane
370146,Brisbane
370147,Brisbane
370148,Brisbane
370149,Brisbane
370150,Brisbane
370151,Brisbane
370152,Brisbane
370153,Brisbane
370154,Brisbane
370155,Sydney
370156,Brisbane
370157,Brisbane
370158,Brisbane
370159,Brisbane
370160,Brisbane
370161,Brisbane
370162,Brisbane
370163,Brisbane
370164,Brisbane
370165,Brisbane
370166,Brisbane
370167,Brisbane
370168,Brisbane
370169,Perth
370170,Brisbane
370171,Brisbane
370172,Brisbane
370173,Brisbane
370174,Brisbane
370175,Brisbane
370176,Brisbane
370177,Brisbane
370178,Sydney
370179,Brisbane
370180,Brisbane
370181,Brisbane
370182,Brisbane
370183,Brisbane
370184,Brisbane
370185,Brisbane
370186,Brisbane
370187,Brisbane
370188,Sydney
370189,Brisbane
370190,Brisbane
370191,Brisbane
370192,Brisbane
370193,Brisbane
370194,Brisbane
370195,Brisbane
370196,Brisbane
370197,Sydney
370198,Brisbane
370199,Brisbane
370200,Brisbane
370201,Brisbane
370202,Brisbane
370203,Brisbane
370204,Brisbane
370205,Brisbane
370206,Brisbane
370207,Brisbane
370208,Brisbane
370209,Brisbane
370210,Brisbane
370211,Brisbane
370212,Brisbane
370213,Brisbane
370214,Brisbane
370215,Brisbane
370216,Brisbane
370217,Brisbane
370218,Brisbane
370219,Melbourne
370220,Sydney
370221,Brisbane
370222,Brisbane
370223,Brisbane
370224,Brisbane
370225,Brisbane
370226,Brisbane
370227,Brisbane
370228,Brisbane
370229,Brisbane
370230,Brisbane
370231,Brisbane
370232,Brisbane
370233,Brisbane
370234,Brisbane
370235,Brisbane
370236,Brisbane
370237,Brisbane
370238,Brisbane
370239,Brisbane
370240,Brisbane
370241,Perth
370242,Brisbane
370243,Brisbane
370244,Brisbane
370245,Sydney
370246,Melbourne
370247,Brisbane
370248,Brisbane
370249,Brisbane
370250,Brisbane
370251,Brisbane
370252,Brisbane
370253,Brisbane
370254,Brisbane
370255,Sydney
370256,Brisbane
370257,Brisbane
370258,Brisbane
370259,Brisbane
370260,Perth
370261,Brisbane
370262,Brisbane
370263,Brisbane
370264,Brisbane
370265,Brisbane
370266,Brisbane
370267,Brisbane
370268,Brisbane
370269,Brisbane
370270,Brisbane
370271,Brisbane
370272,Brisbane
370273,Brisbane
370274,Brisbane
370275,Brisbane
370276,Brisbane
370277,Brisbane
370278,Brisbane
370279,Brisbane
370280,Brisbane
370281,Brisbane
370282,Melbourne
370283,Brisbane
370284,Brisbane
370285,Brisbane
370286,Brisbane
370287,Brisbane
370288,Brisbane
370289,Brisbane
370290,Brisbane
370291,Brisbane
370292,Brisbane
370293,Brisbane
370294,Brisbane
370295,Brisbane
370296,Brisbane
370297,Brisbane
370298,Perth
370299,Brisbane
370300,Brisbane
370301,Brisbane
370302,Brisbane
370303,Brisbane
370304,Brisbane
370305,Brisbane
370306,Brisbane
370307,Brisbane
370308,Brisbane
370309,Melbourne
370310,Brisbane
370311,Melbourne
370312,Brisbane
370313,Brisbane
370314,Brisbane
370315,Brisbane
370316,Brisbane
370317,Brisbane
370318,Brisbane
370319,Brisbane
370320,Brisbane
370321,Brisbane
370322,Brisbane
370323,Brisbane
370324,Brisbane
370325,Brisbane
370326,Brisbane
370327,Brisbane
370328,Brisbane
370329,Brisbane
370330,Sydney
370331,Brisbane
370332,Melbourne
370333,Brisbane
370334,Brisbane
370335,Brisbane
370336,Brisbane
370337,Brisbane
370338,Brisbane
370339,Brisbane
370340,Brisbane
370341,Brisbane
370342,Brisbane
370343,Brisbane
370344,Brisbane
370345,Perth
370346,Brisbane
370347,Brisbane
370348,Brisbane
370349,Brisbane
370350,Brisbane
370351,Brisbane
370352,Brisbane
370353,Brisbane
370354,Brisbane
370355,Brisbane
370356,Brisbane
370357,Brisbane
370358,Brisbane
370359,Brisbane
370360,Brisbane
370361,Brisbane
370362,Brisbane
370363,Brisbane
370364,Brisbane
370365,Brisbane
370366,Brisbane
370367,Brisbane
370368,Brisbane
370369,Brisbane
370370,Brisbane
370371,Brisbane
370372,Brisbane
370373,Brisbane
370374,Brisbane
370375,Brisbane
370376,Brisbane
370377,Brisbane
370378,Brisbane
370379,Brisbane
370380,Brisbane
370381,Brisbane
370382,Brisbane
370383,Brisbane
370384,Brisbane
370385,Sydney
370386,Melbourne
370387,Brisbane
370388,Brisbane
370389,Brisbane
370390,Brisbane
370391,Brisbane
370392,Brisbane
370393,Brisbane
370394,Brisbane
370395,Brisbane
370396,Melbourne
370397,Brisbane
370398,Brisbane
370399,Brisbane
370400,Brisbane
370401,Melbourne
370402,Brisbane
370403,Sydney
370404,Brisbane
370405,Brisbane
370406,Brisbane
370407,Brisbane
370408,Brisbane
370409,Melbourne
370410,Brisbane
370411,Brisbane
370412,Brisbane
370413,Brisbane
370414,Brisbane
370415,Brisbane
370416,Brisbane
370417,Brisbane
370418,Brisbane
370419,Brisbane
370420,Brisbane
370421,Brisbane
370422,Brisbane
370423,Sydney
370424,Brisbane
370425,Brisbane
370426,Melbourne
370427,Brisbane
370428,Brisbane
370429,Brisbane
370430,Brisbane
370431,Brisbane
370432,Brisbane
370433,Brisbane
370434,Brisbane
370435,Brisbane
370436,Brisbane
370437,Brisbane
370438,Brisbane
370439,Brisbane
370440,Brisbane
370441,Brisbane
370442,Perth
370443,Brisbane
370444,Brisbane
370445,Melbourne
370446,Brisbane
370447,Brisbane
370448,Brisbane
370449,Brisbane
370450,Brisbane
370451,Brisbane
370452,Brisbane
370453,Brisbane
370454,Brisbane
370455,Perth
370456,Brisbane
370457,Brisbane
370458,Brisbane
370459,Brisbane
370460,Perth
370461,Brisbane
370462,Brisbane
370463,Brisbane
370464,Brisbane
370465,Brisbane
370466,Brisbane
370467,Brisbane
370468,Brisbane
370469,Brisbane
370470,Brisbane
370471,Brisbane
370472,Melbourne
370473,Brisbane
370474,Brisbane
370475,Brisbane
370476,Sydney
370477,Brisbane
370478,Brisbane
370479,Brisbane
370480,Brisbane
370481,Brisbane
370482,Brisbane
370483,Sydney
370484,Brisbane
370485,Brisbane
370486,Brisbane
370487,Brisbane
370488,Melbourne
370489,Brisbane
370490,Brisbane
370491,Sydney
370492,Brisbane
370493,Brisbane
370494,Brisbane
370495,Brisbane
370496,Melbourne
370497,Sydney
370498,Brisbane
370499,Brisbane
370500,Brisbane
370501,Brisbane
370502,Brisbane
370503,Brisbane
370504,Sydney
370505,Sydney
370506,Brisbane
370507,Brisbane
370508,Brisbane
370509,Brisbane
370510,Sydney
370511,Brisbane
370512,Brisbane
370513,Brisbane
370514,Brisbane
370515,Brisbane
370516,Brisbane
370517,Brisbane
370518,Brisbane
370519,Brisbane
370520,Brisbane
370521,Sydney
370522,Brisbane
370523,Brisbane
370524,Brisbane
370525,Brisbane
370526,Brisbane
370527,Brisbane
370528,Brisbane
370529,Brisbane
370530,Melbourne
370531,Brisbane
370532,Brisbane
370533,Sydney
370534,Brisbane
370535,Brisbane
370536,Brisbane
370537,Sydney
370538,Brisbane
370539,Brisbane
370540,Brisbane
370541,Sydney
370542,Brisbane
370543,Brisbane
370544,Brisbane
370545,Brisbane
370546,Brisbane
370547,Brisbane
370548,Brisbane
370549,Brisbane
370550,Brisbane
370551,Brisbane
370552,Brisbane
370553,Brisbane
370554,Brisbane
370555,Brisbane
370556,Brisbane
370557,Sydney
370558,Brisbane
370559,Brisbane
370560,Sydney
370561,Brisbane
370562,Brisbane
370563,Brisbane
370564,Brisbane
370565,Brisbane
370566,Brisbane
370567,Perth
370568,Brisbane
370569,Brisbane
370570,Brisbane
370571,Brisbane
370572,Brisbane
370573,Brisbane
370574,Brisbane
370575,Brisbane
370576,Brisbane
370577,Brisbane
370578,Brisbane
370579,Brisbane
370580,Brisbane
370581,Brisbane
370582,Brisbane
370583,Brisbane
370584,Perth
370585,Brisbane
370586,Brisbane
370587,Brisbane
370588,Brisbane
370589,Brisbane
370590,Brisbane
370591,Sydney
370592,Brisbane
370593,Brisbane
370594,Brisbane
370595,Brisbane
370596,Brisbane
370597,Brisbane
370598,Brisbane
370599,Brisbane
370600,Brisbane
370601,Brisbane
370602,Brisbane
370603,Brisbane
370604,Brisbane
370605,Brisbane
370606,Brisbane
370607,Brisbane
370608,Brisbane
370609,Brisbane
370610,Brisbane
370611,Brisbane
370612,Brisbane
370613,Brisbane
370614,Brisbane
370615,Brisbane
370616,Brisbane
370617,Brisbane
370618,Brisbane
370619,Brisbane
370620,Brisbane
370621,Brisbane
370622,Brisbane
370623,Brisbane
370624,Brisbane
370625,Sydney
370626,Brisbane
370627,Brisbane
370628,Brisbane
370629,Brisbane
370630,Brisbane
370631,Brisbane
370632,Brisbane
370633,Brisbane
370634,Brisbane
370635,Brisbane
370636,Brisbane
370637,Brisbane
370638,Brisbane
370639,Brisbane
370640,Brisbane
370641,Brisbane
370642,Brisbane
370643,Brisbane
370644,Brisbane
370645,Brisbane
370646,Brisbane
370647,Brisbane
370648,Brisbane
370649,Sydney
370650,Brisbane
370651,Brisbane
370652,Brisbane
370653,Brisbane
370654,Brisbane
370655,Brisbane
370656,Brisbane
370657,Brisbane
370658,Brisbane
370659,Brisbane
370660,Brisbane
370661,Brisbane
370662,Brisbane
370663,Sydney
370664,Brisbane
370665,Brisbane
370666,Brisbane
370667,Brisbane
370668,Brisbane
370669,Brisbane
370670,Brisbane
370671,Brisbane
370672,Brisbane
370673,Brisbane
370674,Brisbane
370675,Sydney
370676,Brisbane
370677,Brisbane
370678,Brisbane
370679,Brisbane
370680,Brisbane
370681,Brisbane
370682,Brisbane
370683,Brisbane
370684,Brisbane
370685,Brisbane
370686,Brisbane
370687,Melbourne
370688,Sydney
370689,Brisbane
370690,Brisbane
370691,Brisbane
370692,Brisbane
370693,Brisbane
370694,Brisbane
370695,Brisbane
370696,Brisbane
370697,Brisbane
370698,Brisbane
370699,Brisbane
370700,Brisbane
370701,Brisbane
370702,Brisbane
370703,Brisbane
370704,Brisbane
370705,Melbourne
370706,Brisbane
370707,Brisbane
370708,Brisbane
370709,Perth
370710,Brisbane
370711,Brisbane
370712,Brisbane
370713,Brisbane
370714,Brisbane
370715,Brisbane
370716,Brisbane
370717,Brisbane
370718,Brisbane
370719,Brisbane
370720,Brisbane
370721,Brisbane
370722,Brisbane
370723,Brisbane
370724,Brisbane
370725,Brisbane
370726,Brisbane
370727,Brisbane
370728,Brisbane
370729,Brisbane
370730,Brisbane
370731,Brisbane
370732,Brisbane
370733,Brisbane
370734,Brisbane
370735,Brisbane
370736,Brisbane
370737,Brisbane
370738,Brisbane
370739,Brisbane
370740,Brisbane
370741,Brisbane
370742,Brisbane
370743,Brisbane
370744,Brisbane
370745,Brisbane
370746,Brisbane
370747,Brisbane
370748,Brisbane
370749,Brisbane
370750,Brisbane
370751,Brisbane
370752,Perth
370753,Brisbane
370754,Brisbane
370755,Melbourne
370756,Brisbane
370757,Brisbane
370758,Brisbane
370759,Perth
370760,Brisbane
370761,Brisbane
370762,Brisbane
370763,Brisbane
370764,Perth
370765,Brisbane
370766,Brisbane
370767,Brisbane
370768,Brisbane
370769,Brisbane
370770,Brisbane
370771,Brisbane
370772,Brisbane
370773,Brisbane
370774,Brisbane
370775,Brisbane
370776,Brisbane
370777,Brisbane
370778,Brisbane
370779,Brisbane
370780,Brisbane
370781,Brisbane
370782,Brisbane
370783,Brisbane
370784,Brisbane
370785,Brisbane
370786,Brisbane
370787,Brisbane
370788,Brisbane
370789,Brisbane
370790,Perth
370791,Brisbane
370792,Brisbane
370793,Brisbane
370794,Brisbane
370795,Brisbane
370796,Brisbane
370797,Brisbane
370798,Brisbane
370799,Brisbane
370800,Brisbane
370801,Brisbane
370802,Brisbane
370803,Brisbane
370804,Brisbane
370805,Brisbane
370806,Brisbane
370807,Brisbane
370808,Brisbane
370809,Brisbane
370810,Brisbane
370811,Brisbane
370812,Brisbane
370813,Melbourne
370814,Brisbane
370815,Brisbane
370816,Brisbane
370817,Brisbane
370818,Brisbane
370819,Brisbane
370820,Brisbane
370821,Brisbane
370822,Brisbane
370823,Brisbane
370824,Brisbane
370825,Brisbane
370826,Brisbane
370827,Brisbane
370828,Brisbane
370829,Brisbane
370830,Brisbane
370831,Brisbane
370832,Brisbane
370833,Brisbane
370834,Brisbane
370835,Brisbane
370836,Brisbane
370837,Brisbane
370838,Brisbane
370839,Brisbane
370840,Brisbane
370841,Brisbane
370842,Brisbane
370843,Brisbane
370844,Brisbane
370845,Brisbane
370846,Brisbane
370847,Brisbane
370848,Brisbane
370849,Brisbane
370850,Brisbane
370851,Brisbane
370852,Brisbane
370853,Brisbane
370854,Brisbane
370855,Brisbane
370856,Brisbane
370857,Brisbane
370858,Brisbane
370859,Brisbane
370860,Brisbane
370861,Brisbane
370862,Brisbane
370863,Brisbane
370864,Brisbane
370865,Brisbane
370866,Sydney
370867,Brisbane
370868,Brisbane
370869,Brisbane
370870,Brisbane
370871,Brisbane
370872,Brisbane
370873,Brisbane
370874,Brisbane
370875,Brisbane
370876,Brisbane
370877,Brisbane
370878,Brisbane
370879,Brisbane
370880,Brisbane
370881,Brisbane
370882,Brisbane
370883,Melbourne
370884,Brisbane
370885,Brisbane
370886,Brisbane
370887,Brisbane
370888,Brisbane
370889,Brisbane
370890,Brisbane
370891,Brisbane
370892,Brisbane
370893,Brisbane
370894,Brisbane
370895,Brisbane
370896,Brisbane
370897,Brisbane
370898,Brisbane
370899,Brisbane
370900,Sydney
370901,Brisbane
370902,Brisbane
370903,Brisbane
370904,Melbourne
370905,Brisbane
370906,Brisbane
370907,Brisbane
370908,Brisbane
370909,Brisbane
370910,Brisbane
370911,Brisbane
370912,Brisbane
370913,Brisbane
370914,Brisbane
370915,Brisbane
370916,Brisbane
370917,Brisbane
370918,Brisbane
370919,Brisbane
370920,Brisbane
370921,Brisbane
370922,Brisbane
370923,Brisbane
370924,Perth
370925,Brisbane
370926,Brisbane
370927,Brisbane
370928,Brisbane
370929,Brisbane
370930,Brisbane
370931,Brisbane
370932,Brisbane
370933,Brisbane
370934,Brisbane
370935,Brisbane
370936,Brisbane
370937,Sydney
370938,Brisbane
370939,Brisbane
370940,Brisbane
370941,Brisbane
370942,Brisbane
370943,Brisbane
370944,Brisbane
370945,Brisbane
370946,Brisbane
370947,Brisbane
370948,Melbourne
370949,Brisbane
370950,Brisbane
370951,Brisbane
370952,Brisbane
370953,Brisbane
370954,Brisbane
370955,Brisbane
370956,Brisbane
370957,Brisbane
370958,Brisbane
370959,Brisbane
370960,Brisbane
370961,Brisbane
370962,Brisbane
370963,Brisbane
370964,Sydney
370965,Brisbane
370966,Melbourne
370967,Brisbane
370968,Brisbane
370969,Brisbane
370970,Brisbane
370971,Brisbane
370972,Brisbane
370973,Brisbane
370974,Sydney
370975,Brisbane
370976,Brisbane
370977,Brisbane
370978,Brisbane
370979,Brisbane
370980,Brisbane
370981,Brisbane
370982,Brisbane
370983,Brisbane
370984,Brisbane
370985,Brisbane
370986,Brisbane
370987,Brisbane
370988,Brisbane
370989,Brisbane
370990,Brisbane
370991,Brisbane
370992,Brisbane
370993,Brisbane
370994,Brisbane
370995,Brisbane
370996,Brisbane
370997,Brisbane
370998,Brisbane
370999,Brisbane
371000,Brisbane
371001,Brisbane
371002,Brisbane
371003,Brisbane
371004,Brisbane
371005,Brisbane
371006,Brisbane
371007,Brisbane
371008,Brisbane
371009,Brisbane
371010,Brisbane
371011,Brisbane
371012,Brisbane
371013,Brisbane
371014,Brisbane
371015,Sydney
371016,Brisbane
371017,Brisbane
371018,Perth
371019,Brisbane
371020,Brisbane
371021,Brisbane
371022,Brisbane
371023,Brisbane
371024,Brisbane
371025,Brisbane
371026,Brisbane
371027,Brisbane
371028,Brisbane
371029,Brisbane
371030,Brisbane
371031,Brisbane
371032,Brisbane
371033,Melbourne
371034,Brisbane
371035,Brisbane
371036,Brisbane
371037,Brisbane
371038,Brisbane
371039,Brisbane
371040,Brisbane
371041,Brisbane
371042,Brisbane
371043,Brisbane
371044,Brisbane
371045,Brisbane
371046,Brisbane
371047,Brisbane
371048,Brisbane
371049,Brisbane
371050,Brisbane
371051,Brisbane
371052,Brisbane
371053,Brisbane
371054,Brisbane
371055,Brisbane
371056,Brisbane
371057,Brisbane
371058,Brisbane
371059,Brisbane
371060,Brisbane
371061,Brisbane
371062,Brisbane
371063,Brisbane
371064,Brisbane
371065,Brisbane
371066,Brisbane
371067,Brisbane
371068,Brisbane
371069,Brisbane
371070,Brisbane
371071,Brisbane
371072,Brisbane
371073,Brisbane
371074,Brisbane
371075,Brisbane
371076,Brisbane
371077,Brisbane
371078,Brisbane
371079,Brisbane
371080,Brisbane
371081,Brisbane
371082,Brisbane
371083,Brisbane
371084,Brisbane
371085,Brisbane
371086,Brisbane
371087,Perth
371088,Brisbane
371089,Brisbane
371090,Sydney
371091,Melbourne
371092,Brisbane
371093,Brisbane
371094,Brisbane
371095,Brisbane
371096,Brisbane
371097,Brisbane
371098,Perth
371099,Brisbane
371100,Brisbane
371101,Brisbane
371102,Sydney
371103,Brisbane
371104,Brisbane
371105,Brisbane
371106,Brisbane
371107,Brisbane
371108,Brisbane
371109,Sydney
371110,Brisbane
371111,Brisbane
371112,Brisbane
371113,Brisbane
371114,Melbourne
371115,Brisbane
371116,Brisbane
371117,Brisbane
371118,Brisbane
371119,Brisbane
371120,Brisbane
371121,Sydney
371122,Brisbane
371123,Brisbane
371124,Brisbane
371125,Brisbane
371126,Brisbane
371127,Brisbane
371128,Brisbane
371129,Brisbane
371130,Brisbane
371131,Brisbane
371132,Brisbane
371133,Brisbane
371134,Brisbane
371135,Sydney
371136,Brisbane
371137,Brisbane
371138,Brisbane
371139,Brisbane
371140,Brisbane
371141,Brisbane
371142,Brisbane
371143,Brisbane
371144,Sydney
371145,Perth
371146,Brisbane
371147,Brisbane
371148,Brisbane
371149,Brisbane
371150,Sydney
371151,Brisbane
371152,Brisbane
371153,Brisbane
371154,Brisbane
371155,Brisbane
371156,Brisbane
371157,Brisbane
371158,Brisbane
371159,Brisbane
371160,Brisbane
371161,Brisbane
371162,Brisbane
371163,Brisbane
371164,Brisbane
371165,Brisbane
371166,Brisbane
371167,Brisbane
371168,Brisbane
371169,Brisbane
371170,Brisbane
371171,Brisbane
371172,Brisbane
371173,Brisbane
371174,Brisbane
371175,Brisbane
371176,Brisbane
371177,Brisbane
371178,Brisbane
371179,Brisbane
371180,Brisbane
371181,Brisbane
371182,Perth
371183,Brisbane
371184,Brisbane
371185,Brisbane
371186,Brisbane
371187,Brisbane
371188,Brisbane
371189,Brisbane
371190,Brisbane
371191,Brisbane
371192,Brisbane
371193,Brisbane
371194,Sydney
371195,Brisbane
371196,Brisbane
371197,Brisbane
371198,Brisbane
371199,Brisbane
371200,Brisbane
371201,Brisbane
371202,Sydney
371203,Brisbane
371204,Brisbane
371205,Brisbane
371206,Perth
371207,Brisbane
371208,Sydney
371209,Brisbane
371210,Brisbane
371211,Brisbane
371212,Perth
371213,Brisbane
371214,Brisbane
371215,Sydney
371216,Brisbane
371217,Brisbane
371218,Brisbane
371219,Brisbane
371220,Brisbane
371221,Brisbane
371222,Melbourne
371223,Brisbane
371224,Perth
371225,Brisbane
371226,Brisbane
371227,Brisbane
371228,Brisbane
371229,Brisbane
371230,Brisbane
371231,Brisbane
371232,Brisbane
371233,Brisbane
371234,Brisbane
371235,Brisbane
371236,Brisbane
371237,Brisbane
371238,Brisbane
371239,Brisbane
371240,Brisbane
371241,Brisbane
371242,Brisbane
371243,Brisbane
371244,Sydney
371245,Brisbane
371246,Brisbane
371247,Brisbane
371248,Brisbane
371249,Brisbane
371250,Brisbane
371251,Brisbane
371252,Brisbane
371253,Brisbane
371254,Brisbane
371255,Brisbane
371256,Brisbane
371257,Sydney
371258,Brisbane
371259,Brisbane
371260,Brisbane
371261,Brisbane
371262,Brisbane
371263,Brisbane
371264,Brisbane
371265,Brisbane
371266,Brisbane
371267,Brisbane
371268,Brisbane
371269,Brisbane
371270,Brisbane
371271,Brisbane
371272,Brisbane
371273,Brisbane
371274,Brisbane
371275,Brisbane
371276,Brisbane
371277,Brisbane
371278,Brisbane
371279,Sydney
371280,Brisbane
371281,Brisbane
371282,Brisbane
371283,Brisbane
371284,Brisbane
371285,Brisbane
371286,Brisbane
371287,Brisbane
371288,Brisbane
371289,Brisbane
371290,Brisbane
371291,Brisbane
371292,Brisbane
371293,Brisbane
371294,Brisbane
371295,Brisbane
371296,Brisbane
371297,Brisbane
371298,Brisbane
371299,Melbourne
371300,Brisbane
371301,Perth
371302,Brisbane
371303,Brisbane
371304,Brisbane
371305,Brisbane
371306,Brisbane
371307,Brisbane
371308,Brisbane
371309,Brisbane
371310,Brisbane
371311,Brisbane
371312,Brisbane
371313,Brisbane
371314,Sydney
371315,Brisbane
371316,Brisbane
371317,Perth
371318,Brisbane
371319,Perth
371320,Brisbane
371321,Brisbane
371322,Brisbane
371323,Brisbane
371324,Brisbane
371325,Brisbane
371326,Brisbane
371327,Perth
371328,Brisbane
371329,Brisbane
371330,Brisbane
371331,Perth
371332,Brisbane
371333,Brisbane
371334,Brisbane
371335,Brisbane
371336,Brisbane
371337,Brisbane
371338,Brisbane
371339,Brisbane
371340,Brisbane
371341,Brisbane
371342,Brisbane
371343,Brisbane
371344,Brisbane
371345,Brisbane
371346,Brisbane
371347,Brisbane
371348,Sydney
371349,Brisbane
371350,Brisbane
371351,Brisbane
371352,Brisbane
371353,Brisbane
371354,Brisbane
371355,Brisbane
371356,Brisbane
371357,Brisbane
371358,Brisbane
371359,Brisbane
371360,Brisbane
371361,Brisbane
371362,Brisbane
371363,Sydney
371364,Brisbane
371365,Brisbane
371366,Brisbane
371367,Brisbane
371368,Brisbane
371369,Brisbane
371370,Brisbane
371371,Brisbane
371372,Brisbane
371373,Brisbane
371374,Brisbane
371375,Brisbane
371376,Brisbane
371377,Brisbane
371378,Brisbane
371379,Brisbane
371380,Brisbane
371381,Brisbane
371382,Brisbane
371383,Brisbane
371384,Brisbane
371385,Brisbane
371386,Brisbane
371387,Brisbane
371388,Brisbane
371389,Brisbane
371390,Brisbane
371391,Brisbane
371392,Brisbane
371393,Brisbane
371394,Brisbane
371395,Brisbane
371396,Brisbane
371397,Brisbane
371398,Brisbane
371399,Brisbane
371400,Brisbane
371401,Brisbane
371402,Brisbane
371403,Melbourne
371404,Brisbane
371405,Brisbane
371406,Brisbane
371407,Brisbane
371408,Brisbane
371409,Brisbane
371410,Brisbane
371411,Perth
371412,Brisbane
371413,Brisbane
371414,Brisbane
371415,Brisbane
371416,Brisbane
371417,Brisbane
371418,Brisbane
371419,Brisbane
371420,Brisbane
371421,Brisbane
371422,Brisbane
371423,Brisbane
371424,Brisbane
371425,Brisbane
371426,Brisbane
371427,Brisbane
371428,Sydney
371429,Perth
371430,Melbourne
371431,Brisbane
371432,Brisbane
371433,Brisbane
371434,Brisbane
371435,Brisbane
371436,Brisbane
371437,Brisbane
371438,Brisbane
371439,Brisbane
371440,Brisbane
371441,Brisbane
371442,Brisbane
371443,Brisbane
371444,Brisbane
371445,Brisbane
371446,Sydney
371447,Brisbane
371448,Brisbane
371449,Brisbane
371450,Brisbane
371451,Brisbane
371452,Brisbane
371453,Brisbane
371454,Perth
371455,Brisbane
371456,Brisbane
371457,Melbourne
371458,Melbourne
371459,Brisbane
371460,Brisbane
371461,Brisbane
371462,Brisbane
371463,Perth
371464,Brisbane
371465,Brisbane
371466,Brisbane
371467,Brisbane
371468,Brisbane
371469,Brisbane
371470,Sydney
371471,Brisbane
371472,Brisbane
371473,Brisbane
371474,Brisbane
371475,Sydney
371476,Brisbane
371477,Brisbane
371478,Melbourne
371479,Brisbane
371480,Brisbane
371481,Brisbane
371482,Brisbane
371483,Brisbane
371484,Sydney
371485,Brisbane
371486,Brisbane
371487,Brisbane
371488,Brisbane
371489,Brisbane
371490,Brisbane
371491,Brisbane
371492,Brisbane
371493,Brisbane
371494,Brisbane
371495,Brisbane
371496,Brisbane
371497,Brisbane
371498,Brisbane
371499,Sydney
371500,Brisbane
371501,Brisbane
371502,Brisbane
371503,Brisbane
371504,Brisbane
371505,Brisbane
371506,Brisbane
371507,Brisbane
371508,Brisbane
371509,Brisbane
371510,Brisbane
371511,Brisbane
371512,Brisbane
371513,Brisbane
371514,Brisbane
371515,Brisbane
371516,Brisbane
371517,Brisbane
371518,Brisbane
371519,Brisbane
371520,Sydney
371521,Melbourne
371522,Brisbane
371523,Brisbane
371524,Brisbane
371525,Brisbane
371526,Brisbane
371527,Brisbane
371528,Brisbane
371529,Brisbane
371530,Brisbane
371531,Brisbane
371532,Brisbane
371533,Brisbane
371534,Brisbane
371535,Brisbane
371536,Brisbane
371537,Brisbane
371538,Brisbane
371539,Brisbane
371540,Brisbane
371541,Brisbane
371542,Melbourne
371543,Brisbane
371544,Perth
371545,Brisbane
371546,Melbourne
371547,Brisbane
371548,Brisbane
371549,Brisbane
371550,Brisbane
371551,Brisbane
371552,Brisbane
371553,Brisbane
371554,Brisbane
371555,Brisbane
371556,Brisbane
371557,Perth
371558,Perth
371559,Brisbane
371560,Brisbane
371561,Brisbane
371562,Brisbane
371563,Brisbane
371564,Brisbane
371565,Brisbane
371566,Brisbane
371567,Brisbane
371568,Brisbane
371569,Brisbane
371570,Brisbane
371571,Brisbane
371572,Brisbane
371573,Brisbane
371574,Brisbane
371575,Brisbane
371576,Brisbane
371577,Brisbane
371578,Brisbane
371579,Brisbane
371580,Sydney
371581,Brisbane
371582,Brisbane
371583,Brisbane
371584,Brisbane
371585,Brisbane
371586,Brisbane
371587,Brisbane
371588,Brisbane
371589,Sydney
371590,Brisbane
371591,Brisbane
371592,Brisbane
371593,Brisbane
371594,Brisbane
371595,Brisbane
371596,Brisbane
371597,Brisbane
371598,Brisbane
371599,Brisbane
371600,Sydney
371601,Brisbane
371602,Brisbane
371603,Brisbane
371604,Sydney
371605,Brisbane
371606,Sydney
371607,Brisbane
371608,Brisbane
371609,Brisbane
371610,Brisbane
371611,Brisbane
371612,Brisbane
371613,Brisbane
371614,Brisbane
371615,Brisbane
371616,Brisbane
371617,Brisbane
371618,Brisbane
371619,Brisbane
371620,Brisbane
371621,Brisbane
371622,Brisbane
371623,Brisbane
371624,Brisbane
371625,Brisbane
371626,Brisbane
371627,Brisbane
371628,Brisbane
371629,Sydney
371630,Brisbane
371631,Brisbane
371632,Brisbane
371633,Brisbane
371634,Brisbane
371635,Brisbane
371636,Brisbane
371637,Brisbane
371638,Brisbane
371639,Brisbane
371640,Brisbane
371641,Brisbane
371642,Brisbane
371643,Brisbane
371644,Brisbane
371645,Brisbane
371646,Perth
371647,Brisbane
371648,Brisbane
371649,Brisbane
371650,Brisbane
371651,Brisbane
371652,Brisbane
371653,Sydney
371654,Brisbane
371655,Brisbane
371656,Brisbane
371657,Brisbane
371658,Brisbane
371659,Brisbane
371660,Melbourne
371661,Brisbane
371662,Brisbane
371663,Brisbane
371664,Brisbane
371665,Brisbane
371666,Brisbane
371667,Sydney
371668,Brisbane
371669,Brisbane
371670,Brisbane
371671,Brisbane
371672,Brisbane
371673,Melbourne
371674,Brisbane
371675,Brisbane
371676,Brisbane
371677,Brisbane
371678,Brisbane
371679,Brisbane
371680,Brisbane
371681,Brisbane
371682,Brisbane
371683,Brisbane
371684,Brisbane
371685,Brisbane
371686,Brisbane
371687,Brisbane
371688,Brisbane
371689,Perth
371690,Brisbane
371691,Brisbane
371692,Brisbane
371693,Brisbane
371694,Brisbane
371695,Brisbane
371696,Brisbane
371697,Brisbane
371698,Melbourne
371699,Brisbane
371700,Sydney
371701,Brisbane
371702,Brisbane
371703,Brisbane
371704,Brisbane
371705,Brisbane
371706,Brisbane
371707,Sydney
371708,Brisbane
371709,Brisbane
371710,Brisbane
371711,Brisbane
371712,Brisbane
371713,Brisbane
371714,Perth
371715,Brisbane
371716,Brisbane
371717,Sydney
371718,Brisbane
371719,Perth
371720,Brisbane
371721,Brisbane
371722,Brisbane
371723,Brisbane
371724,Brisbane
371725,Brisbane
371726,Perth
371727,Brisbane
371728,Brisbane
371729,Brisbane
371730,Brisbane
371731,Brisbane
371732,Brisbane
371733,Brisbane
371734,Sydney
371735,Brisbane
371736,Brisbane
371737,Brisbane
371738,Brisbane
371739,Brisbane
371740,Brisbane
371741,Brisbane
371742,Melbourne
371743,Brisbane
371744,Brisbane
371745,Brisbane
371746,Brisbane
371747,Brisbane
371748,Brisbane
371749,Brisbane
371750,Brisbane
371751,Brisbane
371752,Brisbane
371753,Brisbane
371754,Brisbane
371755,Sydney
371756,Brisbane
371757,Brisbane
371758,Brisbane
371759,Brisbane
371760,Brisbane
371761,Brisbane
371762,Brisbane
371763,Brisbane
371764,Brisbane
371765,Brisbane
371766,Brisbane
371767,Melbourne
371768,Brisbane
371769,Brisbane
371770,Brisbane
371771,Brisbane
371772,Brisbane
371773,Brisbane
371774,Brisbane
371775,Brisbane
371776,Brisbane
371777,Brisbane
371778,Brisbane
371779,Brisbane
371780,Brisbane
371781,Brisbane
371782,Brisbane
371783,Brisbane
371784,Brisbane
371785,Brisbane
371786,Brisbane
371787,Brisbane
371788,Brisbane
371789,Brisbane
371790,Brisbane
371791,Brisbane
371792,Brisbane
371793,Brisbane
371794,Brisbane
371795,Brisbane
371796,Brisbane
371797,Brisbane
371798,Brisbane
371799,Brisbane
371800,Brisbane
371801,Brisbane
371802,Perth
371803,Brisbane
371804,Brisbane
371805,Brisbane
371806,Brisbane
371807,Brisbane
371808,Brisbane
371809,Brisbane
371810,Brisbane
371811,Brisbane
371812,Brisbane
371813,Brisbane
371814,Brisbane
371815,Melbourne
371816,Brisbane
371817,Brisbane
371818,Brisbane
371819,Brisbane
371820,Brisbane
371821,Brisbane
371822,Brisbane
371823,Brisbane
371824,Brisbane
371825,Brisbane
371826,Brisbane
371827,Brisbane
371828,Sydney
371829,Brisbane
371830,Perth
371831,Brisbane
371832,Brisbane
371833,Brisbane
371834,Melbourne
371835,Brisbane
371836,Brisbane
371837,Brisbane
371838,Brisbane
371839,Brisbane
371840,Brisbane
371841,Brisbane
371842,Brisbane
371843,Brisbane
371844,Brisbane
371845,Brisbane
371846,Brisbane
371847,Perth
371848,Brisbane
371849,Brisbane
371850,Brisbane
371851,Brisbane
371852,Brisbane
371853,Brisbane
371854,Brisbane
371855,Brisbane
371856,Brisbane
371857,Perth
371858,Brisbane
371859,Brisbane
371860,Brisbane
371861,Brisbane
371862,Brisbane
371863,Sydney
371864,Brisbane
371865,Brisbane
371866,Brisbane
371867,Perth
371868,Sydney
371869,Brisbane
371870,Brisbane
371871,Brisbane
371872,Brisbane
371873,Brisbane
371874,Brisbane
371875,Brisbane
371876,Brisbane
371877,Brisbane
371878,Brisbane
371879,Brisbane
371880,Perth
371881,Brisbane
371882,Brisbane
371883,Brisbane
371884,Sydney
371885,Brisbane
371886,Brisbane
371887,Brisbane
371888,Brisbane
371889,Brisbane
371890,Brisbane
371891,Brisbane
371892,Brisbane
371893,Brisbane
371894,Sydney
371895,Brisbane
371896,Brisbane
371897,Brisbane
371898,Melbourne
371899,Brisbane
371900,Sydney
371901,Brisbane
371902,Brisbane
371903,Brisbane
371904,Brisbane
371905,Brisbane
371906,Brisbane
371907,Brisbane
371908,Brisbane
371909,Brisbane
371910,Brisbane
371911,Brisbane
371912,Brisbane
371913,Brisbane
371914,Brisbane
371915,Brisbane
371916,Brisbane
371917,Brisbane
371918,Brisbane
371919,Brisbane
371920,Melbourne
371921,Brisbane
371922,Brisbane
371923,Brisbane
371924,Brisbane
371925,Brisbane
371926,Brisbane
371927,Brisbane
371928,Brisbane
371929,Melbourne
371930,Brisbane
371931,Brisbane
371932,Brisbane
371933,Sydney
371934,Brisbane
371935,Perth
371936,Brisbane
371937,Brisbane
371938,Brisbane
371939,Brisbane
371940,Brisbane
371941,Brisbane
371942,Brisbane
371943,Brisbane
371944,Brisbane
371945,Brisbane
371946,Brisbane
371947,Brisbane
371948,Brisbane
371949,Brisbane
371950,Brisbane
371951,Brisbane
371952,Melbourne
371953,Brisbane
371954,Brisbane
371955,Perth
371956,Brisbane
371957,Brisbane
371958,Brisbane
371959,Brisbane
371960,Brisbane
371961,Brisbane
371962,Brisbane
371963,Brisbane
371964,Brisbane
371965,Brisbane
371966,Brisbane
371967,Brisbane
371968,Brisbane
371969,Brisbane
371970,Brisbane
371971,Sydney
371972,Brisbane
371973,Brisbane
371974,Brisbane
371975,Brisbane
371976,Brisbane
371977,Brisbane
371978,Brisbane
371979,Brisbane
371980,Brisbane
371981,Brisbane
371982,Brisbane
371983,Brisbane
371984,Brisbane
371985,Brisbane
371986,Brisbane
371987,Brisbane
371988,Brisbane
371989,Brisbane
371990,Brisbane
371991,Brisbane
371992,Brisbane
371993,Brisbane
371994,Brisbane
371995,Sydney
371996,Brisbane
371997,Melbourne
371998,Brisbane
371999,Brisbane
372000,Brisbane
372001,Brisbane
372002,Brisbane
372003,Brisbane
372004,Brisbane
372005,Brisbane
372006,Brisbane
372007,Brisbane
372008,Sydney
372009,Brisbane
372010,Brisbane
372011,Sydney
372012,Brisbane
372013,Brisbane
372014,Brisbane
372015,Perth
372016,Brisbane
372017,Brisbane
372018,Brisbane
372019,Brisbane
372020,Brisbane
372021,Brisbane
372022,Brisbane
372023,Perth
372024,Brisbane
372025,Brisbane
372026,Brisbane
372027,Brisbane
372028,Brisbane
372029,Brisbane
372030,Brisbane
372031,Sydney
372032,Brisbane
372033,Brisbane
372034,Brisbane
372035,Brisbane
372036,Brisbane
372037,Brisbane
372038,Brisbane
372039,Sydney
372040,Brisbane
372041,Brisbane
372042,Brisbane
372043,Brisbane
372044,Brisbane
372045,Brisbane
372046,Brisbane
372047,Brisbane
372048,Brisbane
372049,Brisbane
372050,Brisbane
372051,Sydney
372052,Brisbane
372053,Brisbane
372054,Brisbane
372055,Brisbane
372056,Brisbane
372057,Sydney
372058,Brisbane
372059,Brisbane
372060,Brisbane
372061,Brisbane
372062,Brisbane
372063,Brisbane
372064,Brisbane
372065,Brisbane
372066,Brisbane
372067,Brisbane
372068,Brisbane
372069,Brisbane
372070,Melbourne
372071,Brisbane
372072,Perth
372073,Melbourne
372074,Brisbane
372075,Brisbane
372076,Brisbane
372077,Brisbane
372078,Brisbane
372079,Brisbane
372080,Brisbane
372081,Brisbane
372082,Brisbane
372083,Brisbane
372084,Brisbane
372085,Brisbane
372086,Brisbane
372087,Brisbane
372088,Brisbane
372089,Brisbane
372090,Brisbane
372091,Brisbane
372092,Melbourne
372093,Brisbane
372094,Brisbane
372095,Sydney
372096,Brisbane
372097,Brisbane
372098,Brisbane
372099,Brisbane
372100,Brisbane
372101,Brisbane
372102,Brisbane
372103,Brisbane
372104,Brisbane
372105,Brisbane
372106,Brisbane
372107,Brisbane
372108,Brisbane
372109,Brisbane
372110,Brisbane
372111,Brisbane
372112,Brisbane
372113,Brisbane
372114,Brisbane
372115,Brisbane
372116,Brisbane
372117,Brisbane
372118,Brisbane
372119,Melbourne
372120,Brisbane
372121,Brisbane
372122,Brisbane
372123,Brisbane
372124,Melbourne
372125,Brisbane
372126,Perth
372127,Brisbane
372128,Brisbane
372129,Brisbane
372130,Brisbane
372131,Brisbane
372132,Brisbane
372133,Brisbane
372134,Brisbane
372135,Brisbane
372136,Brisbane
372137,Brisbane
372138,Brisbane
372139,Perth
372140,Brisbane
372141,Brisbane
372142,Brisbane
372143,Melbourne
372144,Brisbane
372145,Brisbane
372146,Brisbane
372147,Brisbane
372148,Brisbane
372149,Brisbane
372150,Brisbane
372151,Brisbane
372152,Brisbane
372153,Brisbane
372154,Brisbane
372155,Brisbane
372156,Brisbane
372157,Brisbane
372158,Brisbane
372159,Brisbane
372160,Brisbane
372161,Brisbane
372162,Brisbane
372163,Brisbane
372164,Brisbane
372165,Brisbane
372166,Brisbane
372167,Brisbane
372168,Brisbane
372169,Melbourne
372170,Brisbane
372171,Perth
372172,Brisbane
372173,Perth
372174,Brisbane
372175,Brisbane
372176,Brisbane
372177,Brisbane
372178,Brisbane
372179,Brisbane
372180,Brisbane
372181,Brisbane
372182,Brisbane
372183,Sydney
372184,Brisbane
372185,Brisbane
372186,Perth
372187,Perth
372188,Brisbane
372189,Brisbane
372190,Brisbane
372191,Brisbane
372192,Brisbane
372193,Brisbane
372194,Brisbane
372195,Brisbane
372196,Brisbane
372197,Brisbane
372198,Brisbane
372199,Brisbane
372200,Brisbane
372201,Sydney
372202,Brisbane
372203,Brisbane
372204,Brisbane
372205,Brisbane
372206,Brisbane
372207,Brisbane
372208,Brisbane
372209,Brisbane
372210,Brisbane
372211,Brisbane
372212,Brisbane
372213,Perth
372214,Brisbane
372215,Perth
372216,Brisbane
372217,Perth
372218,Brisbane
372219,Perth
372220,Brisbane
372221,Brisbane
372222,Brisbane
372223,Brisbane
372224,Brisbane
372225,Brisbane
372226,Brisbane
372227,Brisbane
372228,Brisbane
372229,Brisbane
372230,Perth
372231,Brisbane
372232,Brisbane
372233,Brisbane
372234,Brisbane
372235,Brisbane
372236,Brisbane
372237,Brisbane
372238,Sydney
372239,Brisbane
372240,Brisbane
372241,Brisbane
372242,Brisbane
372243,Brisbane
372244,Brisbane
372245,Brisbane
372246,Perth
372247,Brisbane
372248,Brisbane
372249,Brisbane
372250,Brisbane
372251,Brisbane
372252,Brisbane
372253,Perth
372254,Brisbane
372255,Brisbane
372256,Brisbane
372257,Brisbane
372258,Brisbane
372259,Brisbane
372260,Brisbane
372261,Brisbane
372262,Brisbane
372263,Brisbane
372264,Brisbane
372265,Brisbane
372266,Brisbane
372267,Brisbane
372268,Brisbane
372269,Sydney
372270,Brisbane
372271,Brisbane
372272,Brisbane
372273,Brisbane
372274,Brisbane
372275,Brisbane
372276,Brisbane
372277,Brisbane
372278,Brisbane
372279,Brisbane
372280,Brisbane
372281,Brisbane
372282,Brisbane
372283,Brisbane
372284,Brisbane
372285,Sydney
372286,Brisbane
372287,Perth
372288,Brisbane
372289,Brisbane
372290,Brisbane
372291,Brisbane
372292,Brisbane
372293,Brisbane
372294,Brisbane
372295,Brisbane
372296,Brisbane
372297,Brisbane
372298,Brisbane
372299,Brisbane
372300,Perth
372301,Brisbane
372302,Brisbane
372303,Brisbane
372304,Brisbane
372305,Brisbane
372306,Brisbane
372307,Brisbane
372308,Brisbane
372309,Brisbane
372310,Brisbane
372311,Brisbane
372312,Brisbane
372313,Brisbane
372314,Brisbane
372315,Sydney
372316,Brisbane
372317,Sydney
372318,Brisbane
372319,Brisbane
372320,Brisbane
372321,Brisbane
372322,Brisbane
372323,Brisbane
372324,Brisbane
372325,Brisbane
372326,Brisbane
372327,Sydney
372328,Brisbane
372329,Brisbane
372330,Brisbane
372331,Brisbane
372332,Brisbane
372333,Brisbane
372334,Brisbane
372335,Brisbane
372336,Brisbane
372337,Brisbane
372338,Brisbane
372339,Brisbane
372340,Brisbane
372341,Brisbane
372342,Brisbane
372343,Brisbane
372344,Brisbane
372345,Brisbane
372346,Brisbane
372347,Brisbane
372348,Brisbane
372349,Brisbane
372350,Brisbane
372351,Brisbane
372352,Brisbane
372353,Brisbane
372354,Brisbane
372355,Brisbane
372356,Brisbane
372357,Brisbane
372358,Melbourne
372359,Brisbane
372360,Brisbane
372361,Brisbane
372362,Brisbane
372363,Melbourne
372364,Brisbane
372365,Brisbane
372366,Brisbane
372367,Brisbane
372368,Brisbane
372369,Sydney
372370,Brisbane
372371,Melbourne
372372,Brisbane
372373,Brisbane
372374,Brisbane
372375,Brisbane
372376,Brisbane
372377,Brisbane
372378,Brisbane
372379,Brisbane
372380,Brisbane
372381,Brisbane
372382,Brisbane
372383,Brisbane
372384,Brisbane
372385,Brisbane
372386,Brisbane
372387,Brisbane
372388,Brisbane
372389,Brisbane
372390,Perth
372391,Brisbane
372392,Brisbane
372393,Brisbane
372394,Brisbane
372395,Brisbane
372396,Brisbane
372397,Brisbane
372398,Brisbane
372399,Brisbane
372400,Brisbane
372401,Brisbane
372402,Melbourne
372403,Brisbane
372404,Brisbane
372405,Brisbane
372406,Brisbane
372407,Brisbane
372408,Brisbane
372409,Brisbane
372410,Brisbane
372411,Brisbane
372412,Sydney
372413,Brisbane
372414,Brisbane
372415,Melbourne
372416,Brisbane
372417,Brisbane
372418,Brisbane
372419,Brisbane
372420,Brisbane
372421,Brisbane
372422,Sydney
372423,Brisbane
372424,Brisbane
372425,Brisbane
372426,Perth
372427,Perth
372428,Sydney
372429,Brisbane
372430,Brisbane
372431,Brisbane
372432,Brisbane
372433,Brisbane
372434,Brisbane
372435,Perth
372436,Brisbane
372437,Brisbane
372438,Brisbane
372439,Brisbane
372440,Brisbane
372441,Brisbane
372442,Brisbane
372443,Melbourne
372444,Brisbane
372445,Sydney
372446,Brisbane
372447,Brisbane
372448,Brisbane
372449,Brisbane
372450,Brisbane
372451,Brisbane
372452,Brisbane
372453,Brisbane
372454,Sydney
372455,Brisbane
372456,Brisbane
372457,Brisbane
372458,Brisbane
372459,Brisbane
372460,Brisbane
372461,Brisbane
372462,Brisbane
372463,Melbourne
372464,Brisbane
372465,Brisbane
372466,Brisbane
372467,Brisbane
372468,Brisbane
372469,Brisbane
372470,Brisbane
372471,Brisbane
372472,Brisbane
372473,Brisbane
372474,Brisbane
372475,Brisbane
372476,Brisbane
372477,Brisbane
372478,Melbourne
372479,Brisbane
372480,Brisbane
372481,Brisbane
372482,Brisbane
372483,Brisbane
372484,Brisbane
372485,Brisbane
372486,Brisbane
372487,Brisbane
372488,Brisbane
372489,Brisbane
372490,Brisbane
372491,Brisbane
372492,Melbourne
372493,Brisbane
372494,Brisbane
372495,Brisbane
372496,Brisbane
372497,Brisbane
372498,Perth
372499,Brisbane
372500,Brisbane
372501,Brisbane
372502,Brisbane
372503,Brisbane
372504,Brisbane
372505,Brisbane
372506,Brisbane
372507,Brisbane
372508,Brisbane
372509,Brisbane
372510,Brisbane
372511,Brisbane
372512,Brisbane
372513,Brisbane
372514,Melbourne
372515,Brisbane
372516,Brisbane
372517,Brisbane
372518,Brisbane
372519,Brisbane
372520,Brisbane
372521,Brisbane
372522,Brisbane
372523,Brisbane
372524,Brisbane
372525,Brisbane
372526,Brisbane
372527,Brisbane
372528,Sydney
372529,Brisbane
372530,Brisbane
372531,Melbourne
372532,Brisbane
372533,Brisbane
372534,Brisbane
372535,Brisbane
372536,Brisbane
372537,Brisbane
372538,Brisbane
372539,Perth
372540,Sydney
372541,Perth
372542,Brisbane
372543,Brisbane
372544,Brisbane
372545,Sydney
372546,Brisbane
372547,Brisbane
372548,Brisbane
372549,Brisbane
372550,Brisbane
372551,Brisbane
372552,Brisbane
372553,Brisbane
372554,Brisbane
372555,Brisbane
372556,Brisbane
372557,Brisbane
372558,Brisbane
372559,Brisbane
372560,Brisbane
372561,Perth
372562,Brisbane
372563,Brisbane
372564,Brisbane
372565,Brisbane
372566,Sydney
372567,Brisbane
372568,Brisbane
372569,Melbourne
372570,Brisbane
372571,Brisbane
372572,Brisbane
372573,Brisbane
372574,Brisbane
372575,Brisbane
372576,Brisbane
372577,Brisbane
372578,Brisbane
372579,Brisbane
372580,Brisbane
372581,Brisbane
372582,Brisbane
372583,Brisbane
372584,Brisbane
372585,Brisbane
372586,Brisbane
372587,Brisbane
372588,Brisbane
372589,Brisbane
372590,Brisbane
372591,Brisbane
372592,Brisbane
372593,Brisbane
372594,Brisbane
372595,Brisbane
372596,Brisbane
372597,Brisbane
372598,Brisbane
372599,Brisbane
372600,Brisbane
372601,Melbourne
372602,Brisbane
372603,Brisbane
372604,Brisbane
372605,Brisbane
372606,Brisbane
372607,Brisbane
372608,Sydney
372609,Brisbane
372610,Brisbane
372611,Brisbane
372612,Brisbane
372613,Brisbane
372614,Brisbane
372615,Brisbane
372616,Brisbane
372617,Brisbane
372618,Brisbane
372619,Brisbane
372620,Brisbane
372621,Brisbane
372622,Brisbane
372623,Brisbane
372624,Brisbane
372625,Sydney
372626,Brisbane
372627,Brisbane
372628,Brisbane
372629,Brisbane
372630,Sydney
372631,Brisbane
372632,Brisbane
372633,Brisbane
372634,Brisbane
372635,Brisbane
372636,Brisbane
372637,Brisbane
372638,Brisbane
372639,Perth
372640,Brisbane
372641,Brisbane
372642,Brisbane
372643,Brisbane
372644,Perth
372645,Perth
372646,Brisbane
372647,Brisbane
372648,Brisbane
372649,Brisbane
372650,Brisbane
372651,Brisbane
372652,Brisbane
372653,Brisbane
372654,Brisbane
372655,Brisbane
372656,Brisbane
372657,Brisbane
372658,Brisbane
372659,Brisbane
372660,Brisbane
372661,Brisbane
372662,Brisbane
372663,Brisbane
372664,Brisbane
372665,Brisbane
372666,Brisbane
372667,Brisbane
372668,Brisbane
372669,Brisbane
372670,Melbourne
372671,Brisbane
372672,Brisbane
372673,Brisbane
372674,Brisbane
372675,Brisbane
372676,Melbourne
372677,Brisbane
372678,Brisbane
372679,Perth
372680,Brisbane
372681,Brisbane
372682,Sydney
372683,Brisbane
372684,Brisbane
372685,Brisbane
372686,Brisbane
372687,Brisbane
372688,Perth
372689,Brisbane
372690,Brisbane
372691,Brisbane
372692,Brisbane
372693,Brisbane
372694,Brisbane
372695,Brisbane
372696,Brisbane
372697,Brisbane
372698,Brisbane
372699,Brisbane
372700,Brisbane
372701,Brisbane
372702,Brisbane
372703,Brisbane
372704,Brisbane
372705,Sydney
372706,Brisbane
372707,Brisbane
372708,Brisbane
372709,Brisbane
372710,Brisbane
372711,Brisbane
372712,Brisbane
372713,Brisbane
372714,Brisbane
372715,Melbourne
372716,Brisbane
372717,Brisbane
372718,Perth
372719,Brisbane
372720,Brisbane
372721,Brisbane
372722,Brisbane
372723,Brisbane
372724,Brisbane
372725,Brisbane
372726,Brisbane
372727,Brisbane
372728,Brisbane
372729,Brisbane
372730,Brisbane
372731,Brisbane
372732,Brisbane
372733,Brisbane
372734,Brisbane
372735,Brisbane
372736,Brisbane
372737,Brisbane
372738,Brisbane
372739,Brisbane
372740,Brisbane
372741,Brisbane
372742,Brisbane
372743,Brisbane
372744,Brisbane
372745,Brisbane
372746,Brisbane
372747,Perth
372748,Brisbane
372749,Brisbane
372750,Brisbane
372751,Brisbane
372752,Brisbane
372753,Brisbane
372754,Brisbane
372755,Sydney
372756,Brisbane
372757,Brisbane
372758,Sydney
372759,Brisbane
372760,Brisbane
372761,Brisbane
372762,Brisbane
372763,Brisbane
372764,Brisbane
372765,Brisbane
372766,Brisbane
372767,Melbourne
372768,Brisbane
372769,Brisbane
372770,Brisbane
372771,Brisbane
372772,Brisbane
372773,Brisbane
372774,Brisbane
372775,Brisbane
372776,Brisbane
372777,Brisbane
372778,Brisbane
372779,Brisbane
372780,Brisbane
372781,Brisbane
372782,Brisbane
372783,Brisbane
372784,Brisbane
372785,Brisbane
372786,Brisbane
372787,Brisbane
372788,Brisbane
372789,Sydney
372790,Brisbane
372791,Brisbane
372792,Perth
372793,Brisbane
372794,Brisbane
372795,Brisbane
372796,Sydney
372797,Brisbane
372798,Brisbane
372799,Brisbane
372800,Brisbane
372801,Brisbane
372802,Brisbane
372803,Brisbane
372804,Brisbane
372805,Brisbane
372806,Brisbane
372807,Brisbane
372808,Perth
372809,Sydney
372810,Brisbane
372811,Brisbane
372812,Brisbane
372813,Brisbane
372814,Brisbane
372815,Brisbane
372816,Brisbane
372817,Perth
372818,Brisbane
372819,Brisbane
372820,Brisbane
372821,Brisbane
372822,Brisbane
372823,Brisbane
372824,Sydney
372825,Brisbane
372826,Brisbane
372827,Brisbane
372828,Brisbane
372829,Brisbane
372830,Brisbane
372831,Brisbane
372832,Sydney
372833,Brisbane
372834,Brisbane
372835,Brisbane
372836,Brisbane
372837,Perth
372838,Brisbane
372839,Brisbane
372840,Sydney
372841,Brisbane
372842,Brisbane
372843,Brisbane
372844,Brisbane
372845,Brisbane
372846,Brisbane
372847,Brisbane
372848,Brisbane
372849,Brisbane
372850,Brisbane
372851,Brisbane
372852,Brisbane
372853,Brisbane
372854,Brisbane
372855,Brisbane
372856,Brisbane
372857,Brisbane
372858,Brisbane
372859,Brisbane
372860,Brisbane
372861,Perth
372862,Melbourne
372863,Brisbane
372864,Brisbane
372865,Brisbane
372866,Brisbane
372867,Brisbane
372868,Brisbane
372869,Brisbane
372870,Sydney
372871,Brisbane
372872,Brisbane
372873,Brisbane
372874,Brisbane
372875,Brisbane
372876,Brisbane
372877,Brisbane
372878,Brisbane
372879,Brisbane
372880,Brisbane
372881,Brisbane
372882,Brisbane
372883,Brisbane
372884,Brisbane
372885,Brisbane
372886,Brisbane
372887,Brisbane
372888,Brisbane
372889,Brisbane
372890,Melbourne
372891,Brisbane
372892,Brisbane
372893,Brisbane
372894,Brisbane
372895,Brisbane
372896,Brisbane
372897,Brisbane
372898,Brisbane
372899,Brisbane
372900,Brisbane
372901,Brisbane
372902,Brisbane
372903,Brisbane
372904,Brisbane
372905,Brisbane
372906,Brisbane
372907,Brisbane
372908,Brisbane
372909,Brisbane
372910,Brisbane
372911,Brisbane
372912,Brisbane
372913,Brisbane
372914,Brisbane
372915,Brisbane
372916,Brisbane
372917,Brisbane
372918,Brisbane
372919,Brisbane
372920,Brisbane
372921,Brisbane
372922,Brisbane
372923,Brisbane
372924,Brisbane
372925,Perth
372926,Perth
372927,Brisbane
372928,Brisbane
372929,Brisbane
372930,Brisbane
372931,Brisbane
372932,Brisbane
372933,Brisbane
372934,Brisbane
372935,Brisbane
372936,Brisbane
372937,Sydney
372938,Brisbane
372939,Brisbane
372940,Brisbane
372941,Brisbane
372942,Brisbane
372943,Brisbane
372944,Brisbane
372945,Sydney
372946,Brisbane
372947,Brisbane
372948,Brisbane
372949,Melbourne
372950,Brisbane
372951,Brisbane
372952,Brisbane
372953,Brisbane
372954,Brisbane
372955,Brisbane
372956,Melbourne
372957,Brisbane
372958,Brisbane
372959,Brisbane
372960,Brisbane
372961,Brisbane
372962,Brisbane
372963,Brisbane
372964,Brisbane
372965,Brisbane
372966,Brisbane
372967,Brisbane
372968,Brisbane
372969,Brisbane
372970,Brisbane
372971,Brisbane
372972,Brisbane
372973,Brisbane
372974,Brisbane
372975,Brisbane
372976,Sydney
372977,Sydney
372978,Brisbane
372979,Perth
372980,Brisbane
372981,Brisbane
372982,Brisbane
372983,Brisbane
372984,Brisbane
372985,Brisbane
372986,Brisbane
372987,Sydney
372988,Brisbane
372989,Brisbane
372990,Melbourne
372991,Perth
372992,Brisbane
372993,Brisbane
372994,Brisbane
372995,Brisbane
372996,Brisbane
372997,Brisbane
372998,Brisbane
372999,Brisbane
373000,Brisbane
373001,Sydney
373002,Brisbane
373003,Sydney
373004,Brisbane
373005,Brisbane
373006,Brisbane
373007,Brisbane
373008,Brisbane
373009,Brisbane
373010,Brisbane
373011,Brisbane
373012,Brisbane
373013,Brisbane
373014,Perth
373015,Brisbane
373016,Brisbane
373017,Brisbane
373018,Brisbane
373019,Brisbane
373020,Brisbane
373021,Brisbane
373022,Brisbane
373023,Brisbane
373024,Brisbane
373025,Brisbane
373026,Brisbane
373027,Sydney
373028,Brisbane
373029,Brisbane
373030,Brisbane
373031,Brisbane
373032,Brisbane
373033,Brisbane
373034,Brisbane
373035,Brisbane
373036,Brisbane
373037,Brisbane
373038,Brisbane
373039,Brisbane
373040,Brisbane
373041,Brisbane
373042,Brisbane
373043,Brisbane
373044,Brisbane
373045,Brisbane
373046,Brisbane
373047,Brisbane
373048,Brisbane
373049,Brisbane
373050,Melbourne
373051,Brisbane
373052,Perth
373053,Brisbane
373054,Brisbane
373055,Brisbane
373056,Perth
373057,Brisbane
373058,Melbourne
373059,Sydney
373060,Brisbane
373061,Brisbane
373062,Melbourne
373063,Brisbane
373064,Sydney
373065,Brisbane
373066,Brisbane
373067,Brisbane
373068,Brisbane
373069,Perth
373070,Brisbane
373071,Brisbane
373072,Brisbane
373073,Brisbane
373074,Brisbane
373075,Brisbane
373076,Brisbane
373077,Brisbane
373078,Perth
373079,Sydney
373080,Brisbane
373081,Brisbane
373082,Brisbane
373083,Brisbane
373084,Sydney
373085,Brisbane
373086,Brisbane
373087,Brisbane
373088,Brisbane
373089,Brisbane
373090,Brisbane
373091,Brisbane
373092,Brisbane
373093,Brisbane
373094,Brisbane
373095,Brisbane
373096,Brisbane
373097,Brisbane
373098,Brisbane
373099,Brisbane
373100,Brisbane
373101,Brisbane
373102,Brisbane
373103,Sydney
373104,Brisbane
373105,Brisbane
373106,Brisbane
373107,Brisbane
373108,Brisbane
373109,Brisbane
373110,Brisbane
373111,Brisbane
373112,Brisbane
373113,Brisbane
373114,Brisbane
373115,Brisbane
373116,Brisbane
373117,Brisbane
373118,Sydney
373119,Brisbane
373120,Brisbane
373121,Brisbane
373122,Brisbane
373123,Brisbane
373124,Brisbane
373125,Sydney
373126,Sydney
373127,Brisbane
373128,Brisbane
373129,Brisbane
373130,Brisbane
373131,Brisbane
373132,Brisbane
373133,Brisbane
373134,Brisbane
373135,Brisbane
373136,Brisbane
373137,Brisbane
373138,Brisbane
373139,Brisbane
373140,Brisbane
373141,Brisbane
373142,Brisbane
373143,Brisbane
373144,Brisbane
373145,Brisbane
373146,Melbourne
373147,Brisbane
373148,Brisbane
373149,Brisbane
373150,Brisbane
373151,Brisbane
373152,Brisbane
373153,Brisbane
373154,Brisbane
373155,Brisbane
373156,Brisbane
373157,Brisbane
373158,Brisbane
373159,Brisbane
373160,Brisbane
373161,Brisbane
373162,Perth
373163,Brisbane
373164,Brisbane
373165,Brisbane
373166,Perth
373167,Perth
373168,Melbourne
373169,Brisbane
373170,Brisbane
373171,Sydney
373172,Brisbane
373173,Melbourne
373174,Brisbane
373175,Brisbane
373176,Brisbane
373177,Brisbane
373178,Brisbane
373179,Brisbane
373180,Brisbane
373181,Brisbane
373182,Brisbane
373183,Brisbane
373184,Brisbane
373185,Melbourne
373186,Brisbane
373187,Brisbane
373188,Melbourne
373189,Brisbane
373190,Sydney
373191,Brisbane
373192,Brisbane
373193,Brisbane
373194,Brisbane
373195,Brisbane
373196,Brisbane
373197,Brisbane
373198,Brisbane
373199,Brisbane
373200,Brisbane
373201,Brisbane
373202,Brisbane
373203,Brisbane
373204,Brisbane
373205,Brisbane
373206,Brisbane
373207,Brisbane
373208,Brisbane
373209,Brisbane
373210,Brisbane
373211,Brisbane
373212,Brisbane
373213,Brisbane
373214,Brisbane
373215,Brisbane
373216,Brisbane
373217,Brisbane
373218,Brisbane
373219,Brisbane
373220,Brisbane
373221,Brisbane
373222,Brisbane
373223,Brisbane
373224,Brisbane
373225,Brisbane
373226,Brisbane
373227,Brisbane
373228,Brisbane
373229,Brisbane
373230,Brisbane
373231,Brisbane
373232,Brisbane
373233,Brisbane
373234,Brisbane
373235,Brisbane
373236,Brisbane
373237,Brisbane
373238,Brisbane
373239,Brisbane
373240,Brisbane
373241,Brisbane
373242,Brisbane
373243,Perth
373244,Brisbane
373245,Brisbane
373246,Perth
373247,Brisbane
373248,Brisbane
373249,Brisbane
373250,Brisbane
373251,Brisbane
373252,Melbourne
373253,Brisbane
373254,Brisbane
373255,Sydney
373256,Brisbane
373257,Brisbane
373258,Brisbane
373259,Brisbane
373260,Brisbane
373261,Brisbane
373262,Brisbane
373263,Brisbane
373264,Brisbane
373265,Brisbane
373266,Brisbane
373267,Brisbane
373268,Brisbane
373269,Brisbane
373270,Brisbane
373271,Brisbane
373272,Brisbane
373273,Brisbane
373274,Brisbane
373275,Brisbane
373276,Perth
373277,Brisbane
373278,Brisbane
373279,Brisbane
373280,Brisbane
373281,Brisbane
373282,Brisbane
373283,Brisbane
373284,Brisbane
373285,Brisbane
373286,Brisbane
373287,Brisbane
373288,Perth
373289,Brisbane
373290,Brisbane
373291,Brisbane
373292,Brisbane
373293,Brisbane
373294,Brisbane
373295,Brisbane
373296,Sydney
373297,Brisbane
373298,Brisbane
373299,Brisbane
373300,Brisbane
373301,Brisbane
373302,Brisbane
373303,Brisbane
373304,Brisbane
373305,Brisbane
373306,Brisbane
373307,Brisbane
373308,Brisbane
373309,Sydney
373310,Brisbane
373311,Brisbane
373312,Brisbane
373313,Brisbane
373314,Brisbane
373315,Perth
373316,Brisbane
373317,Brisbane
373318,Brisbane
373319,Brisbane
373320,Brisbane
373321,Brisbane
373322,Sydney
373323,Brisbane
373324,Brisbane
373325,Brisbane
373326,Perth
373327,Brisbane
373328,Brisbane
373329,Brisbane
373330,Brisbane
373331,Brisbane
373332,Brisbane
373333,Brisbane
373334,Brisbane
373335,Brisbane
373336,Brisbane
373337,Brisbane
373338,Brisbane
373339,Brisbane
373340,Perth
373341,Melbourne
373342,Brisbane
373343,Brisbane
373344,Brisbane
373345,Brisbane
373346,Brisbane
373347,Brisbane
373348,Sydney
373349,Brisbane
373350,Brisbane
373351,Brisbane
373352,Brisbane
373353,Brisbane
373354,Brisbane
373355,Perth
373356,Sydney
373357,Brisbane
373358,Brisbane
373359,Brisbane
373360,Brisbane
373361,Brisbane
373362,Brisbane
373363,Brisbane
373364,Brisbane
373365,Brisbane
373366,Brisbane
373367,Sydney
373368,Brisbane
373369,Brisbane
373370,Brisbane
373371,Brisbane
373372,Brisbane
373373,Brisbane
373374,Brisbane
373375,Brisbane
373376,Brisbane
373377,Brisbane
373378,Brisbane
373379,Brisbane
373380,Brisbane
373381,Sydney
373382,Sydney
373383,Brisbane
373384,Perth
373385,Brisbane
373386,Brisbane
373387,Brisbane
373388,Brisbane
373389,Brisbane
373390,Brisbane
373391,Brisbane
373392,Brisbane
373393,Brisbane
373394,Brisbane
373395,Brisbane
373396,Perth
373397,Brisbane
373398,Brisbane
373399,Brisbane
373400,Brisbane
373401,Perth
373402,Brisbane
373403,Brisbane
373404,Brisbane
373405,Brisbane
373406,Brisbane
373407,Brisbane
373408,Brisbane
373409,Brisbane
373410,Sydney
373411,Brisbane
373412,Brisbane
373413,Brisbane
373414,Brisbane
373415,Perth
373416,Brisbane
373417,Brisbane
373418,Brisbane
373419,Brisbane
373420,Brisbane
373421,Brisbane
373422,Brisbane
373423,Brisbane
373424,Perth
373425,Brisbane
373426,Brisbane
373427,Brisbane
373428,Brisbane
373429,Melbourne
373430,Brisbane
373431,Brisbane
373432,Brisbane
373433,Brisbane
373434,Brisbane
373435,Brisbane
373436,Brisbane
373437,Brisbane
373438,Brisbane
373439,Brisbane
373440,Brisbane
373441,Brisbane
373442,Brisbane
373443,Brisbane
373444,Brisbane
373445,Brisbane
373446,Brisbane
373447,Perth
373448,Brisbane
373449,Brisbane
373450,Brisbane
373451,Brisbane
373452,Brisbane
373453,Brisbane
373454,Brisbane
373455,Brisbane
373456,Brisbane
373457,Brisbane
373458,Brisbane
373459,Brisbane
373460,Brisbane
373461,Brisbane
373462,Brisbane
373463,Brisbane
373464,Brisbane
373465,Brisbane
373466,Brisbane
373467,Brisbane
373468,Brisbane
373469,Brisbane
373470,Melbourne
373471,Brisbane
373472,Brisbane
373473,Brisbane
373474,Brisbane
373475,Brisbane
373476,Brisbane
373477,Brisbane
373478,Brisbane
373479,Brisbane
373480,Brisbane
373481,Brisbane
373482,Brisbane
373483,Brisbane
373484,Brisbane
373485,Brisbane
373486,Brisbane
373487,Brisbane
373488,Brisbane
373489,Brisbane
373490,Brisbane
373491,Brisbane
373492,Sydney
373493,Brisbane
373494,Brisbane
373495,Brisbane
373496,Brisbane
373497,Sydney
373498,Brisbane
373499,Brisbane
373500,Brisbane
373501,Perth
373502,Brisbane
373503,Brisbane
373504,Brisbane
373505,Brisbane
373506,Brisbane
373507,Brisbane
373508,Brisbane
373509,Brisbane
373510,Brisbane
373511,Brisbane
373512,Brisbane
373513,Brisbane
373514,Brisbane
373515,Brisbane
373516,Brisbane
373517,Brisbane
373518,Brisbane
373519,Brisbane
373520,Brisbane
373521,Brisbane
373522,Brisbane
373523,Brisbane
373524,Brisbane
373525,Brisbane
373526,Brisbane
373527,Brisbane
373528,Brisbane
373529,Brisbane
373530,Brisbane
373531,Brisbane
373532,Brisbane
373533,Brisbane
373534,Brisbane
373535,Brisbane
373536,Brisbane
373537,Brisbane
373538,Brisbane
373539,Perth
373540,Brisbane
373541,Brisbane
373542,Brisbane
373543,Brisbane
373544,Brisbane
373545,Brisbane
373546,Brisbane
373547,Brisbane
373548,Brisbane
373549,Brisbane
373550,Brisbane
373551,Brisbane
373552,Brisbane
373553,Brisbane
373554,Brisbane
373555,Brisbane
373556,Sydney
373557,Brisbane
373558,Brisbane
373559,Melbourne
373560,Brisbane
373561,Brisbane
373562,Brisbane
373563,Brisbane
373564,Brisbane
373565,Brisbane
373566,Brisbane
373567,Brisbane
373568,Brisbane
373569,Brisbane
373570,Brisbane
373571,Brisbane
373572,Melbourne
373573,Brisbane
373574,Brisbane
373575,Brisbane
373576,Brisbane
373577,Brisbane
373578,Perth
373579,Brisbane
373580,Brisbane
373581,Brisbane
373582,Brisbane
373583,Brisbane
373584,Brisbane
373585,Brisbane
373586,Sydney
373587,Brisbane
373588,Brisbane
373589,Brisbane
373590,Brisbane
373591,Brisbane
373592,Brisbane
373593,Brisbane
373594,Brisbane
373595,Melbourne
373596,Brisbane
373597,Brisbane
373598,Brisbane
373599,Brisbane
373600,Brisbane
373601,Brisbane
373602,Brisbane
373603,Brisbane
373604,Brisbane
373605,Brisbane
373606,Brisbane
373607,Sydney
373608,Brisbane
373609,Brisbane
373610,Melbourne
373611,Brisbane
373612,Brisbane
373613,Brisbane
373614,Brisbane
373615,Brisbane
373616,Brisbane
373617,Brisbane
373618,Brisbane
373619,Brisbane
373620,Brisbane
373621,Brisbane
373622,Sydney
373623,Brisbane
373624,Perth
373625,Sydney
373626,Brisbane
373627,Brisbane
373628,Brisbane
373629,Brisbane
373630,Brisbane
373631,Brisbane
373632,Brisbane
373633,Brisbane
373634,Brisbane
373635,Brisbane
373636,Brisbane
373637,Brisbane
373638,Brisbane
373639,Brisbane
373640,Brisbane
373641,Brisbane
373642,Brisbane
373643,Brisbane
373644,Brisbane
373645,Brisbane
373646,Brisbane
373647,Brisbane
373648,Brisbane
373649,Brisbane
373650,Melbourne
373651,Brisbane
373652,Brisbane
373653,Brisbane
373654,Brisbane
373655,Brisbane
373656,Brisbane
373657,Melbourne
373658,Brisbane
373659,Brisbane
373660,Brisbane
373661,Brisbane
373662,Brisbane
373663,Brisbane
373664,Brisbane
373665,Brisbane
373666,Brisbane
373667,Brisbane
373668,Brisbane
373669,Brisbane
373670,Brisbane
373671,Brisbane
373672,Melbourne
373673,Brisbane
373674,Sydney
373675,Brisbane
373676,Brisbane
373677,Sydney
373678,Brisbane
373679,Brisbane
373680,Brisbane
373681,Brisbane
373682,Brisbane
373683,Sydney
373684,Melbourne
373685,Brisbane
373686,Sydney
373687,Brisbane
373688,Brisbane
373689,Sydney
373690,Brisbane
373691,Sydney
373692,Brisbane
373693,Brisbane
373694,Brisbane
373695,Brisbane
373696,Brisbane
373697,Perth
373698,Brisbane
373699,Brisbane
373700,Brisbane
373701,Brisbane
373702,Brisbane
373703,Brisbane
373704,Brisbane
373705,Brisbane
373706,Brisbane
373707,Brisbane
373708,Brisbane
373709,Brisbane
373710,Brisbane
373711,Brisbane
373712,Brisbane
373713,Brisbane
373714,Sydney
373715,Brisbane
373716,Sydney
373717,Brisbane
373718,Brisbane
373719,Brisbane
373720,Brisbane
373721,Perth
373722,Brisbane
373723,Brisbane
373724,Brisbane
373725,Brisbane
373726,Brisbane
373727,Brisbane
373728,Brisbane
373729,Brisbane
373730,Sydney
373731,Perth
373732,Brisbane
373733,Sydney
373734,Brisbane
373735,Brisbane
373736,Brisbane
373737,Sydney
373738,Perth
373739,Brisbane
373740,Brisbane
373741,Brisbane
373742,Brisbane
373743,Brisbane
373744,Melbourne
373745,Brisbane
373746,Brisbane
373747,Brisbane
373748,Brisbane
373749,Brisbane
373750,Brisbane
373751,Perth
373752,Brisbane
373753,Brisbane
373754,Brisbane
373755,Brisbane
373756,Brisbane
373757,Brisbane
373758,Brisbane
373759,Brisbane
373760,Brisbane
373761,Brisbane
373762,Brisbane
373763,Brisbane
373764,Brisbane
373765,Brisbane
373766,Brisbane
373767,Sydney
373768,Brisbane
373769,Brisbane
373770,Brisbane
373771,Brisbane
373772,Brisbane
373773,Sydney
373774,Brisbane
373775,Brisbane
373776,Brisbane
373777,Brisbane
373778,Brisbane
373779,Brisbane
373780,Brisbane
373781,Brisbane
373782,Brisbane
373783,Brisbane
373784,Brisbane
373785,Brisbane
373786,Brisbane
373787,Brisbane
373788,Brisbane
373789,Brisbane
373790,Brisbane
373791,Melbourne
373792,Brisbane
373793,Brisbane
373794,Brisbane
373795,Brisbane
373796,Brisbane
373797,Brisbane
373798,Brisbane
373799,Brisbane
373800,Brisbane
373801,Brisbane
373802,Brisbane
373803,Brisbane
373804,Brisbane
373805,Brisbane
373806,Brisbane
373807,Brisbane
373808,Brisbane
373809,Brisbane
373810,Brisbane
373811,Brisbane
373812,Brisbane
373813,Brisbane
373814,Brisbane
373815,Brisbane
373816,Brisbane
373817,Brisbane
373818,Brisbane
373819,Brisbane
373820,Brisbane
373821,Brisbane
373822,Brisbane
373823,Brisbane
373824,Brisbane
373825,Brisbane
373826,Brisbane
373827,Brisbane
373828,Brisbane
373829,Brisbane
373830,Sydney
373831,Brisbane
373832,Perth
373833,Brisbane
373834,Brisbane
373835,Brisbane
373836,Brisbane
373837,Brisbane
373838,Brisbane
373839,Brisbane
373840,Brisbane
373841,Brisbane
373842,Brisbane
373843,Brisbane
373844,Brisbane
373845,Brisbane
373846,Brisbane
373847,Brisbane
373848,Brisbane
373849,Brisbane
373850,Brisbane
373851,Brisbane
373852,Brisbane
373853,Brisbane
373854,Brisbane
373855,Brisbane
373856,Brisbane
373857,Brisbane
373858,Brisbane
373859,Brisbane
373860,Brisbane
373861,Sydney
373862,Brisbane
373863,Brisbane
373864,Brisbane
373865,Brisbane
373866,Brisbane
373867,Brisbane
373868,Brisbane
373869,Brisbane
373870,Sydney
373871,Brisbane
373872,Brisbane
373873,Brisbane
373874,Brisbane
373875,Brisbane
373876,Brisbane
373877,Melbourne
373878,Perth
373879,Sydney
373880,Brisbane
373881,Brisbane
373882,Brisbane
373883,Brisbane
373884,Brisbane
373885,Perth
373886,Brisbane
373887,Brisbane
373888,Brisbane
373889,Brisbane
373890,Brisbane
373891,Brisbane
373892,Brisbane
373893,Brisbane
373894,Brisbane
373895,Brisbane
373896,Brisbane
373897,Brisbane
373898,Brisbane
373899,Brisbane
373900,Sydney
373901,Brisbane
373902,Brisbane
373903,Brisbane
373904,Brisbane
373905,Brisbane
373906,Brisbane
373907,Brisbane
373908,Brisbane
373909,Brisbane
373910,Brisbane
373911,Melbourne
373912,Brisbane
373913,Brisbane
373914,Melbourne
373915,Brisbane
373916,Brisbane
373917,Brisbane
373918,Brisbane
373919,Brisbane
373920,Brisbane
373921,Brisbane
373922,Brisbane
373923,Brisbane
373924,Brisbane
373925,Brisbane
373926,Melbourne
373927,Brisbane
373928,Brisbane
373929,Brisbane
373930,Brisbane
373931,Brisbane
373932,Brisbane
373933,Brisbane
373934,Brisbane
373935,Brisbane
373936,Brisbane
373937,Brisbane
373938,Brisbane
373939,Brisbane
373940,Brisbane
373941,Brisbane
373942,Brisbane
373943,Brisbane
373944,Brisbane
373945,Brisbane
373946,Melbourne
373947,Brisbane
373948,Brisbane
373949,Brisbane
373950,Brisbane
373951,Brisbane
373952,Sydney
373953,Brisbane
373954,Sydney
373955,Brisbane
373956,Brisbane
373957,Brisbane
373958,Brisbane
373959,Brisbane
373960,Brisbane
373961,Brisbane
373962,Brisbane
373963,Brisbane
373964,Brisbane
373965,Brisbane
373966,Perth
373967,Brisbane
373968,Brisbane
373969,Brisbane
373970,Brisbane
373971,Brisbane
373972,Brisbane
373973,Brisbane
373974,Perth
373975,Brisbane
373976,Perth
373977,Brisbane
373978,Brisbane
373979,Brisbane
373980,Brisbane
373981,Brisbane
373982,Brisbane
373983,Brisbane
373984,Brisbane
373985,Brisbane
373986,Brisbane
373987,Brisbane
373988,Brisbane
373989,Perth
373990,Brisbane
373991,Brisbane
373992,Brisbane
373993,Brisbane
373994,Brisbane
373995,Brisbane
373996,Brisbane
373997,Brisbane
373998,Brisbane
373999,Brisbane
374000,Brisbane
374001,Brisbane
374002,Brisbane
374003,Brisbane
374004,Brisbane
374005,Brisbane
374006,Brisbane
374007,Brisbane
374008,Brisbane
374009,Perth
374010,Brisbane
374011,Brisbane
374012,Brisbane
374013,Melbourne
374014,Brisbane
374015,Sydney
374016,Brisbane
374017,Brisbane
374018,Brisbane
374019,Brisbane
374020,Brisbane
374021,Brisbane
374022,Brisbane
374023,Sydney
374024,Sydney
374025,Brisbane
374026,Brisbane
374027,Brisbane
374028,Brisbane
374029,Sydney
374030,Brisbane
374031,Brisbane
374032,Brisbane
374033,Brisbane
374034,Brisbane
374035,Brisbane
374036,Brisbane
374037,Sydney
374038,Brisbane
374039,Brisbane
374040,Brisbane
374041,Brisbane
374042,Brisbane
374043,Brisbane
374044,Sydney
374045,Brisbane
374046,Brisbane
374047,Brisbane
374048,Brisbane
374049,Brisbane
374050,Brisbane
374051,Brisbane
374052,Brisbane
374053,Brisbane
374054,Brisbane
374055,Brisbane
374056,Brisbane
374057,Brisbane
374058,Brisbane
374059,Brisbane
374060,Brisbane
374061,Brisbane
374062,Perth
374063,Brisbane
374064,Brisbane
374065,Brisbane
374066,Brisbane
374067,Brisbane
374068,Brisbane
374069,Brisbane
374070,Brisbane
374071,Brisbane
374072,Brisbane
374073,Brisbane
374074,Brisbane
374075,Sydney
374076,Perth
374077,Brisbane
374078,Brisbane
374079,Brisbane
374080,Brisbane
374081,Brisbane
374082,Brisbane
374083,Brisbane
374084,Sydney
374085,Brisbane
374086,Brisbane
374087,Brisbane
374088,Brisbane
374089,Perth
374090,Brisbane
374091,Brisbane
374092,Brisbane
374093,Brisbane
374094,Brisbane
374095,Brisbane
374096,Brisbane
374097,Brisbane
374098,Brisbane
374099,Brisbane
374100,Brisbane
374101,Brisbane
374102,Brisbane
374103,Brisbane
374104,Brisbane
374105,Brisbane
374106,Brisbane
374107,Brisbane
374108,Brisbane
374109,Melbourne
374110,Brisbane
374111,Brisbane
374112,Brisbane
374113,Melbourne
374114,Brisbane
374115,Brisbane
374116,Brisbane
374117,Brisbane
374118,Brisbane
374119,Brisbane
374120,Brisbane
374121,Brisbane
374122,Brisbane
374123,Brisbane
374124,Brisbane
374125,Brisbane
374126,Sydney
374127,Brisbane
374128,Brisbane
374129,Brisbane
374130,Melbourne
374131,Brisbane
374132,Brisbane
374133,Brisbane
374134,Brisbane
374135,Brisbane
374136,Brisbane
374137,Brisbane
374138,Brisbane
374139,Brisbane
374140,Brisbane
374141,Brisbane
374142,Brisbane
374143,Brisbane
374144,Brisbane
374145,Perth
374146,Brisbane
374147,Brisbane
374148,Brisbane
374149,Brisbane
374150,Brisbane
374151,Brisbane
374152,Brisbane
374153,Brisbane
374154,Brisbane
374155,Sydney
374156,Brisbane
374157,Brisbane
374158,Brisbane
374159,Brisbane
374160,Brisbane
374161,Brisbane
374162,Perth
374163,Brisbane
374164,Sydney
374165,Brisbane
374166,Perth
374167,Brisbane
374168,Brisbane
374169,Brisbane
374170,Brisbane
374171,Brisbane
374172,Brisbane
374173,Brisbane
374174,Brisbane
374175,Brisbane
374176,Melbourne
374177,Brisbane
374178,Brisbane
374179,Sydney
374180,Brisbane
374181,Brisbane
374182,Brisbane
374183,Brisbane
374184,Brisbane
374185,Brisbane
374186,Brisbane
374187,Brisbane
374188,Sydney
374189,Brisbane
374190,Brisbane
374191,Perth
374192,Brisbane
374193,Brisbane
374194,Brisbane
374195,Brisbane
374196,Sydney
374197,Brisbane
374198,Brisbane
374199,Brisbane
374200,Brisbane
374201,Brisbane
374202,Brisbane
374203,Brisbane
374204,Brisbane
374205,Brisbane
374206,Brisbane
374207,Brisbane
374208,Brisbane
374209,Brisbane
374210,Brisbane
374211,Brisbane
374212,Brisbane
374213,Brisbane
374214,Brisbane
374215,Brisbane
374216,Brisbane
374217,Brisbane
374218,Brisbane
374219,Brisbane
374220,Brisbane
374221,Brisbane
374222,Brisbane
374223,Sydney
374224,Brisbane
374225,Brisbane
374226,Brisbane
374227,Perth
374228,Brisbane
374229,Brisbane
374230,Brisbane
374231,Perth
374232,Brisbane
374233,Brisbane
374234,Brisbane
374235,Melbourne
374236,Brisbane
374237,Brisbane
374238,Brisbane
374239,Brisbane
374240,Brisbane
374241,Brisbane
374242,Brisbane
374243,Brisbane
374244,Brisbane
374245,Brisbane
374246,Brisbane
374247,Brisbane
374248,Brisbane
374249,Brisbane
374250,Brisbane
374251,Brisbane
374252,Brisbane
374253,Brisbane
374254,Brisbane
374255,Brisbane
374256,Brisbane
374257,Perth
374258,Brisbane
374259,Brisbane
374260,Brisbane
374261,Perth
374262,Brisbane
374263,Brisbane
374264,Brisbane
374265,Brisbane
374266,Brisbane
374267,Brisbane
374268,Melbourne
374269,Melbourne
374270,Brisbane
374271,Brisbane
374272,Brisbane
374273,Brisbane
374274,Brisbane
374275,Brisbane
374276,Perth
374277,Brisbane
374278,Brisbane
374279,Brisbane
374280,Brisbane
374281,Brisbane
374282,Brisbane
374283,Brisbane
374284,Brisbane
374285,Perth
374286,Brisbane
374287,Brisbane
374288,Brisbane
374289,Sydney
374290,Brisbane
374291,Brisbane
374292,Brisbane
374293,Brisbane
374294,Brisbane
374295,Brisbane
374296,Brisbane
374297,Brisbane
374298,Brisbane
374299,Brisbane
374300,Brisbane
374301,Perth
374302,Brisbane
374303,Brisbane
374304,Perth
374305,Brisbane
374306,Perth
374307,Brisbane
374308,Brisbane
374309,Brisbane
374310,Brisbane
374311,Brisbane
374312,Perth
374313,Brisbane
374314,Brisbane
374315,Brisbane
374316,Brisbane
374317,Brisbane
374318,Brisbane
374319,Brisbane
374320,Brisbane
374321,Melbourne
374322,Brisbane
374323,Brisbane
374324,Brisbane
374325,Brisbane
374326,Sydney
374327,Brisbane
374328,Perth
374329,Brisbane
374330,Brisbane
374331,Brisbane
374332,Brisbane
374333,Brisbane
374334,Brisbane
374335,Brisbane
374336,Brisbane
374337,Brisbane
374338,Brisbane
374339,Brisbane
374340,Brisbane
374341,Sydney
374342,Melbourne
374343,Brisbane
374344,Brisbane
374345,Brisbane
374346,Brisbane
374347,Brisbane
374348,Brisbane
374349,Brisbane
374350,Brisbane
374351,Brisbane
374352,Brisbane
374353,Brisbane
374354,Brisbane
374355,Brisbane
374356,Brisbane
374357,Brisbane
374358,Brisbane
374359,Brisbane
374360,Brisbane
374361,Brisbane
374362,Brisbane
374363,Brisbane
374364,Brisbane
374365,Brisbane
374366,Brisbane
374367,Brisbane
374368,Brisbane
374369,Brisbane
374370,Brisbane
374371,Brisbane
374372,Brisbane
374373,Brisbane
374374,Brisbane
374375,Brisbane
374376,Brisbane
374377,Brisbane
374378,Brisbane
374379,Perth
374380,Sydney
374381,Brisbane
374382,Brisbane
374383,Brisbane
374384,Brisbane
374385,Brisbane
374386,Brisbane
374387,Sydney
374388,Brisbane
374389,Brisbane
374390,Brisbane
374391,Brisbane
374392,Brisbane
374393,Brisbane
374394,Brisbane
374395,Brisbane
374396,Brisbane
374397,Brisbane
374398,Brisbane
374399,Sydney
374400,Brisbane
374401,Brisbane
374402,Brisbane
374403,Perth
374404,Brisbane
374405,Brisbane
374406,Brisbane
374407,Brisbane
374408,Brisbane
374409,Brisbane
374410,Brisbane
374411,Brisbane
374412,Brisbane
374413,Brisbane
374414,Perth
374415,Brisbane
374416,Brisbane
374417,Sydney
374418,Brisbane
374419,Brisbane
374420,Brisbane
374421,Brisbane
374422,Brisbane
374423,Brisbane
374424,Brisbane
374425,Brisbane
374426,Brisbane
374427,Brisbane
374428,Brisbane
374429,Sydney
374430,Brisbane
374431,Brisbane
374432,Brisbane
374433,Brisbane
374434,Brisbane
374435,Brisbane
374436,Brisbane
374437,Brisbane
374438,Brisbane
374439,Sydney
374440,Brisbane
374441,Brisbane
374442,Melbourne
374443,Brisbane
374444,Brisbane
374445,Brisbane
374446,Brisbane
374447,Sydney
374448,Brisbane
374449,Brisbane
374450,Brisbane
374451,Brisbane
374452,Brisbane
374453,Brisbane
374454,Brisbane
374455,Brisbane
374456,Brisbane
374457,Sydney
374458,Brisbane
374459,Brisbane
374460,Brisbane
374461,Brisbane
374462,Brisbane
374463,Brisbane
374464,Brisbane
374465,Brisbane
374466,Brisbane
374467,Brisbane
374468,Perth
374469,Brisbane
374470,Brisbane
374471,Sydney
374472,Brisbane
374473,Brisbane
374474,Brisbane
374475,Brisbane
374476,Brisbane
374477,Brisbane
374478,Brisbane
374479,Brisbane
374480,Brisbane
374481,Brisbane
374482,Brisbane
374483,Brisbane
374484,Perth
374485,Brisbane
374486,Melbourne
374487,Brisbane
374488,Brisbane
374489,Brisbane
374490,Brisbane
374491,Brisbane
374492,Brisbane
374493,Brisbane
374494,Brisbane
374495,Brisbane
374496,Brisbane
374497,Brisbane
374498,Brisbane
374499,Brisbane
374500,Brisbane
374501,Brisbane
374502,Brisbane
374503,Brisbane
374504,Brisbane
374505,Brisbane
374506,Perth
374507,Melbourne
374508,Brisbane
374509,Brisbane
374510,Brisbane
374511,Brisbane
374512,Brisbane
374513,Brisbane
374514,Brisbane
374515,Brisbane
374516,Brisbane
374517,Brisbane
374518,Brisbane
374519,Brisbane
374520,Melbourne
374521,Brisbane
374522,Brisbane
374523,Brisbane
374524,Brisbane
374525,Brisbane
374526,Brisbane
374527,Brisbane
374528,Brisbane
374529,Brisbane
374530,Perth
374531,Brisbane
374532,Brisbane
374533,Brisbane
374534,Brisbane
374535,Brisbane
374536,Brisbane
374537,Perth
374538,Brisbane
374539,Brisbane
374540,Brisbane
374541,Brisbane
374542,Brisbane
374543,Brisbane
374544,Brisbane
374545,Brisbane
374546,Perth
374547,Brisbane
374548,Brisbane
374549,Brisbane
374550,Sydney
374551,Brisbane
374552,Brisbane
374553,Brisbane
374554,Brisbane
374555,Brisbane
374556,Brisbane
374557,Brisbane
374558,Brisbane
374559,Brisbane
374560,Brisbane
374561,Brisbane
374562,Brisbane
374563,Brisbane
374564,Brisbane
374565,Brisbane
374566,Brisbane
374567,Brisbane
374568,Brisbane
374569,Brisbane
374570,Brisbane
374571,Brisbane
374572,Brisbane
374573,Brisbane
374574,Brisbane
374575,Brisbane
374576,Brisbane
374577,Brisbane
374578,Brisbane
374579,Brisbane
374580,Brisbane
374581,Brisbane
374582,Brisbane
374583,Brisbane
374584,Sydney
374585,Brisbane
374586,Brisbane
374587,Brisbane
374588,Brisbane
374589,Brisbane
374590,Brisbane
374591,Brisbane
374592,Brisbane
374593,Brisbane
374594,Sydney
374595,Brisbane
374596,Brisbane
374597,Brisbane
374598,Brisbane
374599,Perth
374600,Brisbane
374601,Brisbane
374602,Brisbane
374603,Brisbane
374604,Brisbane
374605,Brisbane
374606,Melbourne
374607,Brisbane
374608,Brisbane
374609,Brisbane
374610,Brisbane
374611,Brisbane
374612,Brisbane
374613,Brisbane
374614,Brisbane
374615,Sydney
374616,Brisbane
374617,Brisbane
374618,Brisbane
374619,Brisbane
374620,Brisbane
374621,Brisbane
374622,Brisbane
374623,Brisbane
374624,Brisbane
374625,Brisbane
374626,Brisbane
374627,Brisbane
374628,Brisbane
374629,Brisbane
374630,Sydney
374631,Brisbane
374632,Brisbane
374633,Brisbane
374634,Perth
374635,Brisbane
374636,Brisbane
374637,Brisbane
374638,Brisbane
374639,Brisbane
374640,Sydney
374641,Brisbane
374642,Brisbane
374643,Brisbane
374644,Brisbane
374645,Brisbane
374646,Brisbane
374647,Brisbane
374648,Brisbane
374649,Brisbane
374650,Brisbane
374651,Brisbane
374652,Brisbane
374653,Brisbane
374654,Sydney
374655,Melbourne
374656,Brisbane
374657,Brisbane
374658,Brisbane
374659,Brisbane
374660,Sydney
374661,Brisbane
374662,Brisbane
374663,Brisbane
374664,Brisbane
374665,Brisbane
374666,Brisbane
374667,Brisbane
374668,Brisbane
374669,Brisbane
374670,Brisbane
374671,Brisbane
374672,Sydney
374673,Brisbane
374674,Brisbane
374675,Melbourne
374676,Brisbane
374677,Brisbane
374678,Brisbane
374679,Brisbane
374680,Brisbane
374681,Brisbane
374682,Brisbane
374683,Brisbane
374684,Brisbane
374685,Brisbane
374686,Brisbane
374687,Brisbane
374688,Brisbane
374689,Perth
374690,Brisbane
374691,Brisbane
374692,Melbourne
374693,Sydney
374694,Brisbane
374695,Perth
374696,Brisbane
374697,Brisbane
374698,Brisbane
374699,Brisbane
374700,Brisbane
374701,Brisbane
374702,Brisbane
374703,Brisbane
374704,Brisbane
374705,Brisbane
374706,Brisbane
374707,Brisbane
374708,Melbourne
374709,Brisbane
374710,Brisbane
374711,Brisbane
374712,Perth
374713,Brisbane
374714,Brisbane
374715,Brisbane
374716,Perth
374717,Brisbane
374718,Brisbane
374719,Brisbane
374720,Brisbane
374721,Brisbane
374722,Brisbane
374723,Brisbane
374724,Brisbane
374725,Brisbane
374726,Perth
374727,Brisbane
374728,Brisbane
374729,Brisbane
374730,Brisbane
374731,Brisbane
374732,Brisbane
374733,Brisbane
374734,Brisbane
374735,Brisbane
374736,Brisbane
374737,Brisbane
374738,Brisbane
374739,Brisbane
374740,Melbourne
374741,Brisbane
374742,Brisbane
374743,Brisbane
374744,Brisbane
374745,Brisbane
374746,Brisbane
374747,Brisbane
374748,Brisbane
374749,Brisbane
374750,Brisbane
374751,Melbourne
374752,Brisbane
374753,Brisbane
374754,Brisbane
374755,Brisbane
374756,Brisbane
374757,Brisbane
374758,Brisbane
374759,Brisbane
374760,Sydney
374761,Brisbane
374762,Brisbane
374763,Brisbane
374764,Brisbane
374765,Perth
374766,Brisbane
374767,Sydney
374768,Brisbane
374769,Brisbane
374770,Brisbane
374771,Melbourne
374772,Brisbane
374773,Brisbane
374774,Brisbane
374775,Brisbane
374776,Brisbane
374777,Brisbane
374778,Brisbane
374779,Brisbane
374780,Brisbane
374781,Brisbane
374782,Brisbane
374783,Brisbane
374784,Brisbane
374785,Brisbane
374786,Brisbane
374787,Brisbane
374788,Brisbane
374789,Perth
374790,Brisbane
374791,Brisbane
374792,Perth
374793,Brisbane
374794,Brisbane
374795,Brisbane
374796,Sydney
374797,Perth
374798,Brisbane
374799,Brisbane
374800,Brisbane
374801,Brisbane
374802,Brisbane
374803,Brisbane
374804,Brisbane
374805,Brisbane
374806,Brisbane
374807,Sydney
374808,Melbourne
374809,Brisbane
374810,Brisbane
374811,Brisbane
374812,Sydney
374813,Brisbane
374814,Brisbane
374815,Brisbane
374816,Melbourne
374817,Brisbane
374818,Brisbane
374819,Brisbane
374820,Brisbane
374821,Brisbane
374822,Brisbane
374823,Brisbane
374824,Brisbane
374825,Brisbane
374826,Melbourne
374827,Brisbane
374828,Brisbane
374829,Brisbane
374830,Brisbane
374831,Brisbane
374832,Brisbane
374833,Sydney
374834,Brisbane
374835,Brisbane
374836,Brisbane
374837,Brisbane
374838,Brisbane
374839,Brisbane
374840,Brisbane
374841,Brisbane
374842,Brisbane
374843,Brisbane
374844,Brisbane
374845,Brisbane
374846,Brisbane
374847,Brisbane
374848,Brisbane
374849,Brisbane
374850,Brisbane
374851,Brisbane
374852,Brisbane
374853,Perth
374854,Brisbane
374855,Brisbane
374856,Brisbane
374857,Sydney
374858,Sydney
374859,Sydney
374860,Brisbane
374861,Brisbane
374862,Brisbane
374863,Brisbane
374864,Melbourne
374865,Brisbane
374866,Brisbane
374867,Brisbane
374868,Brisbane
374869,Brisbane
374870,Brisbane
374871,Brisbane
374872,Brisbane
374873,Brisbane
374874,Brisbane
374875,Brisbane
374876,Brisbane
374877,Brisbane
374878,Brisbane
374879,Brisbane
374880,Brisbane
374881,Brisbane
374882,Brisbane
374883,Brisbane
374884,Brisbane
374885,Sydney
374886,Brisbane
374887,Brisbane
374888,Brisbane
374889,Brisbane
374890,Brisbane
374891,Brisbane
374892,Brisbane
374893,Sydney
374894,Brisbane
374895,Sydney
374896,Brisbane
374897,Brisbane
374898,Brisbane
374899,Brisbane
374900,Brisbane
374901,Brisbane
374902,Brisbane
374903,Brisbane
374904,Brisbane
374905,Brisbane
374906,Brisbane
374907,Brisbane
374908,Brisbane
374909,Brisbane
374910,Brisbane
374911,Brisbane
374912,Brisbane
374913,Sydney
374914,Brisbane
374915,Brisbane
374916,Brisbane
374917,Melbourne
374918,Brisbane
374919,Brisbane
374920,Brisbane
374921,Brisbane
374922,Brisbane
374923,Brisbane
374924,Brisbane
374925,Brisbane
374926,Brisbane
374927,Brisbane
374928,Melbourne
374929,Brisbane
374930,Brisbane
374931,Brisbane
374932,Brisbane
374933,Perth
374934,Brisbane
374935,Brisbane
374936,Brisbane
374937,Brisbane
374938,Melbourne
374939,Brisbane
374940,Brisbane
374941,Brisbane
374942,Brisbane
374943,Brisbane
374944,Sydney
374945,Perth
374946,Brisbane
374947,Brisbane
374948,Brisbane
374949,Brisbane
374950,Brisbane
374951,Brisbane
374952,Brisbane
374953,Brisbane
374954,Brisbane
374955,Brisbane
374956,Brisbane
374957,Brisbane
374958,Brisbane
374959,Brisbane
374960,Brisbane
374961,Brisbane
374962,Sydney
374963,Brisbane
374964,Brisbane
374965,Brisbane
374966,Brisbane
374967,Brisbane
374968,Brisbane
374969,Brisbane
374970,Brisbane
374971,Brisbane
374972,Brisbane
374973,Perth
374974,Brisbane
374975,Brisbane
374976,Sydney
374977,Brisbane
374978,Brisbane
374979,Brisbane
374980,Brisbane
374981,Brisbane
374982,Brisbane
374983,Brisbane
374984,Brisbane
374985,Brisbane
374986,Brisbane
374987,Brisbane
374988,Brisbane
374989,Brisbane
374990,Brisbane
374991,Brisbane
374992,Brisbane
374993,Brisbane
374994,Brisbane
374995,Brisbane
374996,Brisbane
374997,Brisbane
374998,Brisbane
374999,Brisbane
375000,Brisbane
375001,Brisbane
375002,Brisbane
375003,Brisbane
375004,Brisbane
375005,Brisbane
375006,Brisbane
375007,Brisbane
375008,Brisbane
375009,Brisbane
375010,Sydney
375011,Brisbane
375012,Brisbane
375013,Brisbane
375014,Brisbane
375015,Brisbane
375016,Brisbane
375017,Brisbane
375018,Brisbane
375019,Brisbane
375020,Brisbane
375021,Brisbane
375022,Sydney
375023,Brisbane
375024,Brisbane
375025,Sydney
375026,Brisbane
375027,Brisbane
375028,Brisbane
375029,Brisbane
375030,Brisbane
375031,Sydney
375032,Brisbane
375033,Brisbane
375034,Brisbane
375035,Brisbane
375036,Brisbane
375037,Brisbane
375038,Brisbane
375039,Brisbane
375040,Brisbane
375041,Brisbane
375042,Brisbane
375043,Brisbane
375044,Brisbane
375045,Brisbane
375046,Brisbane
375047,Brisbane
375048,Brisbane
375049,Brisbane
375050,Brisbane
375051,Brisbane
375052,Brisbane
375053,Brisbane
375054,Brisbane
375055,Brisbane
375056,Melbourne
375057,Brisbane
375058,Brisbane
375059,Melbourne
375060,Brisbane
375061,Brisbane
375062,Brisbane
375063,Sydney
375064,Brisbane
375065,Brisbane
375066,Brisbane
375067,Brisbane
375068,Brisbane
375069,Brisbane
375070,Brisbane
375071,Brisbane
375072,Perth
375073,Melbourne
375074,Brisbane
375075,Brisbane
375076,Sydney
375077,Brisbane
375078,Brisbane
375079,Brisbane
375080,Brisbane
375081,Brisbane
375082,Brisbane
375083,Brisbane
375084,Brisbane
375085,Brisbane
375086,Brisbane
375087,Brisbane
375088,Brisbane
375089,Brisbane
375090,Brisbane
375091,Brisbane
375092,Brisbane
375093,Brisbane
375094,Brisbane
375095,Brisbane
375096,Brisbane
375097,Brisbane
375098,Brisbane
375099,Brisbane
375100,Brisbane
375101,Brisbane
375102,Brisbane
375103,Brisbane
375104,Melbourne
375105,Brisbane
375106,Brisbane
375107,Brisbane
375108,Brisbane
375109,Brisbane
375110,Brisbane
375111,Brisbane
375112,Brisbane
375113,Brisbane
375114,Brisbane
375115,Brisbane
375116,Brisbane
375117,Brisbane
375118,Brisbane
375119,Brisbane
375120,Brisbane
375121,Brisbane
375122,Brisbane
375123,Melbourne
375124,Brisbane
375125,Brisbane
375126,Melbourne
375127,Brisbane
375128,Brisbane
375129,Brisbane
375130,Brisbane
375131,Brisbane
375132,Brisbane
375133,Brisbane
375134,Brisbane
375135,Brisbane
375136,Perth
375137,Brisbane
375138,Brisbane
375139,Brisbane
375140,Brisbane
375141,Brisbane
375142,Brisbane
375143,Brisbane
375144,Brisbane
375145,Brisbane
375146,Brisbane
375147,Brisbane
375148,Brisbane
375149,Brisbane
375150,Brisbane
375151,Brisbane
375152,Brisbane
375153,Brisbane
375154,Brisbane
375155,Brisbane
375156,Brisbane
375157,Brisbane
375158,Sydney
375159,Brisbane
375160,Melbourne
375161,Sydney
375162,Brisbane
375163,Brisbane
375164,Brisbane
375165,Brisbane
375166,Brisbane
375167,Brisbane
375168,Brisbane
375169,Brisbane
375170,Melbourne
375171,Brisbane
375172,Sydney
375173,Brisbane
375174,Brisbane
375175,Brisbane
375176,Sydney
375177,Brisbane
375178,Brisbane
375179,Brisbane
375180,Brisbane
375181,Brisbane
375182,Brisbane
375183,Brisbane
375184,Brisbane
375185,Brisbane
375186,Brisbane
375187,Brisbane
375188,Brisbane
375189,Brisbane
375190,Brisbane
375191,Brisbane
375192,Brisbane
375193,Perth
375194,Brisbane
375195,Brisbane
375196,Melbourne
375197,Brisbane
375198,Brisbane
375199,Brisbane
375200,Brisbane
375201,Brisbane
375202,Brisbane
375203,Brisbane
375204,Brisbane
375205,Brisbane
375206,Brisbane
375207,Brisbane
375208,Brisbane
375209,Brisbane
375210,Sydney
375211,Brisbane
375212,Brisbane
375213,Brisbane
375214,Brisbane
375215,Melbourne
375216,Brisbane
375217,Brisbane
375218,Brisbane
375219,Brisbane
375220,Sydney
375221,Brisbane
375222,Brisbane
375223,Brisbane
375224,Brisbane
375225,Brisbane
375226,Brisbane
375227,Brisbane
375228,Brisbane
375229,Brisbane
375230,Brisbane
375231,Brisbane
375232,Brisbane
375233,Perth
375234,Brisbane
375235,Brisbane
375236,Brisbane
375237,Brisbane
375238,Brisbane
375239,Brisbane
375240,Brisbane
375241,Brisbane
375242,Brisbane
375243,Brisbane
375244,Brisbane
375245,Brisbane
375246,Brisbane
375247,Brisbane
375248,Brisbane
375249,Brisbane
375250,Brisbane
375251,Brisbane
375252,Brisbane
375253,Brisbane
375254,Brisbane
375255,Brisbane
375256,Brisbane
375257,Brisbane
375258,Brisbane
375259,Brisbane
375260,Sydney
375261,Brisbane
375262,Brisbane
375263,Brisbane
375264,Brisbane
375265,Brisbane
375266,Brisbane
375267,Brisbane
375268,Brisbane
375269,Brisbane
375270,Brisbane
375271,Brisbane
375272,Brisbane
375273,Brisbane
375274,Brisbane
375275,Brisbane
375276,Brisbane
375277,Brisbane
375278,Brisbane
375279,Brisbane
375280,Brisbane
375281,Brisbane
375282,Brisbane
375283,Brisbane
375284,Brisbane
375285,Sydney
375286,Brisbane
375287,Brisbane
375288,Brisbane
375289,Brisbane
375290,Brisbane
375291,Melbourne
375292,Brisbane
375293,Brisbane
375294,Brisbane
375295,Brisbane
375296,Brisbane
375297,Brisbane
375298,Perth
375299,Brisbane
375300,Brisbane
375301,Brisbane
375302,Brisbane
375303,Brisbane
375304,Brisbane
375305,Brisbane
375306,Brisbane
375307,Brisbane
375308,Brisbane
375309,Sydney
375310,Brisbane
375311,Brisbane
375312,Brisbane
375313,Brisbane
375314,Brisbane
375315,Brisbane
375316,Brisbane
375317,Brisbane
375318,Brisbane
375319,Brisbane
375320,Brisbane
375321,Brisbane
375322,Brisbane
375323,Brisbane
375324,Brisbane
375325,Brisbane
375326,Brisbane
375327,Brisbane
375328,Perth
375329,Brisbane
375330,Brisbane
375331,Brisbane
375332,Brisbane
375333,Brisbane
375334,Perth
375335,Brisbane
375336,Brisbane
375337,Brisbane
375338,Brisbane
375339,Brisbane
375340,Brisbane
375341,Sydney
375342,Brisbane
375343,Brisbane
375344,Brisbane
375345,Sydney
375346,Brisbane
375347,Brisbane
375348,Brisbane
375349,Sydney
375350,Brisbane
375351,Brisbane
375352,Brisbane
375353,Brisbane
375354,Brisbane
375355,Brisbane
375356,Brisbane
375357,Brisbane
375358,Brisbane
375359,Brisbane
375360,Brisbane
375361,Brisbane
375362,Brisbane
375363,Brisbane
375364,Brisbane
375365,Brisbane
375366,Brisbane
375367,Brisbane
375368,Brisbane
375369,Brisbane
375370,Brisbane
375371,Melbourne
375372,Brisbane
375373,Melbourne
375374,Brisbane
375375,Brisbane
375376,Brisbane
375377,Brisbane
375378,Brisbane
375379,Brisbane
375380,Sydney
375381,Brisbane
375382,Brisbane
375383,Melbourne
375384,Brisbane
375385,Brisbane
375386,Brisbane
375387,Brisbane
375388,Perth
375389,Brisbane
375390,Brisbane
375391,Brisbane
375392,Brisbane
375393,Brisbane
375394,Brisbane
375395,Brisbane
375396,Brisbane
375397,Brisbane
375398,Brisbane
375399,Brisbane
375400,Brisbane
375401,Brisbane
375402,Brisbane
375403,Melbourne
375404,Sydney
375405,Brisbane
375406,Perth
375407,Brisbane
375408,Brisbane
375409,Brisbane
375410,Brisbane
375411,Brisbane
375412,Brisbane
375413,Brisbane
375414,Brisbane
375415,Brisbane
375416,Brisbane
375417,Brisbane
375418,Brisbane
375419,Brisbane
375420,Brisbane
375421,Brisbane
375422,Brisbane
375423,Brisbane
375424,Brisbane
375425,Brisbane
375426,Brisbane
375427,Brisbane
375428,Brisbane
375429,Brisbane
375430,Brisbane
375431,Brisbane
375432,Brisbane
375433,Melbourne
375434,Brisbane
375435,Brisbane
375436,Brisbane
375437,Brisbane
375438,Brisbane
375439,Brisbane
375440,Brisbane
375441,Brisbane
375442,Brisbane
375443,Brisbane
375444,Perth
375445,Brisbane
375446,Perth
375447,Brisbane
375448,Brisbane
375449,Brisbane
375450,Brisbane
375451,Brisbane
375452,Brisbane
375453,Brisbane
375454,Brisbane
375455,Brisbane
375456,Sydney
375457,Brisbane
375458,Brisbane
375459,Sydney
375460,Brisbane
375461,Brisbane
375462,Brisbane
375463,Brisbane
375464,Brisbane
375465,Brisbane
375466,Brisbane
375467,Brisbane
375468,Brisbane
375469,Brisbane
375470,Brisbane
375471,Brisbane
375472,Brisbane
375473,Brisbane
375474,Brisbane
375475,Brisbane
375476,Brisbane
375477,Brisbane
375478,Brisbane
375479,Brisbane
375480,Brisbane
375481,Brisbane
375482,Sydney
375483,Brisbane
375484,Brisbane
375485,Brisbane
375486,Brisbane
375487,Brisbane
375488,Brisbane
375489,Brisbane
375490,Perth
375491,Brisbane
375492,Brisbane
375493,Perth
375494,Brisbane
375495,Brisbane
375496,Brisbane
375497,Brisbane
375498,Sydney
375499,Brisbane
375500,Brisbane
375501,Brisbane
375502,Melbourne
375503,Brisbane
375504,Brisbane
375505,Brisbane
375506,Brisbane
375507,Brisbane
375508,Brisbane
375509,Brisbane
375510,Brisbane
375511,Brisbane
375512,Melbourne
375513,Brisbane
375514,Brisbane
375515,Brisbane
375516,Brisbane
375517,Brisbane
375518,Brisbane
375519,Brisbane
375520,Brisbane
375521,Brisbane
375522,Brisbane
375523,Brisbane
375524,Brisbane
375525,Brisbane
375526,Brisbane
375527,Brisbane
375528,Brisbane
375529,Brisbane
375530,Brisbane
375531,Brisbane
375532,Brisbane
375533,Brisbane
375534,Brisbane
375535,Brisbane
375536,Brisbane
375537,Brisbane
375538,Brisbane
375539,Brisbane
375540,Brisbane
375541,Brisbane
375542,Brisbane
375543,Brisbane
375544,Brisbane
375545,Brisbane
375546,Brisbane
375547,Brisbane
375548,Brisbane
375549,Brisbane
375550,Brisbane
375551,Brisbane
375552,Brisbane
375553,Brisbane
375554,Brisbane
375555,Brisbane
375556,Brisbane
375557,Brisbane
375558,Sydney
375559,Brisbane
375560,Brisbane
375561,Sydney
375562,Brisbane
375563,Brisbane
375564,Sydney
375565,Brisbane
375566,Brisbane
375567,Brisbane
375568,Brisbane
375569,Brisbane
375570,Brisbane
375571,Perth
375572,Brisbane
375573,Brisbane
375574,Brisbane
375575,Brisbane
375576,Brisbane
375577,Brisbane
375578,Sydney
375579,Brisbane
375580,Brisbane
375581,Brisbane
375582,Brisbane
375583,Brisbane
375584,Brisbane
375585,Brisbane
375586,Brisbane
375587,Brisbane
375588,Brisbane
375589,Brisbane
375590,Melbourne
375591,Brisbane
375592,Brisbane
375593,Brisbane
375594,Brisbane
375595,Brisbane
375596,Brisbane
375597,Brisbane
375598,Brisbane
375599,Brisbane
375600,Perth
375601,Brisbane
375602,Brisbane
375603,Sydney
375604,Brisbane
375605,Brisbane
375606,Brisbane
375607,Brisbane
375608,Brisbane
375609,Brisbane
375610,Brisbane
375611,Brisbane
375612,Brisbane
375613,Brisbane
375614,Brisbane
375615,Brisbane
375616,Brisbane
375617,Brisbane
375618,Brisbane
375619,Brisbane
375620,Brisbane
375621,Brisbane
375622,Brisbane
375623,Brisbane
375624,Brisbane
375625,Brisbane
375626,Brisbane
375627,Brisbane
375628,Brisbane
375629,Brisbane
375630,Brisbane
375631,Brisbane
375632,Brisbane
375633,Brisbane
375634,Brisbane
375635,Brisbane
375636,Brisbane
375637,Brisbane
375638,Brisbane
375639,Brisbane
375640,Brisbane
375641,Brisbane
375642,Sydney
375643,Brisbane
375644,Brisbane
375645,Perth
375646,Brisbane
375647,Brisbane
375648,Brisbane
375649,Brisbane
375650,Brisbane
375651,Melbourne
375652,Brisbane
375653,Brisbane
375654,Brisbane
375655,Brisbane
375656,Brisbane
375657,Brisbane
375658,Brisbane
375659,Brisbane
375660,Perth
375661,Brisbane
375662,Brisbane
375663,Brisbane
375664,Brisbane
375665,Brisbane
375666,Brisbane
375667,Brisbane
375668,Brisbane
375669,Brisbane
375670,Melbourne
375671,Brisbane
375672,Brisbane
375673,Brisbane
375674,Perth
375675,Brisbane
375676,Brisbane
375677,Brisbane
375678,Brisbane
375679,Brisbane
375680,Brisbane
375681,Brisbane
375682,Perth
375683,Brisbane
375684,Brisbane
375685,Brisbane
375686,Melbourne
375687,Brisbane
375688,Brisbane
375689,Brisbane
375690,Perth
375691,Brisbane
375692,Brisbane
375693,Brisbane
375694,Brisbane
375695,Brisbane
375696,Brisbane
375697,Brisbane
375698,Brisbane
375699,Brisbane
375700,Brisbane
375701,Brisbane
375702,Brisbane
375703,Brisbane
375704,Sydney
375705,Brisbane
375706,Brisbane
375707,Brisbane
375708,Brisbane
375709,Brisbane
375710,Brisbane
375711,Brisbane
375712,Brisbane
375713,Brisbane
375714,Melbourne
375715,Brisbane
375716,Brisbane
375717,Brisbane
375718,Brisbane
375719,Sydney
375720,Brisbane
375721,Brisbane
375722,Brisbane
375723,Brisbane
375724,Brisbane
375725,Brisbane
375726,Brisbane
375727,Brisbane
375728,Brisbane
375729,Brisbane
375730,Brisbane
375731,Brisbane
375732,Brisbane
375733,Brisbane
375734,Brisbane
375735,Brisbane
375736,Brisbane
375737,Brisbane
375738,Melbourne
375739,Perth
375740,Brisbane
375741,Brisbane
375742,Brisbane
375743,Brisbane
375744,Brisbane
375745,Brisbane
375746,Brisbane
375747,Brisbane
375748,Brisbane
375749,Brisbane
375750,Brisbane
375751,Brisbane
375752,Brisbane
375753,Brisbane
375754,Brisbane
375755,Brisbane
375756,Brisbane
375757,Brisbane
375758,Brisbane
375759,Brisbane
375760,Brisbane
375761,Brisbane
375762,Sydney
375763,Brisbane
375764,Brisbane
375765,Brisbane
375766,Brisbane
375767,Brisbane
375768,Brisbane
375769,Brisbane
375770,Brisbane
375771,Melbourne
375772,Brisbane
375773,Brisbane
375774,Brisbane
375775,Brisbane
375776,Brisbane
375777,Brisbane
375778,Brisbane
375779,Brisbane
375780,Brisbane
375781,Brisbane
375782,Brisbane
375783,Perth
375784,Brisbane
375785,Brisbane
375786,Brisbane
375787,Brisbane
375788,Brisbane
375789,Brisbane
375790,Brisbane
375791,Brisbane
375792,Brisbane
375793,Brisbane
375794,Brisbane
375795,Brisbane
375796,Brisbane
375797,Brisbane
375798,Sydney
375799,Brisbane
375800,Brisbane
375801,Brisbane
375802,Brisbane
375803,Brisbane
375804,Brisbane
375805,Brisbane
375806,Brisbane
375807,Brisbane
375808,Sydney
375809,Sydney
375810,Brisbane
375811,Brisbane
375812,Brisbane
375813,Brisbane
375814,Brisbane
375815,Brisbane
375816,Brisbane
375817,Brisbane
375818,Brisbane
375819,Perth
375820,Sydney
375821,Brisbane
375822,Brisbane
375823,Brisbane
375824,Brisbane
375825,Brisbane
375826,Brisbane
375827,Brisbane
375828,Brisbane
375829,Brisbane
375830,Brisbane
375831,Brisbane
375832,Sydney
375833,Brisbane
375834,Brisbane
375835,Brisbane
375836,Brisbane
375837,Brisbane
375838,Brisbane
375839,Perth
375840,Brisbane
375841,Brisbane
375842,Brisbane
375843,Brisbane
375844,Brisbane
375845,Brisbane
375846,Brisbane
375847,Brisbane
375848,Brisbane
375849,Brisbane
375850,Brisbane
375851,Sydney
375852,Brisbane
375853,Brisbane
375854,Brisbane
375855,Brisbane
375856,Brisbane
375857,Brisbane
375858,Brisbane
375859,Brisbane
375860,Brisbane
375861,Sydney
375862,Sydney
375863,Melbourne
375864,Brisbane
375865,Brisbane
375866,Brisbane
375867,Brisbane
375868,Brisbane
375869,Brisbane
375870,Brisbane
375871,Brisbane
375872,Brisbane
375873,Brisbane
375874,Brisbane
375875,Brisbane
375876,Brisbane
375877,Brisbane
375878,Brisbane
375879,Brisbane
375880,Sydney
375881,Brisbane
375882,Brisbane
375883,Brisbane
375884,Perth
375885,Brisbane
375886,Brisbane
375887,Brisbane
375888,Brisbane
375889,Brisbane
375890,Perth
375891,Brisbane
375892,Brisbane
375893,Brisbane
375894,Perth
375895,Brisbane
375896,Brisbane
375897,Brisbane
375898,Brisbane
375899,Brisbane
375900,Brisbane
375901,Brisbane
375902,Brisbane
375903,Brisbane
375904,Brisbane
375905,Brisbane
375906,Brisbane
375907,Melbourne
375908,Brisbane
375909,Brisbane
375910,Brisbane
375911,Brisbane
375912,Brisbane
375913,Brisbane
375914,Brisbane
375915,Brisbane
375916,Brisbane
375917,Brisbane
375918,Brisbane
375919,Brisbane
375920,Brisbane
375921,Brisbane
375922,Brisbane
375923,Brisbane
375924,Melbourne
375925,Brisbane
375926,Brisbane
375927,Brisbane
375928,Brisbane
375929,Brisbane
375930,Brisbane
375931,Melbourne
375932,Brisbane
375933,Melbourne
375934,Brisbane
375935,Brisbane
375936,Brisbane
375937,Brisbane
375938,Brisbane
375939,Brisbane
375940,Brisbane
375941,Brisbane
375942,Brisbane
375943,Brisbane
375944,Brisbane
375945,Brisbane
375946,Brisbane
375947,Brisbane
375948,Brisbane
375949,Brisbane
375950,Brisbane
375951,Brisbane
375952,Brisbane
375953,Brisbane
375954,Brisbane
375955,Brisbane
375956,Brisbane
375957,Perth
375958,Brisbane
375959,Brisbane
375960,Brisbane
375961,Brisbane
375962,Brisbane
375963,Brisbane
375964,Brisbane
375965,Brisbane
375966,Brisbane
375967,Brisbane
375968,Brisbane
375969,Brisbane
375970,Brisbane
375971,Perth
375972,Brisbane
375973,Brisbane
375974,Brisbane
375975,Brisbane
375976,Brisbane
375977,Brisbane
375978,Brisbane
375979,Brisbane
375980,Brisbane
375981,Brisbane
375982,Brisbane
375983,Brisbane
375984,Brisbane
375985,Brisbane
375986,Brisbane
375987,Brisbane
375988,Brisbane
375989,Brisbane
375990,Brisbane
375991,Brisbane
375992,Brisbane
375993,Brisbane
375994,Brisbane
375995,Brisbane
375996,Brisbane
375997,Brisbane
375998,Brisbane
375999,Brisbane
376000,Brisbane
376001,Brisbane
376002,Brisbane
376003,Perth
376004,Sydney
376005,Brisbane
376006,Melbourne
376007,Brisbane
376008,Sydney
376009,Brisbane
376010,Brisbane
376011,Sydney
376012,Brisbane
376013,Brisbane
376014,Brisbane
376015,Brisbane
376016,Brisbane
376017,Brisbane
376018,Brisbane
376019,Brisbane
376020,Brisbane
376021,Brisbane
376022,Brisbane
376023,Brisbane
376024,Brisbane
376025,Brisbane
376026,Brisbane
376027,Brisbane
376028,Brisbane
376029,Brisbane
376030,Melbourne
376031,Brisbane
376032,Brisbane
376033,Brisbane
376034,Brisbane
376035,Brisbane
376036,Brisbane
376037,Brisbane
376038,Brisbane
376039,Brisbane
376040,Brisbane
376041,Brisbane
376042,Brisbane
376043,Sydney
376044,Perth
376045,Brisbane
376046,Brisbane
376047,Brisbane
376048,Brisbane
376049,Brisbane
376050,Brisbane
376051,Brisbane
376052,Brisbane
376053,Brisbane
376054,Brisbane
376055,Brisbane
376056,Brisbane
376057,Perth
376058,Brisbane
376059,Brisbane
376060,Brisbane
376061,Brisbane
376062,Brisbane
376063,Brisbane
376064,Brisbane
376065,Brisbane
376066,Brisbane
376067,Brisbane
376068,Brisbane
376069,Brisbane
376070,Brisbane
376071,Brisbane
376072,Brisbane
376073,Brisbane
376074,Brisbane
376075,Brisbane
376076,Brisbane
376077,Brisbane
376078,Melbourne
376079,Brisbane
376080,Brisbane
376081,Brisbane
376082,Brisbane
376083,Brisbane
376084,Brisbane
376085,Brisbane
376086,Brisbane
376087,Brisbane
376088,Brisbane
376089,Brisbane
376090,Brisbane
376091,Brisbane
376092,Brisbane
376093,Brisbane
376094,Brisbane
376095,Brisbane
376096,Brisbane
376097,Brisbane
376098,Brisbane
376099,Brisbane
376100,Brisbane
376101,Brisbane
376102,Brisbane
376103,Brisbane
376104,Brisbane
376105,Brisbane
376106,Brisbane
376107,Brisbane
376108,Brisbane
376109,Brisbane
376110,Brisbane
376111,Brisbane
376112,Brisbane
376113,Brisbane
376114,Brisbane
376115,Brisbane
376116,Brisbane
376117,Brisbane
376118,Brisbane
376119,Brisbane
376120,Brisbane
376121,Brisbane
376122,Brisbane
376123,Brisbane
376124,Brisbane
376125,Brisbane
376126,Brisbane
376127,Perth
376128,Brisbane
376129,Brisbane
376130,Brisbane
376131,Brisbane
376132,Brisbane
376133,Brisbane
376134,Brisbane
376135,Brisbane
376136,Brisbane
376137,Brisbane
376138,Brisbane
376139,Brisbane
376140,Brisbane
376141,Brisbane
376142,Brisbane
376143,Brisbane
376144,Brisbane
376145,Brisbane
376146,Brisbane
376147,Brisbane
376148,Sydney
376149,Brisbane
376150,Brisbane
376151,Brisbane
376152,Brisbane
376153,Brisbane
376154,Brisbane
376155,Brisbane
376156,Melbourne
376157,Brisbane
376158,Perth
376159,Brisbane
376160,Brisbane
376161,Brisbane
376162,Sydney
376163,Brisbane
376164,Brisbane
376165,Brisbane
376166,Brisbane
376167,Perth
376168,Brisbane
376169,Brisbane
376170,Sydney
376171,Brisbane
376172,Brisbane
376173,Brisbane
376174,Brisbane
376175,Melbourne
376176,Brisbane
376177,Brisbane
376178,Brisbane
376179,Brisbane
376180,Brisbane
376181,Brisbane
376182,Brisbane
376183,Brisbane
376184,Brisbane
376185,Brisbane
376186,Brisbane
376187,Brisbane
376188,Brisbane
376189,Brisbane
376190,Brisbane
376191,Brisbane
376192,Brisbane
376193,Brisbane
376194,Brisbane
376195,Brisbane
376196,Brisbane
376197,Brisbane
376198,Brisbane
376199,Brisbane
376200,Brisbane
376201,Brisbane
376202,Brisbane
376203,Brisbane
376204,Sydney
376205,Brisbane
376206,Brisbane
376207,Brisbane
376208,Brisbane
376209,Brisbane
376210,Brisbane
376211,Perth
376212,Brisbane
376213,Brisbane
376214,Brisbane
376215,Melbourne
376216,Brisbane
376217,Brisbane
376218,Brisbane
376219,Brisbane
376220,Brisbane
376221,Brisbane
376222,Brisbane
376223,Brisbane
376224,Brisbane
376225,Brisbane
376226,Brisbane
376227,Brisbane
376228,Brisbane
376229,Brisbane
376230,Brisbane
376231,Brisbane
376232,Brisbane
376233,Melbourne
376234,Brisbane
376235,Brisbane
376236,Brisbane
376237,Brisbane
376238,Brisbane
376239,Sydney
376240,Brisbane
376241,Perth
376242,Melbourne
376243,Brisbane
376244,Brisbane
376245,Brisbane
376246,Brisbane
376247,Brisbane
376248,Brisbane
376249,Brisbane
376250,Brisbane
376251,Brisbane
376252,Brisbane
376253,Brisbane
376254,Brisbane
376255,Brisbane
376256,Brisbane
376257,Brisbane
376258,Brisbane
376259,Brisbane
376260,Brisbane
376261,Brisbane
376262,Brisbane
376263,Brisbane
376264,Brisbane
376265,Brisbane
376266,Brisbane
376267,Brisbane
376268,Brisbane
376269,Brisbane
376270,Perth
376271,Brisbane
376272,Brisbane
376273,Brisbane
376274,Brisbane
376275,Brisbane
376276,Brisbane
376277,Brisbane
376278,Brisbane
376279,Perth
376280,Brisbane
376281,Sydney
376282,Brisbane
376283,Melbourne
376284,Brisbane
376285,Brisbane
376286,Brisbane
376287,Brisbane
376288,Brisbane
376289,Sydney
376290,Brisbane
376291,Sydney
376292,Brisbane
376293,Brisbane
376294,Brisbane
376295,Brisbane
376296,Brisbane
376297,Brisbane
376298,Brisbane
376299,Brisbane
376300,Brisbane
376301,Brisbane
376302,Brisbane
376303,Brisbane
376304,Brisbane
376305,Brisbane
376306,Brisbane
376307,Brisbane
376308,Brisbane
376309,Brisbane
376310,Brisbane
376311,Brisbane
376312,Brisbane
376313,Brisbane
376314,Brisbane
376315,Sydney
376316,Brisbane
376317,Brisbane
376318,Brisbane
376319,Brisbane
376320,Brisbane
376321,Brisbane
376322,Brisbane
376323,Brisbane
376324,Brisbane
376325,Brisbane
376326,Brisbane
376327,Brisbane
376328,Brisbane
376329,Brisbane
376330,Melbourne
376331,Brisbane
376332,Brisbane
376333,Brisbane
376334,Brisbane
376335,Brisbane
376336,Brisbane
376337,Brisbane
376338,Melbourne
376339,Sydney
376340,Brisbane
376341,Brisbane
376342,Brisbane
376343,Perth
376344,Perth
376345,Brisbane
376346,Brisbane
376347,Brisbane
376348,Brisbane
376349,Brisbane
376350,Brisbane
376351,Brisbane
376352,Brisbane
376353,Brisbane
376354,Brisbane
376355,Brisbane
376356,Brisbane
376357,Brisbane
376358,Melbourne
376359,Brisbane
376360,Perth
376361,Brisbane
376362,Brisbane
376363,Brisbane
376364,Brisbane
376365,Brisbane
376366,Brisbane
376367,Brisbane
376368,Brisbane
376369,Brisbane
376370,Brisbane
376371,Brisbane
376372,Brisbane
376373,Brisbane
376374,Brisbane
376375,Brisbane
376376,Brisbane
376377,Brisbane
376378,Brisbane
376379,Brisbane
376380,Brisbane
376381,Brisbane
376382,Brisbane
376383,Brisbane
376384,Brisbane
376385,Brisbane
376386,Brisbane
376387,Brisbane
376388,Brisbane
376389,Brisbane
376390,Brisbane
376391,Brisbane
376392,Brisbane
376393,Brisbane
376394,Brisbane
376395,Brisbane
376396,Brisbane
376397,Brisbane
376398,Brisbane
376399,Brisbane
376400,Brisbane
376401,Brisbane
376402,Brisbane
376403,Brisbane
376404,Sydney
376405,Brisbane
376406,Brisbane
376407,Sydney
376408,Sydney
376409,Brisbane
376410,Brisbane
376411,Brisbane
376412,Brisbane
376413,Brisbane
376414,Brisbane
376415,Sydney
376416,Brisbane
376417,Brisbane
376418,Brisbane
376419,Brisbane
376420,Brisbane
376421,Perth
376422,Brisbane
376423,Brisbane
376424,Brisbane
376425,Brisbane
376426,Brisbane
376427,Sydney
376428,Sydney
376429,Perth
376430,Brisbane
376431,Brisbane
376432,Perth
376433,Brisbane
376434,Brisbane
376435,Brisbane
376436,Brisbane
376437,Brisbane
376438,Brisbane
376439,Brisbane
376440,Brisbane
376441,Brisbane
376442,Brisbane
376443,Brisbane
376444,Brisbane
376445,Brisbane
376446,Brisbane
376447,Brisbane
376448,Brisbane
376449,Brisbane
376450,Brisbane
376451,Brisbane
376452,Brisbane
376453,Brisbane
376454,Brisbane
376455,Brisbane
376456,Brisbane
376457,Brisbane
376458,Brisbane
376459,Brisbane
376460,Brisbane
376461,Brisbane
376462,Brisbane
376463,Brisbane
376464,Perth
376465,Brisbane
376466,Brisbane
376467,Brisbane
376468,Brisbane
376469,Brisbane
376470,Brisbane
376471,Brisbane
376472,Brisbane
376473,Brisbane
376474,Brisbane
376475,Brisbane
376476,Melbourne
376477,Brisbane
376478,Brisbane
376479,Melbourne
376480,Brisbane
376481,Brisbane
376482,Brisbane
376483,Brisbane
376484,Brisbane
376485,Brisbane
376486,Brisbane
376487,Brisbane
376488,Brisbane
376489,Brisbane
376490,Brisbane
376491,Brisbane
376492,Brisbane
376493,Brisbane
376494,Brisbane
376495,Brisbane
376496,Brisbane
376497,Brisbane
376498,Brisbane
376499,Brisbane
376500,Brisbane
376501,Brisbane
376502,Brisbane
376503,Melbourne
376504,Sydney
376505,Brisbane
376506,Brisbane
376507,Brisbane
376508,Brisbane
376509,Brisbane
376510,Brisbane
376511,Brisbane
376512,Brisbane
376513,Brisbane
376514,Brisbane
376515,Brisbane
376516,Brisbane
376517,Brisbane
376518,Brisbane
376519,Brisbane
376520,Brisbane
376521,Brisbane
376522,Brisbane
376523,Brisbane
376524,Melbourne
376525,Brisbane
376526,Brisbane
376527,Brisbane
376528,Brisbane
376529,Brisbane
376530,Brisbane
376531,Brisbane
376532,Brisbane
376533,Brisbane
376534,Sydney
376535,Melbourne
376536,Brisbane
376537,Brisbane
376538,Brisbane
376539,Brisbane
376540,Brisbane
376541,Brisbane
376542,Brisbane
376543,Sydney
376544,Brisbane
376545,Brisbane
376546,Melbourne
376547,Perth
376548,Brisbane
376549,Brisbane
376550,Brisbane
376551,Brisbane
376552,Brisbane
376553,Brisbane
376554,Brisbane
376555,Brisbane
376556,Brisbane
376557,Brisbane
376558,Sydney
376559,Brisbane
376560,Brisbane
376561,Brisbane
376562,Sydney
376563,Brisbane
376564,Brisbane
376565,Brisbane
376566,Brisbane
376567,Brisbane
376568,Brisbane
376569,Brisbane
376570,Brisbane
376571,Brisbane
376572,Brisbane
376573,Brisbane
376574,Brisbane
376575,Brisbane
376576,Brisbane
376577,Brisbane
376578,Brisbane
376579,Brisbane
376580,Brisbane
376581,Brisbane
376582,Brisbane
376583,Brisbane
376584,Brisbane
376585,Brisbane
376586,Brisbane
376587,Brisbane
376588,Brisbane
376589,Brisbane
376590,Brisbane
376591,Sydney
376592,Brisbane
376593,Brisbane
376594,Brisbane
376595,Brisbane
376596,Brisbane
376597,Brisbane
376598,Brisbane
376599,Brisbane
376600,Brisbane
376601,Brisbane
376602,Brisbane
376603,Brisbane
376604,Brisbane
376605,Brisbane
376606,Brisbane
376607,Brisbane
376608,Brisbane
376609,Brisbane
376610,Brisbane
376611,Brisbane
376612,Brisbane
376613,Brisbane
376614,Brisbane
376615,Brisbane
376616,Brisbane
376617,Brisbane
376618,Brisbane
376619,Brisbane
376620,Brisbane
376621,Brisbane
376622,Brisbane
376623,Melbourne
376624,Brisbane
376625,Brisbane
376626,Brisbane
376627,Brisbane
376628,Brisbane
376629,Brisbane
376630,Melbourne
376631,Brisbane
376632,Brisbane
376633,Brisbane
376634,Brisbane
376635,Brisbane
376636,Brisbane
376637,Brisbane
376638,Brisbane
376639,Brisbane
376640,Brisbane
376641,Brisbane
376642,Brisbane
376643,Brisbane
376644,Brisbane
376645,Brisbane
376646,Brisbane
376647,Brisbane
376648,Brisbane
376649,Brisbane
376650,Brisbane
376651,Brisbane
376652,Brisbane
376653,Brisbane
376654,Brisbane
376655,Melbourne
376656,Sydney
376657,Brisbane
376658,Perth
376659,Brisbane
376660,Brisbane
376661,Brisbane
376662,Brisbane
376663,Brisbane
376664,Brisbane
376665,Brisbane
376666,Brisbane
376667,Brisbane
376668,Brisbane
376669,Brisbane
376670,Brisbane
376671,Brisbane
376672,Brisbane
376673,Melbourne
376674,Brisbane
376675,Brisbane
376676,Brisbane
376677,Brisbane
376678,Brisbane
376679,Brisbane
376680,Brisbane
376681,Brisbane
376682,Brisbane
376683,Brisbane
376684,Brisbane
376685,Brisbane
376686,Brisbane
376687,Brisbane
376688,Brisbane
376689,Melbourne
376690,Brisbane
376691,Brisbane
376692,Brisbane
376693,Brisbane
376694,Brisbane
376695,Brisbane
376696,Brisbane
376697,Perth
376698,Brisbane
376699,Brisbane
376700,Brisbane
376701,Brisbane
376702,Brisbane
376703,Brisbane
376704,Brisbane
376705,Brisbane
376706,Brisbane
376707,Brisbane
376708,Brisbane
376709,Brisbane
376710,Brisbane
376711,Brisbane
376712,Brisbane
376713,Brisbane
376714,Brisbane
376715,Brisbane
376716,Brisbane
376717,Brisbane
376718,Brisbane
376719,Brisbane
376720,Brisbane
376721,Brisbane
376722,Brisbane
376723,Brisbane
376724,Brisbane
376725,Perth
376726,Brisbane
376727,Brisbane
376728,Brisbane
376729,Brisbane
376730,Brisbane
376731,Brisbane
376732,Brisbane
376733,Brisbane
376734,Brisbane
376735,Brisbane
376736,Brisbane
376737,Brisbane
376738,Brisbane
376739,Brisbane
376740,Perth
376741,Brisbane
376742,Brisbane
376743,Brisbane
376744,Brisbane
376745,Brisbane
376746,Perth
376747,Brisbane
376748,Perth
376749,Brisbane
376750,Brisbane
376751,Brisbane
376752,Brisbane
376753,Brisbane
376754,Brisbane
376755,Brisbane
376756,Brisbane
376757,Melbourne
376758,Brisbane
376759,Brisbane
376760,Melbourne
376761,Brisbane
376762,Brisbane
376763,Brisbane
376764,Brisbane
376765,Perth
376766,Brisbane
376767,Brisbane
376768,Brisbane
376769,Brisbane
376770,Brisbane
376771,Brisbane
376772,Brisbane
376773,Brisbane
376774,Brisbane
376775,Brisbane
376776,Brisbane
376777,Brisbane
376778,Brisbane
376779,Brisbane
376780,Brisbane
376781,Brisbane
376782,Brisbane
376783,Brisbane
376784,Brisbane
376785,Brisbane
376786,Brisbane
376787,Brisbane
376788,Sydney
376789,Perth
376790,Brisbane
376791,Melbourne
376792,Brisbane
376793,Brisbane
376794,Brisbane
376795,Sydney
376796,Brisbane
376797,Brisbane
376798,Brisbane
376799,Sydney
376800,Brisbane
376801,Sydney
376802,Brisbane
376803,Brisbane
376804,Brisbane
376805,Brisbane
376806,Brisbane
376807,Brisbane
376808,Brisbane
376809,Brisbane
376810,Brisbane
376811,Brisbane
376812,Brisbane
376813,Brisbane
376814,Brisbane
376815,Sydney
376816,Brisbane
376817,Brisbane
376818,Brisbane
376819,Brisbane
376820,Brisbane
376821,Perth
376822,Brisbane
376823,Brisbane
376824,Perth
376825,Brisbane
376826,Brisbane
376827,Brisbane
376828,Brisbane
376829,Sydney
376830,Brisbane
376831,Brisbane
376832,Brisbane
376833,Brisbane
376834,Brisbane
376835,Brisbane
376836,Brisbane
376837,Brisbane
376838,Brisbane
376839,Brisbane
376840,Brisbane
376841,Brisbane
376842,Melbourne
376843,Brisbane
376844,Brisbane
376845,Brisbane
376846,Brisbane
376847,Brisbane
376848,Brisbane
376849,Brisbane
376850,Brisbane
376851,Brisbane
376852,Brisbane
376853,Brisbane
376854,Brisbane
376855,Brisbane
376856,Brisbane
376857,Brisbane
376858,Brisbane
376859,Brisbane
376860,Brisbane
376861,Brisbane
376862,Sydney
376863,Brisbane
376864,Brisbane
376865,Brisbane
376866,Melbourne
376867,Brisbane
376868,Brisbane
376869,Melbourne
376870,Perth
376871,Brisbane
376872,Brisbane
376873,Brisbane
376874,Brisbane
376875,Brisbane
376876,Brisbane
376877,Brisbane
376878,Brisbane
376879,Brisbane
376880,Brisbane
376881,Brisbane
376882,Brisbane
376883,Brisbane
376884,Brisbane
376885,Brisbane
376886,Brisbane
376887,Brisbane
376888,Brisbane
376889,Brisbane
376890,Brisbane
376891,Brisbane
376892,Brisbane
376893,Brisbane
376894,Brisbane
376895,Brisbane
376896,Brisbane
376897,Brisbane
376898,Brisbane
376899,Brisbane
376900,Brisbane
376901,Brisbane
376902,Brisbane
376903,Brisbane
376904,Brisbane
376905,Brisbane
376906,Brisbane
376907,Brisbane
376908,Brisbane
376909,Brisbane
376910,Brisbane
376911,Perth
376912,Brisbane
376913,Brisbane
376914,Sydney
376915,Brisbane
376916,Perth
376917,Brisbane
376918,Brisbane
376919,Brisbane
376920,Brisbane
376921,Brisbane
376922,Brisbane
376923,Brisbane
376924,Brisbane
376925,Brisbane
376926,Brisbane
376927,Brisbane
376928,Melbourne
376929,Brisbane
376930,Perth
376931,Brisbane
376932,Brisbane
376933,Brisbane
376934,Melbourne
376935,Brisbane
376936,Brisbane
376937,Brisbane
376938,Brisbane
376939,Brisbane
376940,Brisbane
376941,Brisbane
376942,Brisbane
376943,Brisbane
376944,Sydney
376945,Brisbane
376946,Brisbane
376947,Brisbane
376948,Brisbane
376949,Brisbane
376950,Brisbane
376951,Brisbane
376952,Brisbane
376953,Melbourne
376954,Brisbane
376955,Brisbane
376956,Perth
376957,Brisbane
376958,Brisbane
376959,Brisbane
376960,Brisbane
376961,Brisbane
376962,Brisbane
376963,Brisbane
376964,Brisbane
376965,Brisbane
376966,Brisbane
376967,Brisbane
376968,Brisbane
376969,Brisbane
376970,Brisbane
376971,Brisbane
376972,Brisbane
376973,Brisbane
376974,Brisbane
376975,Brisbane
376976,Brisbane
376977,Brisbane
376978,Brisbane
376979,Brisbane
376980,Brisbane
376981,Brisbane
376982,Brisbane
376983,Brisbane
376984,Brisbane
376985,Brisbane
376986,Brisbane
376987,Brisbane
376988,Brisbane
376989,Brisbane
376990,Brisbane
376991,Brisbane
376992,Brisbane
376993,Brisbane
376994,Brisbane
376995,Brisbane
376996,Brisbane
376997,Perth
376998,Brisbane
376999,Brisbane
377000,Brisbane
377001,Brisbane
377002,Sydney
377003,Sydney
377004,Brisbane
377005,Brisbane
377006,Perth
377007,Brisbane
377008,Brisbane
377009,Perth
377010,Brisbane
377011,Sydney
377012,Melbourne
377013,Brisbane
377014,Brisbane
377015,Brisbane
377016,Brisbane
377017,Brisbane
377018,Brisbane
377019,Brisbane
377020,Brisbane
377021,Brisbane
377022,Brisbane
377023,Brisbane
377024,Brisbane
377025,Brisbane
377026,Brisbane
377027,Brisbane
377028,Sydney
377029,Brisbane
377030,Brisbane
377031,Brisbane
377032,Brisbane
377033,Brisbane
377034,Sydney
377035,Brisbane
377036,Brisbane
377037,Brisbane
377038,Brisbane
377039,Brisbane
377040,Brisbane
377041,Brisbane
377042,Brisbane
377043,Brisbane
377044,Brisbane
377045,Brisbane
377046,Brisbane
377047,Brisbane
377048,Perth
377049,Brisbane
377050,Brisbane
377051,Brisbane
377052,Brisbane
377053,Brisbane
377054,Brisbane
377055,Melbourne
377056,Brisbane
377057,Brisbane
377058,Brisbane
377059,Perth
377060,Brisbane
377061,Brisbane
377062,Perth
377063,Brisbane
377064,Brisbane
377065,Brisbane
377066,Melbourne
377067,Brisbane
377068,Brisbane
377069,Brisbane
377070,Brisbane
377071,Brisbane
377072,Brisbane
377073,Brisbane
377074,Brisbane
377075,Brisbane
377076,Brisbane
377077,Brisbane
377078,Brisbane
377079,Brisbane
377080,Brisbane
377081,Brisbane
377082,Brisbane
377083,Brisbane
377084,Brisbane
377085,Brisbane
377086,Brisbane
377087,Sydney
377088,Brisbane
377089,Brisbane
377090,Sydney
377091,Brisbane
377092,Brisbane
377093,Brisbane
377094,Brisbane
377095,Brisbane
377096,Brisbane
377097,Brisbane
377098,Brisbane
377099,Brisbane
377100,Brisbane
377101,Brisbane
377102,Brisbane
377103,Brisbane
377104,Brisbane
377105,Perth
377106,Melbourne
377107,Brisbane
377108,Brisbane
377109,Brisbane
377110,Melbourne
377111,Brisbane
377112,Perth
377113,Brisbane
377114,Brisbane
377115,Brisbane
377116,Brisbane
377117,Brisbane
377118,Brisbane
377119,Brisbane
377120,Brisbane
377121,Brisbane
377122,Brisbane
377123,Brisbane
377124,Brisbane
377125,Brisbane
377126,Brisbane
377127,Brisbane
377128,Brisbane
377129,Brisbane
377130,Brisbane
377131,Brisbane
377132,Brisbane
377133,Brisbane
377134,Brisbane
377135,Brisbane
377136,Brisbane
377137,Brisbane
377138,Brisbane
377139,Brisbane
377140,Brisbane
377141,Brisbane
377142,Brisbane
377143,Sydney
377144,Brisbane
377145,Brisbane
377146,Brisbane
377147,Brisbane
377148,Melbourne
377149,Brisbane
377150,Brisbane
377151,Brisbane
377152,Brisbane
377153,Brisbane
377154,Brisbane
377155,Brisbane
377156,Brisbane
377157,Brisbane
377158,Brisbane
377159,Brisbane
377160,Sydney
377161,Brisbane
377162,Sydney
377163,Brisbane
377164,Brisbane
377165,Brisbane
377166,Brisbane
377167,Brisbane
377168,Brisbane
377169,Sydney
377170,Brisbane
377171,Brisbane
377172,Sydney
377173,Brisbane
377174,Brisbane
377175,Brisbane
377176,Brisbane
377177,Sydney
377178,Brisbane
377179,Brisbane
377180,Brisbane
377181,Brisbane
377182,Brisbane
377183,Brisbane
377184,Sydney
377185,Brisbane
377186,Brisbane
377187,Brisbane
377188,Brisbane
377189,Brisbane
377190,Brisbane
377191,Brisbane
377192,Perth
377193,Brisbane
377194,Melbourne
377195,Brisbane
377196,Brisbane
377197,Brisbane
377198,Brisbane
377199,Brisbane
377200,Brisbane
377201,Brisbane
377202,Brisbane
377203,Brisbane
377204,Brisbane
377205,Brisbane
377206,Brisbane
377207,Brisbane
377208,Brisbane
377209,Brisbane
377210,Brisbane
377211,Sydney
377212,Brisbane
377213,Brisbane
377214,Brisbane
377215,Brisbane
377216,Brisbane
377217,Brisbane
377218,Perth
377219,Brisbane
377220,Brisbane
377221,Brisbane
377222,Brisbane
377223,Brisbane
377224,Brisbane
377225,Brisbane
377226,Brisbane
377227,Brisbane
377228,Brisbane
377229,Sydney
377230,Brisbane
377231,Sydney
377232,Brisbane
377233,Brisbane
377234,Brisbane
377235,Brisbane
377236,Perth
377237,Brisbane
377238,Brisbane
377239,Brisbane
377240,Brisbane
377241,Brisbane
377242,Brisbane
377243,Brisbane
377244,Brisbane
377245,Brisbane
377246,Brisbane
377247,Brisbane
377248,Brisbane
377249,Brisbane
377250,Sydney
377251,Brisbane
377252,Brisbane
377253,Brisbane
377254,Perth
377255,Brisbane
377256,Brisbane
377257,Brisbane
377258,Brisbane
377259,Brisbane
377260,Brisbane
377261,Brisbane
377262,Brisbane
377263,Brisbane
377264,Melbourne
377265,Brisbane
377266,Brisbane
377267,Brisbane
377268,Brisbane
377269,Brisbane
377270,Brisbane
377271,Brisbane
377272,Brisbane
377273,Brisbane
377274,Brisbane
377275,Melbourne
377276,Brisbane
377277,Brisbane
377278,Perth
377279,Brisbane
377280,Brisbane
377281,Sydney
377282,Brisbane
377283,Brisbane
377284,Brisbane
377285,Brisbane
377286,Brisbane
377287,Brisbane
377288,Brisbane
377289,Brisbane
377290,Brisbane
377291,Brisbane
377292,Brisbane
377293,Brisbane
377294,Brisbane
377295,Brisbane
377296,Sydney
377297,Brisbane
377298,Brisbane
377299,Brisbane
377300,Brisbane
377301,Brisbane
377302,Brisbane
377303,Brisbane
377304,Brisbane
377305,Brisbane
377306,Sydney
377307,Brisbane
377308,Melbourne
377309,Sydney
377310,Brisbane
377311,Brisbane
377312,Brisbane
377313,Brisbane
377314,Brisbane
377315,Brisbane
377316,Brisbane
377317,Brisbane
377318,Brisbane
377319,Brisbane
377320,Brisbane
377321,Brisbane
377322,Brisbane
377323,Brisbane
377324,Brisbane
377325,Brisbane
377326,Brisbane
377327,Brisbane
377328,Brisbane
377329,Brisbane
377330,Brisbane
377331,Brisbane
377332,Brisbane
377333,Brisbane
377334,Brisbane
377335,Melbourne
377336,Brisbane
377337,Brisbane
377338,Brisbane
377339,Brisbane
377340,Brisbane
377341,Brisbane
377342,Brisbane
377343,Brisbane
377344,Brisbane
377345,Brisbane
377346,Brisbane
377347,Brisbane
377348,Brisbane
377349,Brisbane
377350,Brisbane
377351,Brisbane
377352,Brisbane
377353,Brisbane
377354,Brisbane
377355,Brisbane
377356,Brisbane
377357,Sydney
377358,Brisbane
377359,Brisbane
377360,Brisbane
377361,Brisbane
377362,Brisbane
377363,Brisbane
377364,Brisbane
377365,Brisbane
377366,Brisbane
377367,Brisbane
377368,Brisbane
377369,Brisbane
377370,Brisbane
377371,Brisbane
377372,Brisbane
377373,Brisbane
377374,Brisbane
377375,Perth
377376,Perth
377377,Brisbane
377378,Brisbane
377379,Brisbane
377380,Brisbane
377381,Sydney
377382,Brisbane
377383,Brisbane
377384,Brisbane
377385,Brisbane
377386,Brisbane
377387,Sydney
377388,Brisbane
377389,Brisbane
377390,Brisbane
377391,Brisbane
377392,Sydney
377393,Brisbane
377394,Sydney
377395,Brisbane
377396,Brisbane
377397,Brisbane
377398,Melbourne
377399,Brisbane
377400,Brisbane
377401,Brisbane
377402,Brisbane
377403,Brisbane
377404,Brisbane
377405,Brisbane
377406,Brisbane
377407,Brisbane
377408,Brisbane
377409,Brisbane
377410,Brisbane
377411,Perth
377412,Brisbane
377413,Brisbane
377414,Brisbane
377415,Brisbane
377416,Sydney
377417,Brisbane
377418,Brisbane
377419,Brisbane
377420,Brisbane
377421,Brisbane
377422,Brisbane
377423,Brisbane
377424,Brisbane
377425,Perth
377426,Brisbane
377427,Brisbane
377428,Melbourne
377429,Sydney
377430,Sydney
377431,Brisbane
377432,Brisbane
377433,Brisbane
377434,Brisbane
377435,Brisbane
377436,Brisbane
377437,Brisbane
377438,Brisbane
377439,Brisbane
377440,Brisbane
377441,Brisbane
377442,Brisbane
377443,Brisbane
377444,Sydney
377445,Brisbane
377446,Brisbane
377447,Brisbane
377448,Brisbane
377449,Brisbane
377450,Brisbane
377451,Sydney
377452,Brisbane
377453,Brisbane
377454,Brisbane
377455,Brisbane
377456,Brisbane
377457,Brisbane
377458,Brisbane
377459,Brisbane
377460,Brisbane
377461,Brisbane
377462,Perth
377463,Brisbane
377464,Brisbane
377465,Brisbane
377466,Sydney
377467,Brisbane
377468,Brisbane
377469,Brisbane
377470,Brisbane
377471,Brisbane
377472,Brisbane
377473,Brisbane
377474,Brisbane
377475,Brisbane
377476,Brisbane
377477,Brisbane
377478,Brisbane
377479,Brisbane
377480,Brisbane
377481,Brisbane
377482,Brisbane
377483,Brisbane
377484,Brisbane
377485,Brisbane
377486,Sydney
377487,Sydney
377488,Sydney
377489,Brisbane
377490,Brisbane
377491,Brisbane
377492,Brisbane
377493,Brisbane
377494,Brisbane
377495,Brisbane
377496,Brisbane
377497,Brisbane
377498,Perth
377499,Brisbane
377500,Brisbane
377501,Brisbane
377502,Brisbane
377503,Brisbane
377504,Brisbane
377505,Brisbane
377506,Brisbane
377507,Brisbane
377508,Brisbane
377509,Brisbane
377510,Brisbane
377511,Brisbane
377512,Perth
377513,Brisbane
377514,Brisbane
377515,Brisbane
377516,Brisbane
377517,Brisbane
377518,Brisbane
377519,Brisbane
377520,Brisbane
377521,Perth
377522,Brisbane
377523,Brisbane
377524,Brisbane
377525,Brisbane
377526,Brisbane
377527,Brisbane
377528,Brisbane
377529,Brisbane
377530,Brisbane
377531,Brisbane
377532,Brisbane
377533,Brisbane
377534,Melbourne
377535,Brisbane
377536,Brisbane
377537,Sydney
377538,Brisbane
377539,Brisbane
377540,Sydney
377541,Brisbane
377542,Brisbane
377543,Brisbane
377544,Brisbane
377545,Brisbane
377546,Brisbane
377547,Brisbane
377548,Brisbane
377549,Brisbane
377550,Brisbane
377551,Brisbane
377552,Brisbane
377553,Brisbane
377554,Brisbane
377555,Brisbane
377556,Brisbane
377557,Brisbane
377558,Brisbane
377559,Perth
377560,Brisbane
377561,Brisbane
377562,Brisbane
377563,Brisbane
377564,Brisbane
377565,Brisbane
377566,Brisbane
377567,Brisbane
377568,Brisbane
377569,Brisbane
377570,Brisbane
377571,Brisbane
377572,Sydney
377573,Perth
377574,Brisbane
377575,Brisbane
377576,Brisbane
377577,Brisbane
377578,Brisbane
377579,Brisbane
377580,Brisbane
377581,Brisbane
377582,Brisbane
377583,Brisbane
377584,Brisbane
377585,Brisbane
377586,Brisbane
377587,Brisbane
377588,Brisbane
377589,Brisbane
377590,Brisbane
377591,Brisbane
377592,Brisbane
377593,Melbourne
377594,Brisbane
377595,Brisbane
377596,Perth
377597,Sydney
377598,Brisbane
377599,Brisbane
377600,Brisbane
377601,Brisbane
377602,Brisbane
377603,Brisbane
377604,Brisbane
377605,Brisbane
377606,Brisbane
377607,Brisbane
377608,Brisbane
377609,Brisbane
377610,Brisbane
377611,Brisbane
377612,Brisbane
377613,Brisbane
377614,Brisbane
377615,Brisbane
377616,Brisbane
377617,Brisbane
377618,Brisbane
377619,Sydney
377620,Brisbane
377621,Brisbane
377622,Brisbane
377623,Brisbane
377624,Brisbane
377625,Brisbane
377626,Brisbane
377627,Brisbane
377628,Brisbane
377629,Brisbane
377630,Brisbane
377631,Brisbane
377632,Brisbane
377633,Brisbane
377634,Brisbane
377635,Brisbane
377636,Brisbane
377637,Brisbane
377638,Brisbane
377639,Melbourne
377640,Brisbane
377641,Brisbane
377642,Brisbane
377643,Brisbane
377644,Brisbane
377645,Brisbane
377646,Brisbane
377647,Brisbane
377648,Brisbane
377649,Brisbane
377650,Brisbane
377651,Brisbane
377652,Brisbane
377653,Brisbane
377654,Brisbane
377655,Brisbane
377656,Brisbane
377657,Brisbane
377658,Brisbane
377659,Brisbane
377660,Brisbane
377661,Brisbane
377662,Brisbane
377663,Brisbane
377664,Perth
377665,Brisbane
377666,Perth
377667,Brisbane
377668,Brisbane
377669,Brisbane
377670,Brisbane
377671,Brisbane
377672,Brisbane
377673,Brisbane
377674,Brisbane
377675,Perth
377676,Brisbane
377677,Perth
377678,Brisbane
377679,Brisbane
377680,Brisbane
377681,Brisbane
377682,Brisbane
377683,Brisbane
377684,Brisbane
377685,Brisbane
377686,Brisbane
377687,Brisbane
377688,Brisbane
377689,Brisbane
377690,Brisbane
377691,Brisbane
377692,Brisbane
377693,Brisbane
377694,Brisbane
377695,Brisbane
377696,Brisbane
377697,Brisbane
377698,Brisbane
377699,Brisbane
377700,Perth
377701,Brisbane
377702,Sydney
377703,Brisbane
377704,Brisbane
377705,Perth
377706,Brisbane
377707,Brisbane
377708,Brisbane
377709,Brisbane
377710,Brisbane
377711,Perth
377712,Brisbane
377713,Brisbane
377714,Brisbane
377715,Brisbane
377716,Brisbane
377717,Brisbane
377718,Brisbane
377719,Brisbane
377720,Sydney
377721,Brisbane
377722,Brisbane
377723,Brisbane
377724,Brisbane
377725,Brisbane
377726,Brisbane
377727,Sydney
377728,Brisbane
377729,Brisbane
377730,Brisbane
377731,Brisbane
377732,Brisbane
377733,Brisbane
377734,Brisbane
377735,Sydney
377736,Brisbane
377737,Brisbane
377738,Sydney
377739,Brisbane
377740,Brisbane
377741,Brisbane
377742,Brisbane
377743,Brisbane
377744,Brisbane
377745,Brisbane
377746,Brisbane
377747,Brisbane
377748,Brisbane
377749,Brisbane
377750,Brisbane
377751,Brisbane
377752,Brisbane
377753,Brisbane
377754,Brisbane
377755,Brisbane
377756,Brisbane
377757,Brisbane
377758,Perth
377759,Brisbane
377760,Sydney
377761,Brisbane
377762,Brisbane
377763,Brisbane
377764,Brisbane
377765,Brisbane
377766,Brisbane
377767,Brisbane
377768,Brisbane
377769,Brisbane
377770,Brisbane
377771,Brisbane
377772,Brisbane
377773,Brisbane
377774,Brisbane
377775,Brisbane
377776,Brisbane
377777,Brisbane
377778,Brisbane
377779,Brisbane
377780,Brisbane
377781,Brisbane
377782,Brisbane
377783,Brisbane
377784,Brisbane
377785,Brisbane
377786,Brisbane
377787,Brisbane
377788,Brisbane
377789,Brisbane
377790,Brisbane
377791,Brisbane
377792,Brisbane
377793,Brisbane
377794,Brisbane
377795,Brisbane
377796,Brisbane
377797,Brisbane
377798,Brisbane
377799,Brisbane
377800,Brisbane
377801,Brisbane
377802,Brisbane
377803,Brisbane
377804,Brisbane
377805,Brisbane
377806,Brisbane
377807,Brisbane
377808,Brisbane
377809,Brisbane
377810,Brisbane
377811,Brisbane
377812,Perth
377813,Brisbane
377814,Brisbane
377815,Brisbane
377816,Brisbane
377817,Brisbane
377818,Brisbane
377819,Brisbane
377820,Brisbane
377821,Brisbane
377822,Brisbane
377823,Perth
377824,Perth
377825,Brisbane
377826,Perth
377827,Brisbane
377828,Brisbane
377829,Brisbane
377830,Brisbane
377831,Brisbane
377832,Brisbane
377833,Brisbane
377834,Perth
377835,Brisbane
377836,Brisbane
377837,Brisbane
377838,Brisbane
377839,Brisbane
377840,Brisbane
377841,Brisbane
377842,Brisbane
377843,Brisbane
377844,Brisbane
377845,Brisbane
377846,Brisbane
377847,Brisbane
377848,Brisbane
377849,Brisbane
377850,Brisbane
377851,Brisbane
377852,Brisbane
377853,Brisbane
377854,Sydney
377855,Brisbane
377856,Brisbane
377857,Perth
377858,Brisbane
377859,Brisbane
377860,Brisbane
377861,Brisbane
377862,Brisbane
377863,Brisbane
377864,Brisbane
377865,Brisbane
377866,Brisbane
377867,Brisbane
377868,Brisbane
377869,Brisbane
377870,Brisbane
377871,Perth
377872,Brisbane
377873,Brisbane
377874,Brisbane
377875,Brisbane
377876,Sydney
377877,Brisbane
377878,Brisbane
377879,Brisbane
377880,Brisbane
377881,Sydney
377882,Brisbane
377883,Brisbane
377884,Brisbane
377885,Perth
377886,Brisbane
377887,Brisbane
377888,Brisbane
377889,Brisbane
377890,Brisbane
377891,Brisbane
377892,Melbourne
377893,Perth
377894,Brisbane
377895,Brisbane
377896,Brisbane
377897,Brisbane
377898,Brisbane
377899,Brisbane
377900,Brisbane
377901,Melbourne
377902,Melbourne
377903,Brisbane
377904,Brisbane
377905,Brisbane
377906,Perth
377907,Brisbane
377908,Brisbane
377909,Brisbane
377910,Brisbane
377911,Brisbane
377912,Brisbane
377913,Brisbane
377914,Brisbane
377915,Brisbane
377916,Brisbane
377917,Brisbane
377918,Brisbane
377919,Brisbane
377920,Brisbane
377921,Brisbane
377922,Brisbane
377923,Brisbane
377924,Brisbane
377925,Brisbane
377926,Brisbane
377927,Brisbane
377928,Brisbane
377929,Melbourne
377930,Brisbane
377931,Sydney
377932,Brisbane
377933,Sydney
377934,Brisbane
377935,Brisbane
377936,Brisbane
377937,Brisbane
377938,Brisbane
377939,Brisbane
377940,Brisbane
377941,Brisbane
377942,Brisbane
377943,Brisbane
377944,Brisbane
377945,Brisbane
377946,Sydney
377947,Brisbane
377948,Brisbane
377949,Brisbane
377950,Brisbane
377951,Brisbane
377952,Sydney
377953,Brisbane
377954,Brisbane
377955,Brisbane
377956,Brisbane
377957,Perth
377958,Brisbane
377959,Brisbane
377960,Brisbane
377961,Brisbane
377962,Brisbane
377963,Brisbane
377964,Brisbane
377965,Brisbane
377966,Brisbane
377967,Brisbane
377968,Brisbane
377969,Brisbane
377970,Brisbane
377971,Brisbane
377972,Brisbane
377973,Brisbane
377974,Brisbane
377975,Brisbane
377976,Brisbane
377977,Brisbane
377978,Brisbane
377979,Brisbane
377980,Brisbane
377981,Melbourne
377982,Brisbane
377983,Brisbane
377984,Brisbane
377985,Brisbane
377986,Brisbane
377987,Brisbane
377988,Perth
377989,Brisbane
377990,Brisbane
377991,Brisbane
377992,Brisbane
377993,Perth
377994,Sydney
377995,Brisbane
377996,Brisbane
377997,Brisbane
377998,Perth
377999,Brisbane
378000,Brisbane
378001,Brisbane
378002,Brisbane
378003,Brisbane
378004,Brisbane
378005,Brisbane
378006,Brisbane
378007,Brisbane
378008,Brisbane
378009,Brisbane
378010,Perth
378011,Brisbane
378012,Brisbane
378013,Brisbane
378014,Brisbane
378015,Brisbane
378016,Brisbane
378017,Brisbane
378018,Brisbane
378019,Brisbane
378020,Brisbane
378021,Brisbane
378022,Perth
378023,Brisbane
378024,Brisbane
378025,Brisbane
378026,Brisbane
378027,Brisbane
378028,Brisbane
378029,Brisbane
378030,Brisbane
378031,Brisbane
378032,Brisbane
378033,Melbourne
378034,Brisbane
378035,Brisbane
378036,Brisbane
378037,Brisbane
378038,Brisbane
378039,Brisbane
378040,Brisbane
378041,Brisbane
378042,Brisbane
378043,Perth
378044,Brisbane
378045,Sydney
378046,Perth
378047,Brisbane
378048,Brisbane
378049,Brisbane
378050,Brisbane
378051,Brisbane
378052,Brisbane
378053,Brisbane
378054,Brisbane
378055,Brisbane
378056,Brisbane
378057,Brisbane
378058,Brisbane
378059,Brisbane
378060,Brisbane
378061,Brisbane
378062,Perth
378063,Brisbane
378064,Melbourne
378065,Brisbane
378066,Brisbane
378067,Brisbane
378068,Brisbane
378069,Brisbane
378070,Sydney
378071,Brisbane
378072,Brisbane
378073,Brisbane
378074,Brisbane
378075,Brisbane
378076,Brisbane
378077,Brisbane
378078,Brisbane
378079,Brisbane
378080,Brisbane
378081,Brisbane
378082,Brisbane
378083,Brisbane
378084,Brisbane
378085,Brisbane
378086,Brisbane
378087,Brisbane
378088,Brisbane
378089,Brisbane
378090,Brisbane
378091,Brisbane
378092,Brisbane
378093,Melbourne
378094,Brisbane
378095,Brisbane
378096,Melbourne
378097,Brisbane
378098,Brisbane
378099,Brisbane
378100,Brisbane
378101,Brisbane
378102,Brisbane
378103,Brisbane
378104,Brisbane
378105,Brisbane
378106,Brisbane
378107,Melbourne
378108,Brisbane
378109,Brisbane
378110,Brisbane
378111,Brisbane
378112,Perth
378113,Melbourne
378114,Perth
378115,Brisbane
378116,Brisbane
378117,Brisbane
378118,Brisbane
378119,Brisbane
378120,Brisbane
378121,Brisbane
378122,Brisbane
378123,Brisbane
378124,Melbourne
378125,Brisbane
378126,Brisbane
378127,Brisbane
378128,Brisbane
378129,Brisbane
378130,Brisbane
378131,Brisbane
378132,Brisbane
378133,Brisbane
378134,Brisbane
378135,Brisbane
378136,Brisbane
378137,Brisbane
378138,Perth
378139,Brisbane
378140,Perth
378141,Brisbane
378142,Brisbane
378143,Brisbane
378144,Brisbane
378145,Brisbane
378146,Brisbane
378147,Brisbane
378148,Brisbane
378149,Brisbane
378150,Brisbane
378151,Brisbane
378152,Brisbane
378153,Brisbane
378154,Brisbane
378155,Melbourne
378156,Brisbane
378157,Brisbane
378158,Brisbane
378159,Sydney
378160,Brisbane
378161,Brisbane
378162,Brisbane
378163,Brisbane
378164,Brisbane
378165,Brisbane
378166,Brisbane
378167,Brisbane
378168,Brisbane
378169,Brisbane
378170,Brisbane
378171,Brisbane
378172,Brisbane
378173,Brisbane
378174,Brisbane
378175,Sydney
378176,Brisbane
378177,Brisbane
378178,Brisbane
378179,Perth
378180,Brisbane
378181,Brisbane
378182,Brisbane
378183,Brisbane
378184,Brisbane
378185,Brisbane
378186,Brisbane
378187,Brisbane
378188,Brisbane
378189,Brisbane
378190,Brisbane
378191,Brisbane
378192,Brisbane
378193,Brisbane
378194,Brisbane
378195,Brisbane
378196,Brisbane
378197,Brisbane
378198,Brisbane
378199,Brisbane
378200,Brisbane
378201,Perth
378202,Brisbane
378203,Brisbane
378204,Brisbane
378205,Brisbane
378206,Brisbane
378207,Sydney
378208,Brisbane
378209,Brisbane
378210,Brisbane
378211,Brisbane
378212,Brisbane
378213,Sydney
378214,Brisbane
378215,Perth
378216,Brisbane
378217,Brisbane
378218,Brisbane
378219,Brisbane
378220,Brisbane
378221,Brisbane
378222,Brisbane
378223,Brisbane
378224,Brisbane
378225,Brisbane
378226,Brisbane
378227,Sydney
378228,Brisbane
378229,Brisbane
378230,Brisbane
378231,Brisbane
378232,Brisbane
378233,Brisbane
378234,Brisbane
378235,Brisbane
378236,Brisbane
378237,Brisbane
378238,Brisbane
378239,Brisbane
378240,Brisbane
378241,Brisbane
378242,Brisbane
378243,Brisbane
378244,Brisbane
378245,Brisbane
378246,Brisbane
378247,Brisbane
378248,Brisbane
378249,Brisbane
378250,Brisbane
378251,Brisbane
378252,Brisbane
378253,Brisbane
378254,Brisbane
378255,Perth
378256,Brisbane
378257,Brisbane
378258,Brisbane
378259,Brisbane
378260,Brisbane
378261,Brisbane
378262,Brisbane
378263,Brisbane
378264,Brisbane
378265,Brisbane
378266,Sydney
378267,Brisbane
378268,Brisbane
378269,Brisbane
378270,Brisbane
378271,Brisbane
378272,Brisbane
378273,Brisbane
378274,Brisbane
378275,Brisbane
378276,Brisbane
378277,Brisbane
378278,Brisbane
378279,Brisbane
378280,Brisbane
378281,Brisbane
378282,Brisbane
378283,Brisbane
378284,Brisbane
378285,Brisbane
378286,Brisbane
378287,Brisbane
378288,Perth
378289,Brisbane
378290,Brisbane
378291,Brisbane
378292,Brisbane
378293,Brisbane
378294,Brisbane
378295,Brisbane
378296,Brisbane
378297,Brisbane
378298,Brisbane
378299,Brisbane
378300,Brisbane
378301,Brisbane
378302,Brisbane
378303,Brisbane
378304,Brisbane
378305,Brisbane
378306,Brisbane
378307,Brisbane
378308,Brisbane
378309,Brisbane
378310,Sydney
378311,Brisbane
378312,Brisbane
378313,Brisbane
378314,Brisbane
378315,Brisbane
378316,Brisbane
378317,Brisbane
378318,Brisbane
378319,Brisbane
378320,Brisbane
378321,Brisbane
378322,Brisbane
378323,Brisbane
378324,Brisbane
378325,Brisbane
378326,Brisbane
378327,Brisbane
378328,Brisbane
378329,Brisbane
378330,Brisbane
378331,Melbourne
378332,Brisbane
378333,Sydney
378334,Brisbane
378335,Brisbane
378336,Brisbane
378337,Brisbane
378338,Brisbane
378339,Brisbane
378340,Brisbane
378341,Brisbane
378342,Brisbane
378343,Brisbane
378344,Brisbane
378345,Brisbane
378346,Brisbane
378347,Brisbane
378348,Brisbane
378349,Brisbane
378350,Brisbane
378351,Perth
378352,Brisbane
378353,Brisbane
378354,Brisbane
378355,Brisbane
378356,Brisbane
378357,Brisbane
378358,Brisbane
378359,Brisbane
378360,Brisbane
378361,Brisbane
378362,Brisbane
378363,Brisbane
378364,Brisbane
378365,Brisbane
378366,Brisbane
378367,Brisbane
378368,Brisbane
378369,Brisbane
378370,Brisbane
378371,Brisbane
378372,Melbourne
378373,Brisbane
378374,Brisbane
378375,Brisbane
378376,Brisbane
378377,Brisbane
378378,Brisbane
378379,Brisbane
378380,Brisbane
378381,Brisbane
378382,Brisbane
378383,Brisbane
378384,Brisbane
378385,Brisbane
378386,Brisbane
378387,Brisbane
378388,Brisbane
378389,Brisbane
378390,Brisbane
378391,Sydney
378392,Brisbane
378393,Brisbane
378394,Brisbane
378395,Brisbane
378396,Brisbane
378397,Brisbane
378398,Melbourne
378399,Brisbane
378400,Brisbane
378401,Brisbane
378402,Brisbane
378403,Brisbane
378404,Sydney
378405,Brisbane
378406,Brisbane
378407,Brisbane
378408,Brisbane
378409,Brisbane
378410,Brisbane
378411,Brisbane
378412,Brisbane
378413,Brisbane
378414,Brisbane
378415,Brisbane
378416,Brisbane
378417,Brisbane
378418,Brisbane
378419,Brisbane
378420,Brisbane
378421,Brisbane
378422,Brisbane
378423,Brisbane
378424,Brisbane
378425,Brisbane
378426,Brisbane
378427,Brisbane
378428,Brisbane
378429,Brisbane
378430,Perth
378431,Brisbane
378432,Melbourne
378433,Brisbane
378434,Brisbane
378435,Brisbane
378436,Brisbane
378437,Brisbane
378438,Brisbane
378439,Brisbane
378440,Brisbane
378441,Sydney
378442,Brisbane
378443,Brisbane
378444,Brisbane
378445,Brisbane
378446,Brisbane
378447,Brisbane
378448,Brisbane
378449,Brisbane
378450,Brisbane
378451,Brisbane
378452,Sydney
378453,Brisbane
378454,Brisbane
378455,Brisbane
378456,Brisbane
378457,Brisbane
378458,Brisbane
378459,Brisbane
378460,Brisbane
378461,Brisbane
378462,Brisbane
378463,Brisbane
378464,Brisbane
378465,Brisbane
378466,Brisbane
378467,Brisbane
378468,Brisbane
378469,Brisbane
378470,Brisbane
378471,Brisbane
378472,Brisbane
378473,Brisbane
378474,Brisbane
378475,Brisbane
378476,Brisbane
378477,Brisbane
378478,Brisbane
378479,Brisbane
378480,Brisbane
378481,Brisbane
378482,Brisbane
378483,Perth
378484,Brisbane
378485,Brisbane
378486,Brisbane
378487,Brisbane
378488,Brisbane
378489,Brisbane
378490,Brisbane
378491,Brisbane
378492,Melbourne
378493,Brisbane
378494,Brisbane
378495,Brisbane
378496,Brisbane
378497,Brisbane
378498,Brisbane
378499,Perth
378500,Brisbane
378501,Brisbane
378502,Brisbane
378503,Brisbane
378504,Brisbane
378505,Brisbane
378506,Perth
378507,Brisbane
378508,Brisbane
378509,Brisbane
378510,Brisbane
378511,Brisbane
378512,Brisbane
378513,Brisbane
378514,Brisbane
378515,Brisbane
378516,Brisbane
378517,Brisbane
378518,Brisbane
378519,Brisbane
378520,Brisbane
378521,Sydney
378522,Brisbane
378523,Melbourne
378524,Brisbane
378525,Brisbane
378526,Brisbane
378527,Melbourne
378528,Brisbane
378529,Brisbane
378530,Brisbane
378531,Brisbane
378532,Brisbane
378533,Brisbane
378534,Perth
378535,Brisbane
378536,Brisbane
378537,Brisbane
378538,Brisbane
378539,Brisbane
378540,Brisbane
378541,Brisbane
378542,Brisbane
378543,Brisbane
378544,Brisbane
378545,Brisbane
378546,Brisbane
378547,Brisbane
378548,Brisbane
378549,Brisbane
378550,Brisbane
378551,Brisbane
378552,Brisbane
378553,Sydney
378554,Brisbane
378555,Brisbane
378556,Brisbane
378557,Brisbane
378558,Brisbane
378559,Brisbane
378560,Brisbane
378561,Brisbane
378562,Brisbane
378563,Brisbane
378564,Brisbane
378565,Brisbane
378566,Brisbane
378567,Brisbane
378568,Brisbane
378569,Brisbane
378570,Sydney
378571,Brisbane
378572,Brisbane
378573,Brisbane
378574,Brisbane
378575,Brisbane
378576,Brisbane
378577,Brisbane
378578,Brisbane
378579,Brisbane
378580,Brisbane
378581,Brisbane
378582,Brisbane
378583,Brisbane
378584,Brisbane
378585,Brisbane
378586,Brisbane
378587,Brisbane
378588,Sydney
378589,Brisbane
378590,Brisbane
378591,Brisbane
378592,Perth
378593,Brisbane
378594,Brisbane
378595,Brisbane
378596,Perth
378597,Brisbane
378598,Perth
378599,Brisbane
378600,Brisbane
378601,Sydney
378602,Brisbane
378603,Brisbane
378604,Brisbane
378605,Brisbane
378606,Brisbane
378607,Brisbane
378608,Brisbane
378609,Brisbane
378610,Brisbane
378611,Brisbane
378612,Brisbane
378613,Brisbane
378614,Brisbane
378615,Brisbane
378616,Brisbane
378617,Brisbane
378618,Brisbane
378619,Brisbane
378620,Brisbane
378621,Brisbane
378622,Brisbane
378623,Brisbane
378624,Brisbane
378625,Brisbane
378626,Sydney
378627,Brisbane
378628,Brisbane
378629,Brisbane
378630,Brisbane
378631,Brisbane
378632,Brisbane
378633,Brisbane
378634,Perth
378635,Brisbane
378636,Brisbane
378637,Brisbane
378638,Perth
378639,Melbourne
378640,Brisbane
378641,Brisbane
378642,Brisbane
378643,Brisbane
378644,Perth
378645,Brisbane
378646,Brisbane
378647,Brisbane
378648,Brisbane
378649,Brisbane
378650,Brisbane
378651,Brisbane
378652,Brisbane
378653,Brisbane
378654,Brisbane
378655,Brisbane
378656,Perth
378657,Brisbane
378658,Brisbane
378659,Brisbane
378660,Sydney
378661,Brisbane
378662,Brisbane
378663,Brisbane
378664,Brisbane
378665,Brisbane
378666,Brisbane
378667,Brisbane
378668,Brisbane
378669,Melbourne
378670,Brisbane
378671,Brisbane
378672,Brisbane
378673,Brisbane
378674,Perth
378675,Brisbane
378676,Melbourne
378677,Brisbane
378678,Brisbane
378679,Brisbane
378680,Brisbane
378681,Brisbane
378682,Brisbane
378683,Brisbane
378684,Brisbane
378685,Perth
378686,Brisbane
378687,Brisbane
378688,Brisbane
378689,Brisbane
378690,Perth
378691,Brisbane
378692,Melbourne
378693,Brisbane
378694,Brisbane
378695,Brisbane
378696,Brisbane
378697,Brisbane
378698,Brisbane
378699,Brisbane
378700,Brisbane
378701,Brisbane
378702,Brisbane
378703,Brisbane
378704,Brisbane
378705,Melbourne
378706,Brisbane
378707,Brisbane
378708,Brisbane
378709,Sydney
378710,Brisbane
378711,Brisbane
378712,Brisbane
378713,Brisbane
378714,Brisbane
378715,Brisbane
378716,Brisbane
378717,Brisbane
378718,Brisbane
378719,Brisbane
378720,Brisbane
378721,Brisbane
378722,Brisbane
378723,Brisbane
378724,Brisbane
378725,Brisbane
378726,Brisbane
378727,Brisbane
378728,Brisbane
378729,Brisbane
378730,Brisbane
378731,Brisbane
378732,Brisbane
378733,Brisbane
378734,Brisbane
378735,Brisbane
378736,Brisbane
378737,Brisbane
378738,Brisbane
378739,Brisbane
378740,Brisbane
378741,Brisbane
378742,Brisbane
378743,Brisbane
378744,Brisbane
378745,Brisbane
378746,Brisbane
378747,Brisbane
378748,Perth
378749,Brisbane
378750,Brisbane
378751,Brisbane
378752,Sydney
378753,Brisbane
378754,Brisbane
378755,Brisbane
378756,Brisbane
378757,Brisbane
378758,Brisbane
378759,Brisbane
378760,Brisbane
378761,Sydney
378762,Brisbane
378763,Brisbane
378764,Brisbane
378765,Brisbane
378766,Brisbane
378767,Brisbane
378768,Brisbane
378769,Brisbane
378770,Brisbane
378771,Brisbane
378772,Perth
378773,Brisbane
378774,Brisbane
378775,Perth
378776,Perth
378777,Brisbane
378778,Brisbane
378779,Sydney
378780,Brisbane
378781,Brisbane
378782,Brisbane
378783,Brisbane
378784,Brisbane
378785,Brisbane
378786,Brisbane
378787,Brisbane
378788,Brisbane
378789,Brisbane
378790,Brisbane
378791,Brisbane
378792,Brisbane
378793,Sydney
378794,Brisbane
378795,Brisbane
378796,Brisbane
378797,Brisbane
378798,Brisbane
378799,Brisbane
378800,Brisbane
378801,Brisbane
378802,Brisbane
378803,Sydney
378804,Brisbane
378805,Brisbane
378806,Brisbane
378807,Brisbane
378808,Brisbane
378809,Brisbane
378810,Melbourne
378811,Sydney
378812,Brisbane
378813,Brisbane
378814,Brisbane
378815,Brisbane
378816,Brisbane
378817,Brisbane
378818,Brisbane
378819,Brisbane
378820,Brisbane
378821,Brisbane
378822,Brisbane
378823,Brisbane
378824,Brisbane
378825,Brisbane
378826,Perth
378827,Brisbane
378828,Brisbane
378829,Brisbane
378830,Brisbane
378831,Brisbane
378832,Brisbane
378833,Brisbane
378834,Brisbane
378835,Brisbane
378836,Brisbane
378837,Brisbane
378838,Brisbane
378839,Sydney
378840,Brisbane
378841,Brisbane
378842,Brisbane
378843,Brisbane
378844,Brisbane
378845,Brisbane
378846,Brisbane
378847,Brisbane
378848,Brisbane
378849,Brisbane
378850,Brisbane
378851,Brisbane
378852,Sydney
378853,Brisbane
378854,Sydney
378855,Brisbane
378856,Brisbane
378857,Brisbane
378858,Brisbane
378859,Brisbane
378860,Brisbane
378861,Brisbane
378862,Brisbane
378863,Brisbane
378864,Brisbane
378865,Brisbane
378866,Brisbane
378867,Brisbane
378868,Brisbane
378869,Brisbane
378870,Brisbane
378871,Brisbane
378872,Sydney
378873,Brisbane
378874,Brisbane
378875,Sydney
378876,Brisbane
378877,Brisbane
378878,Brisbane
378879,Brisbane
378880,Brisbane
378881,Brisbane
378882,Brisbane
378883,Brisbane
378884,Brisbane
378885,Sydney
378886,Brisbane
378887,Brisbane
378888,Brisbane
378889,Brisbane
378890,Sydney
378891,Brisbane
378892,Brisbane
378893,Brisbane
378894,Brisbane
378895,Brisbane
378896,Brisbane
378897,Brisbane
378898,Brisbane
378899,Perth
378900,Brisbane
378901,Brisbane
378902,Brisbane
378903,Perth
378904,Brisbane
378905,Brisbane
378906,Brisbane
378907,Brisbane
378908,Brisbane
378909,Brisbane
378910,Melbourne
378911,Brisbane
378912,Brisbane
378913,Brisbane
378914,Brisbane
378915,Brisbane
378916,Brisbane
378917,Brisbane
378918,Brisbane
378919,Brisbane
378920,Brisbane
378921,Brisbane
378922,Melbourne
378923,Brisbane
378924,Brisbane
378925,Brisbane
378926,Perth
378927,Brisbane
378928,Brisbane
378929,Brisbane
378930,Brisbane
378931,Brisbane
378932,Brisbane
378933,Brisbane
378934,Brisbane
378935,Brisbane
378936,Brisbane
378937,Brisbane
378938,Brisbane
378939,Brisbane
378940,Brisbane
378941,Brisbane
378942,Sydney
378943,Brisbane
378944,Brisbane
378945,Brisbane
378946,Brisbane
378947,Brisbane
378948,Brisbane
378949,Brisbane
378950,Perth
378951,Brisbane
378952,Brisbane
378953,Brisbane
378954,Brisbane
378955,Perth
378956,Brisbane
378957,Brisbane
378958,Brisbane
378959,Brisbane
378960,Brisbane
378961,Brisbane
378962,Brisbane
378963,Brisbane
378964,Brisbane
378965,Brisbane
378966,Brisbane
378967,Brisbane
378968,Brisbane
378969,Brisbane
378970,Brisbane
378971,Brisbane
378972,Brisbane
378973,Brisbane
378974,Brisbane
378975,Brisbane
378976,Brisbane
378977,Sydney
378978,Brisbane
378979,Sydney
378980,Brisbane
378981,Brisbane
378982,Brisbane
378983,Brisbane
378984,Brisbane
378985,Perth
378986,Brisbane
378987,Brisbane
378988,Brisbane
378989,Brisbane
378990,Brisbane
378991,Brisbane
378992,Brisbane
378993,Brisbane
378994,Brisbane
378995,Brisbane
378996,Brisbane
378997,Brisbane
378998,Brisbane
378999,Brisbane
379000,Brisbane
379001,Brisbane
379002,Perth
379003,Brisbane
379004,Brisbane
379005,Brisbane
379006,Brisbane
379007,Brisbane
379008,Brisbane
379009,Brisbane
379010,Brisbane
379011,Brisbane
379012,Brisbane
379013,Brisbane
379014,Melbourne
379015,Brisbane
379016,Brisbane
379017,Sydney
379018,Brisbane
379019,Brisbane
379020,Brisbane
379021,Brisbane
379022,Brisbane
379023,Brisbane
379024,Brisbane
379025,Brisbane
379026,Brisbane
379027,Brisbane
379028,Brisbane
379029,Brisbane
379030,Brisbane
379031,Brisbane
379032,Brisbane
379033,Brisbane
379034,Brisbane
379035,Brisbane
379036,Brisbane
379037,Brisbane
379038,Brisbane
379039,Sydney
379040,Brisbane
379041,Brisbane
379042,Brisbane
379043,Brisbane
379044,Brisbane
379045,Brisbane
379046,Sydney
379047,Brisbane
379048,Brisbane
379049,Perth
379050,Brisbane
379051,Brisbane
379052,Brisbane
379053,Brisbane
379054,Brisbane
379055,Brisbane
379056,Brisbane
379057,Brisbane
379058,Brisbane
379059,Brisbane
379060,Brisbane
379061,Brisbane
379062,Brisbane
379063,Brisbane
379064,Brisbane
379065,Brisbane
379066,Brisbane
379067,Brisbane
379068,Brisbane
379069,Brisbane
379070,Brisbane
379071,Melbourne
379072,Brisbane
379073,Brisbane
379074,Brisbane
379075,Brisbane
379076,Melbourne
379077,Brisbane
379078,Brisbane
379079,Brisbane
379080,Brisbane
379081,Brisbane
379082,Brisbane
379083,Brisbane
379084,Brisbane
379085,Brisbane
379086,Brisbane
379087,Brisbane
379088,Sydney
379089,Brisbane
379090,Brisbane
379091,Brisbane
379092,Brisbane
379093,Brisbane
379094,Brisbane
379095,Brisbane
379096,Brisbane
379097,Brisbane
379098,Brisbane
379099,Sydney
379100,Brisbane
379101,Brisbane
379102,Brisbane
379103,Brisbane
379104,Sydney
379105,Brisbane
379106,Brisbane
379107,Brisbane
379108,Perth
379109,Brisbane
379110,Brisbane
379111,Brisbane
379112,Brisbane
379113,Brisbane
379114,Brisbane
379115,Brisbane
379116,Brisbane
379117,Brisbane
379118,Brisbane
379119,Brisbane
379120,Sydney
379121,Brisbane
379122,Brisbane
379123,Brisbane
379124,Brisbane
379125,Brisbane
379126,Brisbane
379127,Brisbane
379128,Brisbane
379129,Brisbane
379130,Brisbane
379131,Brisbane
379132,Brisbane
379133,Brisbane
379134,Brisbane
379135,Perth
379136,Brisbane
379137,Brisbane
379138,Brisbane
379139,Brisbane
379140,Brisbane
379141,Brisbane
379142,Brisbane
379143,Sydney
379144,Brisbane
379145,Brisbane
379146,Brisbane
379147,Brisbane
379148,Brisbane
379149,Brisbane
379150,Brisbane
379151,Brisbane
379152,Brisbane
379153,Brisbane
379154,Brisbane
379155,Brisbane
379156,Brisbane
379157,Brisbane
379158,Brisbane
379159,Brisbane
379160,Brisbane
379161,Brisbane
379162,Brisbane
379163,Brisbane
379164,Brisbane
379165,Brisbane
379166,Brisbane
379167,Brisbane
379168,Brisbane
379169,Brisbane
379170,Brisbane
379171,Brisbane
379172,Brisbane
379173,Brisbane
379174,Brisbane
379175,Brisbane
379176,Brisbane
379177,Brisbane
379178,Perth
379179,Brisbane
379180,Brisbane
379181,Sydney
379182,Brisbane
379183,Brisbane
379184,Sydney
379185,Brisbane
379186,Brisbane
379187,Brisbane
379188,Brisbane
379189,Brisbane
379190,Brisbane
379191,Brisbane
379192,Brisbane
379193,Brisbane
379194,Brisbane
379195,Brisbane
379196,Brisbane
379197,Brisbane
379198,Brisbane
379199,Brisbane
379200,Brisbane
379201,Brisbane
379202,Brisbane
379203,Brisbane
379204,Brisbane
379205,Brisbane
379206,Brisbane
379207,Brisbane
379208,Brisbane
379209,Brisbane
379210,Sydney
379211,Brisbane
379212,Brisbane
379213,Brisbane
379214,Brisbane
379215,Brisbane
379216,Brisbane
379217,Brisbane
379218,Brisbane
379219,Brisbane
379220,Brisbane
379221,Brisbane
379222,Brisbane
379223,Brisbane
379224,Brisbane
379225,Brisbane
379226,Brisbane
379227,Brisbane
379228,Brisbane
379229,Brisbane
379230,Sydney
379231,Sydney
379232,Brisbane
379233,Brisbane
379234,Brisbane
379235,Brisbane
379236,Sydney
379237,Brisbane
379238,Brisbane
379239,Brisbane
379240,Brisbane
379241,Brisbane
379242,Brisbane
379243,Brisbane
379244,Brisbane
379245,Sydney
379246,Brisbane
379247,Brisbane
379248,Brisbane
379249,Brisbane
379250,Brisbane
379251,Brisbane
379252,Brisbane
379253,Brisbane
379254,Brisbane
379255,Melbourne
379256,Sydney
379257,Brisbane
379258,Brisbane
379259,Brisbane
379260,Brisbane
379261,Brisbane
379262,Brisbane
379263,Melbourne
379264,Brisbane
379265,Brisbane
379266,Brisbane
379267,Brisbane
379268,Perth
379269,Brisbane
379270,Brisbane
379271,Brisbane
379272,Brisbane
379273,Melbourne
379274,Brisbane
379275,Brisbane
379276,Brisbane
379277,Brisbane
379278,Brisbane
379279,Brisbane
379280,Brisbane
379281,Brisbane
379282,Brisbane
379283,Brisbane
379284,Brisbane
379285,Brisbane
379286,Brisbane
379287,Brisbane
379288,Brisbane
379289,Brisbane
379290,Brisbane
379291,Melbourne
379292,Brisbane
379293,Brisbane
379294,Brisbane
379295,Brisbane
379296,Brisbane
379297,Brisbane
379298,Brisbane
379299,Melbourne
379300,Brisbane
379301,Brisbane
379302,Brisbane
379303,Brisbane
379304,Brisbane
379305,Perth
379306,Brisbane
379307,Brisbane
379308,Brisbane
379309,Brisbane
379310,Brisbane
379311,Brisbane
379312,Brisbane
379313,Brisbane
379314,Brisbane
379315,Brisbane
379316,Brisbane
379317,Brisbane
379318,Brisbane
379319,Brisbane
379320,Perth
379321,Sydney
379322,Brisbane
379323,Brisbane
379324,Perth
379325,Brisbane
379326,Brisbane
379327,Brisbane
379328,Brisbane
379329,Brisbane
379330,Brisbane
379331,Brisbane
379332,Brisbane
379333,Perth
379334,Brisbane
379335,Brisbane
379336,Sydney
379337,Brisbane
379338,Brisbane
379339,Brisbane
379340,Melbourne
379341,Brisbane
379342,Brisbane
379343,Brisbane
379344,Brisbane
379345,Brisbane
379346,Melbourne
379347,Brisbane
379348,Brisbane
379349,Brisbane
379350,Brisbane
379351,Brisbane
379352,Brisbane
379353,Brisbane
379354,Brisbane
379355,Brisbane
379356,Brisbane
379357,Brisbane
379358,Brisbane
379359,Brisbane
379360,Brisbane
379361,Brisbane
379362,Brisbane
379363,Brisbane
379364,Brisbane
379365,Brisbane
379366,Brisbane
379367,Brisbane
379368,Brisbane
379369,Brisbane
379370,Brisbane
379371,Brisbane
379372,Brisbane
379373,Brisbane
379374,Brisbane
379375,Brisbane
379376,Brisbane
379377,Brisbane
379378,Brisbane
379379,Brisbane
379380,Brisbane
379381,Brisbane
379382,Brisbane
379383,Brisbane
379384,Brisbane
379385,Brisbane
379386,Brisbane
379387,Brisbane
379388,Brisbane
379389,Brisbane
379390,Brisbane
379391,Brisbane
379392,Perth
379393,Brisbane
379394,Brisbane
379395,Brisbane
379396,Brisbane
379397,Brisbane
379398,Brisbane
379399,Brisbane
379400,Brisbane
379401,Brisbane
379402,Brisbane
379403,Brisbane
379404,Brisbane
379405,Brisbane
379406,Brisbane
379407,Brisbane
379408,Brisbane
379409,Brisbane
379410,Brisbane
379411,Brisbane
379412,Brisbane
379413,Brisbane
379414,Brisbane
379415,Brisbane
379416,Perth
379417,Melbourne
379418,Perth
379419,Brisbane
379420,Brisbane
379421,Brisbane
379422,Brisbane
379423,Brisbane
379424,Brisbane
379425,Brisbane
379426,Brisbane
379427,Brisbane
379428,Brisbane
379429,Brisbane
379430,Brisbane
379431,Brisbane
379432,Brisbane
379433,Sydney
379434,Melbourne
379435,Brisbane
379436,Brisbane
379437,Brisbane
379438,Brisbane
379439,Brisbane
379440,Brisbane
379441,Brisbane
379442,Brisbane
379443,Brisbane
379444,Perth
379445,Brisbane
379446,Brisbane
379447,Melbourne
379448,Brisbane
379449,Brisbane
379450,Brisbane
379451,Brisbane
379452,Brisbane
379453,Brisbane
379454,Brisbane
379455,Brisbane
379456,Brisbane
379457,Brisbane
379458,Brisbane
379459,Brisbane
379460,Brisbane
379461,Brisbane
379462,Brisbane
379463,Brisbane
379464,Brisbane
379465,Brisbane
379466,Brisbane
379467,Brisbane
379468,Sydney
379469,Brisbane
379470,Brisbane
379471,Brisbane
379472,Sydney
379473,Brisbane
379474,Sydney
379475,Brisbane
379476,Brisbane
379477,Brisbane
379478,Brisbane
379479,Brisbane
379480,Brisbane
379481,Brisbane
379482,Brisbane
379483,Brisbane
379484,Sydney
379485,Brisbane
379486,Brisbane
379487,Brisbane
379488,Perth
379489,Brisbane
379490,Brisbane
379491,Brisbane
379492,Brisbane
379493,Brisbane
379494,Brisbane
379495,Brisbane
379496,Brisbane
379497,Brisbane
379498,Brisbane
379499,Melbourne
379500,Brisbane
379501,Brisbane
379502,Brisbane
379503,Brisbane
379504,Brisbane
379505,Brisbane
379506,Brisbane
379507,Brisbane
379508,Brisbane
379509,Melbourne
379510,Brisbane
379511,Brisbane
379512,Brisbane
379513,Brisbane
379514,Brisbane
379515,Melbourne
379516,Brisbane
379517,Brisbane
379518,Sydney
379519,Brisbane
379520,Brisbane
379521,Brisbane
379522,Brisbane
379523,Brisbane
379524,Brisbane
379525,Brisbane
379526,Brisbane
379527,Brisbane
379528,Perth
379529,Brisbane
379530,Brisbane
379531,Brisbane
379532,Sydney
379533,Brisbane
379534,Brisbane
379535,Brisbane
379536,Brisbane
379537,Brisbane
379538,Brisbane
379539,Brisbane
379540,Brisbane
379541,Brisbane
379542,Brisbane
379543,Brisbane
379544,Brisbane
379545,Brisbane
379546,Brisbane
379547,Sydney
379548,Sydney
379549,Brisbane
379550,Brisbane
379551,Brisbane
379552,Brisbane
379553,Melbourne
379554,Brisbane
379555,Brisbane
379556,Brisbane
379557,Brisbane
379558,Brisbane
379559,Brisbane
379560,Sydney
379561,Brisbane
379562,Brisbane
379563,Brisbane
379564,Brisbane
379565,Brisbane
379566,Brisbane
379567,Brisbane
379568,Brisbane
379569,Sydney
379570,Brisbane
379571,Brisbane
379572,Perth
379573,Brisbane
379574,Brisbane
379575,Brisbane
379576,Brisbane
379577,Brisbane
379578,Brisbane
379579,Brisbane
379580,Brisbane
379581,Brisbane
379582,Brisbane
379583,Brisbane
379584,Brisbane
379585,Brisbane
379586,Perth
379587,Brisbane
379588,Brisbane
379589,Brisbane
379590,Brisbane
379591,Brisbane
379592,Brisbane
379593,Brisbane
379594,Brisbane
379595,Brisbane
379596,Brisbane
379597,Brisbane
379598,Brisbane
379599,Brisbane
379600,Brisbane
379601,Brisbane
379602,Brisbane
379603,Brisbane
379604,Brisbane
379605,Brisbane
379606,Brisbane
379607,Sydney
379608,Brisbane
379609,Brisbane
379610,Brisbane
379611,Brisbane
379612,Brisbane
379613,Perth
379614,Brisbane
379615,Brisbane
379616,Perth
379617,Brisbane
379618,Brisbane
379619,Brisbane
379620,Brisbane
379621,Brisbane
379622,Melbourne
379623,Brisbane
379624,Brisbane
379625,Brisbane
379626,Brisbane
379627,Brisbane
379628,Brisbane
379629,Brisbane
379630,Brisbane
379631,Brisbane
379632,Brisbane
379633,Brisbane
379634,Brisbane
379635,Perth
379636,Brisbane
379637,Brisbane
379638,Brisbane
379639,Brisbane
379640,Brisbane
379641,Brisbane
379642,Sydney
379643,Brisbane
379644,Brisbane
379645,Brisbane
379646,Brisbane
379647,Brisbane
379648,Perth
379649,Brisbane
379650,Brisbane
379651,Brisbane
379652,Brisbane
379653,Brisbane
379654,Brisbane
379655,Brisbane
379656,Brisbane
379657,Brisbane
379658,Brisbane
379659,Brisbane
379660,Brisbane
379661,Brisbane
379662,Brisbane
379663,Perth
379664,Perth
379665,Sydney
379666,Perth
379667,Brisbane
379668,Brisbane
379669,Sydney
379670,Brisbane
379671,Melbourne
379672,Brisbane
379673,Brisbane
379674,Brisbane
379675,Brisbane
379676,Brisbane
379677,Brisbane
379678,Brisbane
379679,Brisbane
379680,Brisbane
379681,Brisbane
379682,Brisbane
379683,Brisbane
379684,Brisbane
379685,Brisbane
379686,Perth
379687,Brisbane
379688,Brisbane
379689,Brisbane
379690,Perth
379691,Brisbane
379692,Brisbane
379693,Brisbane
379694,Brisbane
379695,Brisbane
379696,Perth
379697,Brisbane
379698,Brisbane
379699,Brisbane
379700,Brisbane
379701,Brisbane
379702,Brisbane
379703,Brisbane
379704,Brisbane
379705,Brisbane
379706,Brisbane
379707,Brisbane
379708,Brisbane
379709,Brisbane
379710,Brisbane
379711,Brisbane
379712,Melbourne
379713,Brisbane
379714,Brisbane
379715,Brisbane
379716,Brisbane
379717,Sydney
379718,Brisbane
379719,Brisbane
379720,Brisbane
379721,Brisbane
379722,Brisbane
379723,Brisbane
379724,Brisbane
379725,Melbourne
379726,Brisbane
379727,Brisbane
379728,Perth
379729,Brisbane
379730,Brisbane
379731,Brisbane
379732,Brisbane
379733,Brisbane
379734,Brisbane
379735,Brisbane
379736,Brisbane
379737,Brisbane
379738,Brisbane
379739,Brisbane
379740,Brisbane
379741,Perth
379742,Brisbane
379743,Brisbane
379744,Brisbane
379745,Brisbane
379746,Brisbane
379747,Brisbane
379748,Brisbane
379749,Brisbane
379750,Brisbane
379751,Brisbane
379752,Brisbane
379753,Brisbane
379754,Brisbane
379755,Brisbane
379756,Brisbane
379757,Melbourne
379758,Brisbane
379759,Brisbane
379760,Brisbane
379761,Brisbane
379762,Brisbane
379763,Brisbane
379764,Brisbane
379765,Brisbane
379766,Brisbane
379767,Brisbane
379768,Brisbane
379769,Brisbane
379770,Brisbane
379771,Brisbane
379772,Brisbane
379773,Brisbane
379774,Brisbane
379775,Brisbane
379776,Melbourne
379777,Brisbane
379778,Brisbane
379779,Brisbane
379780,Brisbane
379781,Brisbane
379782,Brisbane
379783,Brisbane
379784,Perth
379785,Brisbane
379786,Brisbane
379787,Brisbane
379788,Sydney
379789,Perth
379790,Brisbane
379791,Brisbane
379792,Brisbane
379793,Brisbane
379794,Brisbane
379795,Brisbane
379796,Brisbane
379797,Brisbane
379798,Melbourne
379799,Brisbane
379800,Brisbane
379801,Perth
379802,Brisbane
379803,Brisbane
379804,Brisbane
379805,Brisbane
379806,Brisbane
379807,Brisbane
379808,Brisbane
379809,Brisbane
379810,Brisbane
379811,Brisbane
379812,Brisbane
379813,Brisbane
379814,Brisbane
379815,Brisbane
379816,Brisbane
379817,Brisbane
379818,Brisbane
379819,Brisbane
379820,Melbourne
379821,Brisbane
379822,Brisbane
379823,Brisbane
379824,Brisbane
379825,Brisbane
379826,Brisbane
379827,Brisbane
379828,Melbourne
379829,Brisbane
379830,Brisbane
379831,Brisbane
379832,Brisbane
379833,Brisbane
379834,Brisbane
379835,Brisbane
379836,Brisbane
379837,Melbourne
379838,Brisbane
379839,Brisbane
379840,Brisbane
379841,Brisbane
379842,Brisbane
379843,Brisbane
379844,Sydney
379845,Brisbane
379846,Brisbane
379847,Brisbane
379848,Brisbane
379849,Perth
379850,Brisbane
379851,Brisbane
379852,Brisbane
379853,Brisbane
379854,Melbourne
379855,Brisbane
379856,Brisbane
379857,Melbourne
379858,Brisbane
379859,Brisbane
379860,Brisbane
379861,Brisbane
379862,Brisbane
379863,Brisbane
379864,Brisbane
379865,Brisbane
379866,Brisbane
379867,Brisbane
379868,Brisbane
379869,Brisbane
379870,Brisbane
379871,Brisbane
379872,Brisbane
379873,Brisbane
379874,Brisbane
379875,Brisbane
379876,Brisbane
379877,Brisbane
379878,Brisbane
379879,Brisbane
379880,Brisbane
379881,Brisbane
379882,Brisbane
379883,Brisbane
379884,Brisbane
379885,Brisbane
379886,Brisbane
379887,Brisbane
379888,Brisbane
379889,Brisbane
379890,Brisbane
379891,Perth
379892,Brisbane
379893,Brisbane
379894,Brisbane
379895,Perth
379896,Brisbane
379897,Brisbane
379898,Brisbane
379899,Brisbane
379900,Brisbane
379901,Brisbane
379902,Brisbane
379903,Sydney
379904,Brisbane
379905,Brisbane
379906,Brisbane
379907,Brisbane
379908,Brisbane
379909,Brisbane
379910,Brisbane
379911,Brisbane
379912,Melbourne
379913,Sydney
379914,Brisbane
379915,Brisbane
379916,Brisbane
379917,Brisbane
379918,Brisbane
379919,Sydney
379920,Brisbane
379921,Brisbane
379922,Brisbane
379923,Brisbane
379924,Brisbane
379925,Brisbane
379926,Brisbane
379927,Brisbane
379928,Brisbane
379929,Brisbane
379930,Sydney
379931,Melbourne
379932,Brisbane
379933,Brisbane
379934,Brisbane
379935,Brisbane
379936,Brisbane
379937,Brisbane
379938,Brisbane
379939,Brisbane
379940,Brisbane
379941,Brisbane
379942,Brisbane
379943,Brisbane
379944,Brisbane
379945,Brisbane
379946,Brisbane
379947,Brisbane
379948,Melbourne
379949,Brisbane
379950,Brisbane
379951,Brisbane
379952,Brisbane
379953,Brisbane
379954,Brisbane
379955,Brisbane
379956,Brisbane
379957,Brisbane
379958,Brisbane
379959,Brisbane
379960,Brisbane
379961,Brisbane
379962,Brisbane
379963,Brisbane
379964,Brisbane
379965,Perth
379966,Brisbane
379967,Brisbane
379968,Brisbane
379969,Brisbane
379970,Brisbane
379971,Brisbane
379972,Melbourne
379973,Brisbane
379974,Brisbane
379975,Brisbane
379976,Brisbane
379977,Melbourne
379978,Brisbane
379979,Brisbane
379980,Brisbane
379981,Brisbane
379982,Brisbane
379983,Brisbane
379984,Perth
379985,Brisbane
379986,Melbourne
379987,Perth
379988,Brisbane
379989,Brisbane
379990,Brisbane
379991,Brisbane
379992,Brisbane
379993,Brisbane
379994,Brisbane
379995,Brisbane
379996,Melbourne
379997,Brisbane
379998,Brisbane
379999,Brisbane
380000,Brisbane
380001,Brisbane
380002,Melbourne
380003,Brisbane
380004,Brisbane
380005,Brisbane
380006,Brisbane
380007,Brisbane
380008,Brisbane
380009,Brisbane
380010,Brisbane
380011,Brisbane
380012,Brisbane
380013,Brisbane
380014,Brisbane
380015,Brisbane
380016,Brisbane
380017,Brisbane
380018,Brisbane
380019,Brisbane
380020,Perth
380021,Sydney
380022,Brisbane
380023,Melbourne
380024,Brisbane
380025,Brisbane
380026,Brisbane
380027,Melbourne
380028,Brisbane
380029,Brisbane
380030,Brisbane
380031,Brisbane
380032,Brisbane
380033,Brisbane
380034,Brisbane
380035,Brisbane
380036,Brisbane
380037,Brisbane
380038,Brisbane
380039,Brisbane
380040,Brisbane
380041,Brisbane
380042,Brisbane
380043,Brisbane
380044,Brisbane
380045,Brisbane
380046,Brisbane
380047,Brisbane
380048,Brisbane
380049,Brisbane
380050,Brisbane
380051,Brisbane
380052,Brisbane
380053,Perth
380054,Brisbane
380055,Brisbane
380056,Brisbane
380057,Brisbane
380058,Brisbane
380059,Brisbane
380060,Brisbane
380061,Brisbane
380062,Brisbane
380063,Sydney
380064,Brisbane
380065,Brisbane
380066,Melbourne
380067,Brisbane
380068,Brisbane
380069,Brisbane
380070,Brisbane
380071,Brisbane
380072,Brisbane
380073,Brisbane
380074,Brisbane
380075,Brisbane
380076,Sydney
380077,Brisbane
380078,Brisbane
380079,Brisbane
380080,Brisbane
380081,Brisbane
380082,Sydney
380083,Brisbane
380084,Brisbane
380085,Perth
380086,Brisbane
380087,Brisbane
380088,Brisbane
380089,Brisbane
380090,Brisbane
380091,Brisbane
380092,Brisbane
380093,Brisbane
380094,Brisbane
380095,Brisbane
380096,Brisbane
380097,Brisbane
380098,Brisbane
380099,Brisbane
380100,Brisbane
380101,Perth
380102,Brisbane
380103,Brisbane
380104,Brisbane
380105,Brisbane
380106,Brisbane
380107,Brisbane
380108,Brisbane
380109,Brisbane
380110,Brisbane
380111,Brisbane
380112,Brisbane
380113,Brisbane
380114,Brisbane
380115,Brisbane
380116,Brisbane
380117,Brisbane
380118,Brisbane
380119,Brisbane
380120,Brisbane
380121,Brisbane
380122,Perth
380123,Brisbane
380124,Brisbane
380125,Brisbane
380126,Melbourne
380127,Melbourne
380128,Brisbane
380129,Brisbane
380130,Brisbane
380131,Brisbane
380132,Brisbane
380133,Brisbane
380134,Brisbane
380135,Brisbane
380136,Perth
380137,Brisbane
380138,Brisbane
380139,Brisbane
380140,Brisbane
380141,Brisbane
380142,Brisbane
380143,Brisbane
380144,Brisbane
380145,Brisbane
380146,Brisbane
380147,Brisbane
380148,Brisbane
380149,Brisbane
380150,Brisbane
380151,Brisbane
380152,Sydney
380153,Brisbane
380154,Sydney
380155,Brisbane
380156,Brisbane
380157,Brisbane
380158,Brisbane
380159,Brisbane
380160,Brisbane
380161,Brisbane
380162,Perth
380163,Brisbane
380164,Brisbane
380165,Brisbane
380166,Brisbane
380167,Brisbane
380168,Brisbane
380169,Brisbane
380170,Brisbane
380171,Brisbane
380172,Brisbane
380173,Brisbane
380174,Brisbane
380175,Brisbane
380176,Brisbane
380177,Brisbane
380178,Brisbane
380179,Brisbane
380180,Brisbane
380181,Brisbane
380182,Brisbane
380183,Brisbane
380184,Brisbane
380185,Brisbane
380186,Brisbane
380187,Brisbane
380188,Melbourne
380189,Brisbane
380190,Brisbane
380191,Brisbane
380192,Brisbane
380193,Brisbane
380194,Brisbane
380195,Brisbane
380196,Perth
380197,Brisbane
380198,Brisbane
380199,Brisbane
380200,Perth
380201,Brisbane
380202,Brisbane
380203,Brisbane
380204,Brisbane
380205,Brisbane
380206,Brisbane
380207,Brisbane
380208,Brisbane
380209,Brisbane
380210,Brisbane
380211,Brisbane
380212,Brisbane
380213,Brisbane
380214,Brisbane
380215,Brisbane
380216,Brisbane
380217,Brisbane
380218,Brisbane
380219,Brisbane
380220,Brisbane
380221,Brisbane
380222,Brisbane
380223,Brisbane
380224,Brisbane
380225,Brisbane
380226,Brisbane
380227,Brisbane
380228,Sydney
380229,Brisbane
380230,Brisbane
380231,Brisbane
380232,Brisbane
380233,Brisbane
380234,Brisbane
380235,Brisbane
380236,Brisbane
380237,Brisbane
380238,Brisbane
380239,Brisbane
380240,Brisbane
380241,Brisbane
380242,Brisbane
380243,Brisbane
380244,Brisbane
380245,Brisbane
380246,Perth
380247,Brisbane
380248,Brisbane
380249,Brisbane
380250,Brisbane
380251,Brisbane
380252,Brisbane
380253,Brisbane
380254,Brisbane
380255,Brisbane
380256,Brisbane
380257,Brisbane
380258,Brisbane
380259,Brisbane
380260,Brisbane
380261,Brisbane
380262,Brisbane
380263,Brisbane
380264,Sydney
380265,Brisbane
380266,Brisbane
380267,Brisbane
380268,Brisbane
380269,Brisbane
380270,Brisbane
380271,Brisbane
380272,Brisbane
380273,Brisbane
380274,Brisbane
380275,Brisbane
380276,Brisbane
380277,Brisbane
380278,Brisbane
380279,Brisbane
380280,Sydney
380281,Melbourne
380282,Brisbane
380283,Brisbane
380284,Brisbane
380285,Brisbane
380286,Brisbane
380287,Brisbane
380288,Brisbane
380289,Brisbane
380290,Brisbane
380291,Brisbane
380292,Brisbane
380293,Sydney
380294,Brisbane
380295,Brisbane
380296,Brisbane
380297,Brisbane
380298,Brisbane
380299,Brisbane
380300,Melbourne
380301,Brisbane
380302,Brisbane
380303,Sydney
380304,Brisbane
380305,Brisbane
380306,Brisbane
380307,Brisbane
380308,Brisbane
380309,Brisbane
380310,Brisbane
380311,Brisbane
380312,Brisbane
380313,Sydney
380314,Brisbane
380315,Brisbane
380316,Brisbane
380317,Sydney
380318,Brisbane
380319,Brisbane
380320,Brisbane
380321,Brisbane
380322,Brisbane
380323,Brisbane
380324,Brisbane
380325,Brisbane
380326,Brisbane
380327,Brisbane
380328,Brisbane
380329,Brisbane
380330,Brisbane
380331,Perth
380332,Brisbane
380333,Brisbane
380334,Brisbane
380335,Brisbane
380336,Brisbane
380337,Brisbane
380338,Brisbane
380339,Brisbane
380340,Perth
380341,Brisbane
380342,Brisbane
380343,Brisbane
380344,Brisbane
380345,Brisbane
380346,Brisbane
380347,Brisbane
380348,Brisbane
380349,Sydney
380350,Brisbane
380351,Brisbane
380352,Brisbane
380353,Brisbane
380354,Brisbane
380355,Brisbane
380356,Brisbane
380357,Brisbane
380358,Brisbane
380359,Brisbane
380360,Brisbane
380361,Sydney
380362,Melbourne
380363,Brisbane
380364,Melbourne
380365,Brisbane
380366,Perth
380367,Brisbane
380368,Brisbane
380369,Brisbane
380370,Brisbane
380371,Brisbane
380372,Brisbane
380373,Brisbane
380374,Sydney
380375,Brisbane
380376,Brisbane
380377,Brisbane
380378,Brisbane
380379,Brisbane
380380,Brisbane
380381,Brisbane
380382,Brisbane
380383,Brisbane
380384,Brisbane
380385,Brisbane
380386,Brisbane
380387,Brisbane
380388,Brisbane
380389,Brisbane
380390,Brisbane
380391,Brisbane
380392,Brisbane
380393,Brisbane
380394,Brisbane
380395,Brisbane
380396,Brisbane
380397,Brisbane
380398,Perth
380399,Brisbane
380400,Brisbane
380401,Brisbane
380402,Brisbane
380403,Brisbane
380404,Brisbane
380405,Brisbane
380406,Brisbane
380407,Brisbane
380408,Brisbane
380409,Brisbane
380410,Brisbane
380411,Brisbane
380412,Brisbane
380413,Brisbane
380414,Brisbane
380415,Brisbane
380416,Brisbane
380417,Brisbane
380418,Brisbane
380419,Brisbane
380420,Brisbane
380421,Brisbane
380422,Brisbane
380423,Brisbane
380424,Brisbane
380425,Brisbane
380426,Brisbane
380427,Brisbane
380428,Brisbane
380429,Brisbane
380430,Brisbane
380431,Brisbane
380432,Sydney
380433,Brisbane
380434,Sydney
380435,Brisbane
380436,Brisbane
380437,Brisbane
380438,Sydney
380439,Brisbane
380440,Brisbane
380441,Brisbane
380442,Brisbane
380443,Brisbane
380444,Brisbane
380445,Brisbane
380446,Sydney
380447,Brisbane
380448,Sydney
380449,Brisbane
380450,Brisbane
380451,Brisbane
380452,Brisbane
380453,Brisbane
380454,Brisbane
380455,Brisbane
380456,Melbourne
380457,Brisbane
380458,Brisbane
380459,Brisbane
380460,Brisbane
380461,Brisbane
380462,Brisbane
380463,Brisbane
380464,Brisbane
380465,Brisbane
380466,Brisbane
380467,Brisbane
380468,Brisbane
380469,Brisbane
380470,Brisbane
380471,Brisbane
380472,Brisbane
380473,Sydney
380474,Brisbane
380475,Brisbane
380476,Brisbane
380477,Brisbane
380478,Brisbane
380479,Brisbane
380480,Brisbane
380481,Brisbane
380482,Brisbane
380483,Melbourne
380484,Brisbane
380485,Brisbane
380486,Brisbane
380487,Brisbane
380488,Brisbane
380489,Brisbane
380490,Brisbane
380491,Brisbane
380492,Brisbane
380493,Brisbane
380494,Brisbane
380495,Brisbane
380496,Brisbane
380497,Brisbane
380498,Brisbane
380499,Brisbane
380500,Brisbane
380501,Brisbane
380502,Brisbane
380503,Brisbane
380504,Brisbane
380505,Brisbane
380506,Perth
380507,Brisbane
380508,Sydney
380509,Brisbane
380510,Brisbane
380511,Brisbane
380512,Brisbane
380513,Brisbane
380514,Brisbane
380515,Brisbane
380516,Brisbane
380517,Brisbane
380518,Brisbane
380519,Brisbane
380520,Brisbane
380521,Perth
380522,Brisbane
380523,Brisbane
380524,Brisbane
380525,Brisbane
380526,Melbourne
380527,Melbourne
380528,Brisbane
380529,Sydney
380530,Brisbane
380531,Melbourne
380532,Brisbane
380533,Brisbane
380534,Brisbane
380535,Brisbane
380536,Brisbane
380537,Brisbane
380538,Sydney
380539,Brisbane
380540,Brisbane
380541,Brisbane
380542,Brisbane
380543,Brisbane
380544,Brisbane
380545,Brisbane
380546,Brisbane
380547,Brisbane
380548,Melbourne
380549,Sydney
380550,Brisbane
380551,Brisbane
380552,Brisbane
380553,Brisbane
380554,Melbourne
380555,Brisbane
380556,Brisbane
380557,Brisbane
380558,Brisbane
380559,Brisbane
380560,Brisbane
380561,Sydney
380562,Brisbane
380563,Brisbane
380564,Brisbane
380565,Brisbane
380566,Brisbane
380567,Brisbane
380568,Sydney
380569,Brisbane
380570,Brisbane
380571,Brisbane
380572,Brisbane
380573,Sydney
380574,Brisbane
380575,Brisbane
380576,Brisbane
380577,Brisbane
380578,Brisbane
380579,Brisbane
380580,Brisbane
380581,Brisbane
380582,Brisbane
380583,Brisbane
380584,Brisbane
380585,Sydney
380586,Brisbane
380587,Brisbane
380588,Perth
380589,Brisbane
380590,Brisbane
380591,Brisbane
380592,Brisbane
380593,Brisbane
380594,Brisbane
380595,Brisbane
380596,Perth
380597,Brisbane
380598,Brisbane
380599,Brisbane
380600,Brisbane
380601,Brisbane
380602,Brisbane
380603,Brisbane
380604,Brisbane
380605,Brisbane
380606,Brisbane
380607,Brisbane
380608,Brisbane
380609,Brisbane
380610,Brisbane
380611,Brisbane
380612,Brisbane
380613,Sydney
380614,Brisbane
380615,Brisbane
380616,Brisbane
380617,Brisbane
380618,Brisbane
380619,Brisbane
380620,Brisbane
380621,Sydney
380622,Brisbane
380623,Brisbane
380624,Brisbane
380625,Brisbane
380626,Brisbane
380627,Brisbane
380628,Brisbane
380629,Brisbane
380630,Brisbane
380631,Brisbane
380632,Brisbane
380633,Brisbane
380634,Brisbane
380635,Brisbane
380636,Brisbane
380637,Brisbane
380638,Brisbane
380639,Brisbane
380640,Brisbane
380641,Brisbane
380642,Brisbane
380643,Brisbane
380644,Brisbane
380645,Brisbane
380646,Brisbane
380647,Brisbane
380648,Brisbane
380649,Brisbane
380650,Brisbane
380651,Sydney
380652,Brisbane
380653,Brisbane
380654,Brisbane
380655,Brisbane
380656,Brisbane
380657,Brisbane
380658,Brisbane
380659,Brisbane
380660,Brisbane
380661,Brisbane
380662,Brisbane
380663,Brisbane
380664,Brisbane
380665,Brisbane
380666,Brisbane
380667,Brisbane
380668,Brisbane
380669,Sydney
380670,Brisbane
380671,Brisbane
380672,Brisbane
380673,Brisbane
380674,Brisbane
380675,Brisbane
380676,Brisbane
380677,Brisbane
380678,Brisbane
380679,Brisbane
380680,Brisbane
380681,Brisbane
380682,Brisbane
380683,Brisbane
380684,Brisbane
380685,Brisbane
380686,Brisbane
380687,Sydney
380688,Brisbane
380689,Brisbane
380690,Brisbane
380691,Brisbane
380692,Brisbane
380693,Brisbane
380694,Brisbane
380695,Brisbane
380696,Brisbane
380697,Brisbane
380698,Sydney
380699,Brisbane
380700,Brisbane
380701,Brisbane
380702,Brisbane
380703,Brisbane
380704,Brisbane
380705,Brisbane
380706,Brisbane
380707,Brisbane
380708,Brisbane
380709,Brisbane
380710,Brisbane
380711,Brisbane
380712,Brisbane
380713,Brisbane
380714,Brisbane
380715,Brisbane
380716,Brisbane
380717,Brisbane
380718,Brisbane
380719,Brisbane
380720,Brisbane
380721,Brisbane
380722,Brisbane
380723,Brisbane
380724,Brisbane
380725,Perth
380726,Brisbane
380727,Perth
380728,Brisbane
380729,Brisbane
380730,Brisbane
380731,Brisbane
380732,Brisbane
380733,Brisbane
380734,Brisbane
380735,Sydney
380736,Brisbane
380737,Sydney
380738,Brisbane
380739,Brisbane
380740,Brisbane
380741,Brisbane
380742,Brisbane
380743,Perth
380744,Brisbane
380745,Brisbane
380746,Brisbane
380747,Brisbane
380748,Brisbane
380749,Brisbane
380750,Brisbane
380751,Brisbane
380752,Brisbane
380753,Brisbane
380754,Brisbane
380755,Brisbane
380756,Brisbane
380757,Brisbane
380758,Brisbane
380759,Brisbane
380760,Brisbane
380761,Brisbane
380762,Brisbane
380763,Brisbane
380764,Brisbane
380765,Brisbane
380766,Perth
380767,Brisbane
380768,Brisbane
380769,Perth
380770,Brisbane
380771,Brisbane
380772,Sydney
380773,Brisbane
380774,Brisbane
380775,Brisbane
380776,Brisbane
380777,Brisbane
380778,Brisbane
380779,Brisbane
380780,Brisbane
380781,Brisbane
380782,Brisbane
380783,Brisbane
380784,Sydney
380785,Brisbane
380786,Brisbane
380787,Brisbane
380788,Brisbane
380789,Brisbane
380790,Brisbane
380791,Perth
380792,Brisbane
380793,Brisbane
380794,Brisbane
380795,Brisbane
380796,Brisbane
380797,Brisbane
380798,Brisbane
380799,Brisbane
380800,Brisbane
380801,Brisbane
380802,Brisbane
380803,Brisbane
380804,Brisbane
380805,Brisbane
380806,Sydney
380807,Brisbane
380808,Brisbane
380809,Brisbane
380810,Brisbane
380811,Perth
380812,Brisbane
380813,Brisbane
380814,Brisbane
380815,Brisbane
380816,Brisbane
380817,Brisbane
380818,Brisbane
380819,Brisbane
380820,Brisbane
380821,Brisbane
380822,Brisbane
380823,Brisbane
380824,Brisbane
380825,Brisbane
380826,Brisbane
380827,Brisbane
380828,Brisbane
380829,Brisbane
380830,Brisbane
380831,Brisbane
380832,Brisbane
380833,Brisbane
380834,Sydney
380835,Brisbane
380836,Brisbane
380837,Sydney
380838,Brisbane
380839,Brisbane
380840,Brisbane
380841,Brisbane
380842,Brisbane
380843,Brisbane
380844,Brisbane
380845,Melbourne
380846,Brisbane
380847,Brisbane
380848,Brisbane
380849,Brisbane
380850,Brisbane
380851,Perth
380852,Brisbane
380853,Brisbane
380854,Brisbane
380855,Brisbane
380856,Sydney
380857,Brisbane
380858,Brisbane
380859,Brisbane
380860,Brisbane
380861,Sydney
380862,Brisbane
380863,Melbourne
380864,Brisbane
380865,Brisbane
380866,Brisbane
380867,Brisbane
380868,Brisbane
380869,Brisbane
380870,Brisbane
380871,Perth
380872,Brisbane
380873,Brisbane
380874,Brisbane
380875,Brisbane
380876,Brisbane
380877,Brisbane
380878,Brisbane
380879,Brisbane
380880,Brisbane
380881,Melbourne
380882,Brisbane
380883,Brisbane
380884,Brisbane
380885,Brisbane
380886,Brisbane
380887,Brisbane
380888,Brisbane
380889,Brisbane
380890,Brisbane
380891,Brisbane
380892,Brisbane
380893,Brisbane
380894,Brisbane
380895,Brisbane
380896,Brisbane
380897,Brisbane
380898,Brisbane
380899,Brisbane
380900,Melbourne
380901,Brisbane
380902,Perth
380903,Brisbane
380904,Brisbane
380905,Sydney
380906,Brisbane
380907,Brisbane
380908,Brisbane
380909,Brisbane
380910,Brisbane
380911,Brisbane
380912,Brisbane
380913,Perth
380914,Melbourne
380915,Brisbane
380916,Perth
380917,Brisbane
380918,Brisbane
380919,Brisbane
380920,Brisbane
380921,Brisbane
380922,Brisbane
380923,Brisbane
380924,Brisbane
380925,Brisbane
380926,Brisbane
380927,Brisbane
380928,Brisbane
380929,Brisbane
380930,Brisbane
380931,Brisbane
380932,Brisbane
380933,Brisbane
380934,Brisbane
380935,Brisbane
380936,Brisbane
380937,Sydney
380938,Brisbane
380939,Brisbane
380940,Brisbane
380941,Brisbane
380942,Brisbane
380943,Brisbane
380944,Brisbane
380945,Brisbane
380946,Melbourne
380947,Brisbane
380948,Brisbane
380949,Brisbane
380950,Brisbane
380951,Brisbane
380952,Brisbane
380953,Brisbane
380954,Sydney
380955,Brisbane
380956,Brisbane
380957,Sydney
380958,Brisbane
380959,Brisbane
380960,Brisbane
380961,Brisbane
380962,Brisbane
380963,Brisbane
380964,Brisbane
380965,Brisbane
380966,Brisbane
380967,Brisbane
380968,Brisbane
380969,Brisbane
380970,Brisbane
380971,Brisbane
380972,Brisbane
380973,Brisbane
380974,Brisbane
380975,Brisbane
380976,Sydney
380977,Brisbane
380978,Brisbane
380979,Melbourne
380980,Brisbane
380981,Brisbane
380982,Brisbane
380983,Brisbane
380984,Brisbane
380985,Brisbane
380986,Brisbane
380987,Brisbane
380988,Brisbane
380989,Brisbane
380990,Brisbane
380991,Brisbane
380992,Brisbane
380993,Brisbane
380994,Brisbane
380995,Brisbane
380996,Brisbane
380997,Brisbane
380998,Brisbane
380999,Brisbane
381000,Brisbane
381001,Melbourne
381002,Brisbane
381003,Brisbane
381004,Brisbane
381005,Brisbane
381006,Brisbane
381007,Brisbane
381008,Brisbane
381009,Brisbane
381010,Sydney
381011,Brisbane
381012,Perth
381013,Brisbane
381014,Brisbane
381015,Brisbane
381016,Brisbane
381017,Brisbane
381018,Brisbane
381019,Brisbane
381020,Melbourne
381021,Brisbane
381022,Melbourne
381023,Brisbane
381024,Brisbane
381025,Sydney
381026,Brisbane
381027,Brisbane
381028,Brisbane
381029,Brisbane
381030,Melbourne
381031,Brisbane
381032,Brisbane
381033,Brisbane
381034,Brisbane
381035,Brisbane
381036,Sydney
381037,Brisbane
381038,Brisbane
381039,Brisbane
381040,Brisbane
381041,Brisbane
381042,Brisbane
381043,Brisbane
381044,Brisbane
381045,Brisbane
381046,Brisbane
381047,Brisbane
381048,Brisbane
381049,Brisbane
381050,Brisbane
381051,Brisbane
381052,Brisbane
381053,Sydney
381054,Brisbane
381055,Brisbane
381056,Brisbane
381057,Brisbane
381058,Brisbane
381059,Brisbane
381060,Brisbane
381061,Brisbane
381062,Brisbane
381063,Brisbane
381064,Brisbane
381065,Brisbane
381066,Brisbane
381067,Perth
381068,Perth
381069,Perth
381070,Brisbane
381071,Brisbane
381072,Brisbane
381073,Brisbane
381074,Brisbane
381075,Brisbane
381076,Brisbane
381077,Brisbane
381078,Brisbane
381079,Brisbane
381080,Brisbane
381081,Brisbane
381082,Brisbane
381083,Brisbane
381084,Melbourne
381085,Brisbane
381086,Brisbane
381087,Brisbane
381088,Perth
381089,Brisbane
381090,Brisbane
381091,Sydney
381092,Brisbane
381093,Perth
381094,Brisbane
381095,Brisbane
381096,Sydney
381097,Brisbane
381098,Brisbane
381099,Brisbane
381100,Brisbane
381101,Brisbane
381102,Brisbane
381103,Brisbane
381104,Perth
381105,Brisbane
381106,Brisbane
381107,Perth
381108,Sydney
381109,Brisbane
381110,Perth
381111,Melbourne
381112,Brisbane
381113,Brisbane
381114,Brisbane
381115,Brisbane
381116,Brisbane
381117,Brisbane
381118,Brisbane
381119,Brisbane
381120,Brisbane
381121,Brisbane
381122,Sydney
381123,Brisbane
381124,Brisbane
381125,Brisbane
381126,Brisbane
381127,Brisbane
381128,Brisbane
381129,Brisbane
381130,Sydney
381131,Brisbane
381132,Perth
381133,Brisbane
381134,Brisbane
381135,Brisbane
381136,Brisbane
381137,Brisbane
381138,Brisbane
381139,Brisbane
381140,Brisbane
381141,Sydney
381142,Brisbane
381143,Brisbane
381144,Brisbane
381145,Melbourne
381146,Brisbane
381147,Brisbane
381148,Brisbane
381149,Brisbane
381150,Brisbane
381151,Brisbane
381152,Brisbane
381153,Brisbane
381154,Brisbane
381155,Brisbane
381156,Perth
381157,Brisbane
381158,Brisbane
381159,Brisbane
381160,Brisbane
381161,Brisbane
381162,Perth
381163,Brisbane
381164,Brisbane
381165,Brisbane
381166,Brisbane
381167,Brisbane
381168,Brisbane
381169,Brisbane
381170,Brisbane
381171,Brisbane
381172,Brisbane
381173,Brisbane
381174,Brisbane
381175,Brisbane
381176,Brisbane
381177,Brisbane
381178,Brisbane
381179,Brisbane
381180,Brisbane
381181,Brisbane
381182,Brisbane
381183,Brisbane
381184,Brisbane
381185,Brisbane
381186,Brisbane
381187,Perth
381188,Brisbane
381189,Brisbane
381190,Brisbane
381191,Brisbane
381192,Sydney
381193,Brisbane
381194,Brisbane
381195,Brisbane
381196,Brisbane
381197,Brisbane
381198,Brisbane
381199,Melbourne
381200,Brisbane
381201,Brisbane
381202,Brisbane
381203,Brisbane
381204,Brisbane
381205,Brisbane
381206,Brisbane
381207,Brisbane
381208,Brisbane
381209,Brisbane
381210,Perth
381211,Brisbane
381212,Brisbane
381213,Brisbane
381214,Sydney
381215,Brisbane
381216,Brisbane
381217,Brisbane
381218,Brisbane
381219,Brisbane
381220,Brisbane
381221,Brisbane
381222,Brisbane
381223,Brisbane
381224,Brisbane
381225,Brisbane
381226,Brisbane
381227,Brisbane
381228,Brisbane
381229,Brisbane
381230,Brisbane
381231,Brisbane
381232,Brisbane
381233,Brisbane
381234,Brisbane
381235,Brisbane
381236,Sydney
381237,Brisbane
381238,Brisbane
381239,Perth
381240,Brisbane
381241,Brisbane
381242,Brisbane
381243,Brisbane
381244,Brisbane
381245,Brisbane
381246,Brisbane
381247,Brisbane
381248,Brisbane
381249,Brisbane
381250,Brisbane
381251,Perth
381252,Brisbane
381253,Brisbane
381254,Brisbane
381255,Brisbane
381256,Brisbane
381257,Brisbane
381258,Brisbane
381259,Brisbane
381260,Brisbane
381261,Perth
381262,Brisbane
381263,Brisbane
381264,Brisbane
381265,Sydney
381266,Brisbane
381267,Brisbane
381268,Perth
381269,Brisbane
381270,Brisbane
381271,Brisbane
381272,Brisbane
381273,Brisbane
381274,Brisbane
381275,Melbourne
381276,Brisbane
381277,Brisbane
381278,Sydney
381279,Brisbane
381280,Brisbane
381281,Brisbane
381282,Brisbane
381283,Brisbane
381284,Brisbane
381285,Brisbane
381286,Brisbane
381287,Brisbane
381288,Brisbane
381289,Brisbane
381290,Brisbane
381291,Brisbane
381292,Brisbane
381293,Brisbane
381294,Brisbane
381295,Brisbane
381296,Brisbane
381297,Brisbane
381298,Brisbane
381299,Brisbane
381300,Brisbane
381301,Brisbane
381302,Brisbane
381303,Brisbane
381304,Brisbane
381305,Sydney
381306,Brisbane
381307,Brisbane
381308,Brisbane
381309,Perth
381310,Brisbane
381311,Brisbane
381312,Brisbane
381313,Brisbane
381314,Brisbane
381315,Brisbane
381316,Brisbane
381317,Brisbane
381318,Brisbane
381319,Brisbane
381320,Brisbane
381321,Perth
381322,Brisbane
381323,Brisbane
381324,Brisbane
381325,Brisbane
381326,Brisbane
381327,Brisbane
381328,Brisbane
381329,Brisbane
381330,Brisbane
381331,Brisbane
381332,Brisbane
381333,Brisbane
381334,Brisbane
381335,Brisbane
381336,Brisbane
381337,Brisbane
381338,Perth
381339,Brisbane
381340,Brisbane
381341,Brisbane
381342,Brisbane
381343,Brisbane
381344,Brisbane
381345,Brisbane
381346,Brisbane
381347,Brisbane
381348,Sydney
381349,Brisbane
381350,Brisbane
381351,Brisbane
381352,Brisbane
381353,Melbourne
381354,Brisbane
381355,Brisbane
381356,Brisbane
381357,Brisbane
381358,Brisbane
381359,Brisbane
381360,Brisbane
381361,Brisbane
381362,Brisbane
381363,Brisbane
381364,Brisbane
381365,Brisbane
381366,Brisbane
381367,Brisbane
381368,Brisbane
381369,Brisbane
381370,Brisbane
381371,Brisbane
381372,Brisbane
381373,Brisbane
381374,Brisbane
381375,Brisbane
381376,Brisbane
381377,Brisbane
381378,Brisbane
381379,Brisbane
381380,Brisbane
381381,Brisbane
381382,Brisbane
381383,Brisbane
381384,Brisbane
381385,Brisbane
381386,Brisbane
381387,Brisbane
381388,Brisbane
381389,Brisbane
381390,Brisbane
381391,Brisbane
381392,Brisbane
381393,Brisbane
381394,Brisbane
381395,Sydney
381396,Brisbane
381397,Brisbane
381398,Perth
381399,Brisbane
381400,Brisbane
381401,Brisbane
381402,Brisbane
381403,Brisbane
381404,Brisbane
381405,Brisbane
381406,Brisbane
381407,Brisbane
381408,Brisbane
381409,Brisbane
381410,Perth
381411,Brisbane
381412,Brisbane
381413,Brisbane
381414,Brisbane
381415,Brisbane
381416,Brisbane
381417,Brisbane
381418,Brisbane
381419,Brisbane
381420,Brisbane
381421,Brisbane
381422,Brisbane
381423,Brisbane
381424,Brisbane
381425,Brisbane
381426,Brisbane
381427,Brisbane
381428,Brisbane
381429,Brisbane
381430,Brisbane
381431,Brisbane
381432,Brisbane
381433,Brisbane
381434,Brisbane
381435,Brisbane
381436,Brisbane
381437,Brisbane
381438,Brisbane
381439,Brisbane
381440,Brisbane
381441,Brisbane
381442,Brisbane
381443,Brisbane
381444,Brisbane
381445,Brisbane
381446,Brisbane
381447,Brisbane
381448,Perth
381449,Brisbane
381450,Brisbane
381451,Brisbane
381452,Brisbane
381453,Perth
381454,Melbourne
381455,Perth
381456,Sydney
381457,Brisbane
381458,Brisbane
381459,Brisbane
381460,Brisbane
381461,Brisbane
381462,Brisbane
381463,Brisbane
381464,Brisbane
381465,Brisbane
381466,Brisbane
381467,Brisbane
381468,Brisbane
381469,Brisbane
381470,Brisbane
381471,Brisbane
381472,Brisbane
381473,Brisbane
381474,Brisbane
381475,Brisbane
381476,Brisbane
381477,Brisbane
381478,Brisbane
381479,Brisbane
381480,Brisbane
381481,Brisbane
381482,Brisbane
381483,Brisbane
381484,Brisbane
381485,Brisbane
381486,Brisbane
381487,Sydney
381488,Brisbane
381489,Brisbane
381490,Brisbane
381491,Sydney
381492,Brisbane
381493,Brisbane
381494,Brisbane
381495,Brisbane
381496,Brisbane
381497,Brisbane
381498,Brisbane
381499,Melbourne
381500,Brisbane
381501,Brisbane
381502,Brisbane
381503,Brisbane
381504,Brisbane
381505,Brisbane
381506,Brisbane
381507,Brisbane
381508,Brisbane
381509,Perth
381510,Brisbane
381511,Brisbane
381512,Brisbane
381513,Brisbane
381514,Brisbane
381515,Brisbane
381516,Brisbane
381517,Brisbane
381518,Brisbane
381519,Brisbane
381520,Brisbane
381521,Brisbane
381522,Brisbane
381523,Brisbane
381524,Brisbane
381525,Brisbane
381526,Brisbane
381527,Brisbane
381528,Brisbane
381529,Brisbane
381530,Brisbane
381531,Brisbane
381532,Sydney
381533,Brisbane
381534,Perth
381535,Brisbane
381536,Melbourne
381537,Brisbane
381538,Perth
381539,Brisbane
381540,Brisbane
381541,Brisbane
381542,Brisbane
381543,Brisbane
381544,Brisbane
381545,Brisbane
381546,Perth
381547,Brisbane
381548,Brisbane
381549,Brisbane
381550,Brisbane
381551,Brisbane
381552,Brisbane
381553,Brisbane
381554,Brisbane
381555,Brisbane
381556,Brisbane
381557,Brisbane
381558,Brisbane
381559,Brisbane
381560,Brisbane
381561,Brisbane
381562,Brisbane
381563,Brisbane
381564,Brisbane
381565,Brisbane
381566,Brisbane
381567,Brisbane
381568,Brisbane
381569,Perth
381570,Brisbane
381571,Brisbane
381572,Brisbane
381573,Brisbane
381574,Brisbane
381575,Perth
381576,Perth
381577,Brisbane
381578,Sydney
381579,Brisbane
381580,Brisbane
381581,Brisbane
381582,Brisbane
381583,Brisbane
381584,Brisbane
381585,Brisbane
381586,Brisbane
381587,Brisbane
381588,Brisbane
381589,Melbourne
381590,Brisbane
381591,Brisbane
381592,Brisbane
381593,Brisbane
381594,Brisbane
381595,Brisbane
381596,Brisbane
381597,Brisbane
381598,Brisbane
381599,Brisbane
381600,Perth
381601,Brisbane
381602,Brisbane
381603,Brisbane
381604,Brisbane
381605,Brisbane
381606,Brisbane
381607,Brisbane
381608,Brisbane
381609,Brisbane
381610,Brisbane
381611,Brisbane
381612,Brisbane
381613,Brisbane
381614,Brisbane
381615,Brisbane
381616,Brisbane
381617,Brisbane
381618,Brisbane
381619,Brisbane
381620,Brisbane
381621,Melbourne
381622,Brisbane
381623,Brisbane
381624,Brisbane
381625,Brisbane
381626,Brisbane
381627,Brisbane
381628,Brisbane
381629,Brisbane
381630,Brisbane
381631,Brisbane
381632,Sydney
381633,Brisbane
381634,Brisbane
381635,Brisbane
381636,Brisbane
381637,Brisbane
381638,Brisbane
381639,Brisbane
381640,Perth
381641,Brisbane
381642,Brisbane
381643,Brisbane
381644,Brisbane
381645,Perth
381646,Brisbane
381647,Brisbane
381648,Brisbane
381649,Brisbane
381650,Brisbane
381651,Brisbane
381652,Brisbane
381653,Brisbane
381654,Brisbane
381655,Brisbane
381656,Brisbane
381657,Brisbane
381658,Brisbane
381659,Brisbane
381660,Perth
381661,Brisbane
381662,Brisbane
381663,Brisbane
381664,Brisbane
381665,Brisbane
381666,Brisbane
381667,Brisbane
381668,Brisbane
381669,Brisbane
381670,Brisbane
381671,Brisbane
381672,Brisbane
381673,Brisbane
381674,Brisbane
381675,Brisbane
381676,Brisbane
381677,Brisbane
381678,Brisbane
381679,Brisbane
381680,Brisbane
381681,Perth
381682,Brisbane
381683,Brisbane
381684,Brisbane
381685,Brisbane
381686,Brisbane
381687,Brisbane
381688,Brisbane
381689,Brisbane
381690,Brisbane
381691,Brisbane
381692,Brisbane
381693,Brisbane
381694,Brisbane
381695,Brisbane
381696,Melbourne
381697,Melbourne
381698,Brisbane
381699,Brisbane
381700,Brisbane
381701,Sydney
381702,Brisbane
381703,Brisbane
381704,Brisbane
381705,Brisbane
381706,Brisbane
381707,Brisbane
381708,Melbourne
381709,Brisbane
381710,Brisbane
381711,Brisbane
381712,Brisbane
381713,Brisbane
381714,Brisbane
381715,Brisbane
381716,Melbourne
381717,Brisbane
381718,Perth
381719,Brisbane
381720,Brisbane
381721,Brisbane
381722,Brisbane
381723,Brisbane
381724,Brisbane
381725,Brisbane
381726,Brisbane
381727,Brisbane
381728,Brisbane
381729,Perth
381730,Brisbane
381731,Perth
381732,Brisbane
381733,Brisbane
381734,Brisbane
381735,Brisbane
381736,Brisbane
381737,Sydney
381738,Sydney
381739,Brisbane
381740,Brisbane
381741,Brisbane
381742,Brisbane
381743,Brisbane
381744,Perth
381745,Brisbane
381746,Brisbane
381747,Brisbane
381748,Brisbane
381749,Brisbane
381750,Brisbane
381751,Brisbane
381752,Brisbane
381753,Brisbane
381754,Brisbane
381755,Brisbane
381756,Brisbane
381757,Melbourne
381758,Brisbane
381759,Brisbane
381760,Brisbane
381761,Brisbane
381762,Brisbane
381763,Brisbane
381764,Brisbane
381765,Brisbane
381766,Brisbane
381767,Brisbane
381768,Brisbane
381769,Brisbane
381770,Brisbane
381771,Brisbane
381772,Brisbane
381773,Brisbane
381774,Brisbane
381775,Brisbane
381776,Brisbane
381777,Brisbane
381778,Brisbane
381779,Brisbane
381780,Brisbane
381781,Brisbane
381782,Brisbane
381783,Sydney
381784,Brisbane
381785,Melbourne
381786,Brisbane
381787,Brisbane
381788,Brisbane
381789,Brisbane
381790,Brisbane
381791,Brisbane
381792,Melbourne
381793,Sydney
381794,Brisbane
381795,Brisbane
381796,Brisbane
381797,Sydney
381798,Brisbane
381799,Brisbane
381800,Brisbane
381801,Brisbane
381802,Brisbane
381803,Brisbane
381804,Sydney
381805,Brisbane
381806,Brisbane
381807,Brisbane
381808,Brisbane
381809,Brisbane
381810,Brisbane
381811,Brisbane
381812,Sydney
381813,Brisbane
381814,Brisbane
381815,Brisbane
381816,Brisbane
381817,Melbourne
381818,Brisbane
381819,Brisbane
381820,Brisbane
381821,Brisbane
381822,Brisbane
381823,Brisbane
381824,Brisbane
381825,Brisbane
381826,Perth
381827,Brisbane
381828,Brisbane
381829,Brisbane
381830,Brisbane
381831,Brisbane
381832,Brisbane
381833,Brisbane
381834,Brisbane
381835,Brisbane
381836,Brisbane
381837,Brisbane
381838,Brisbane
381839,Brisbane
381840,Brisbane
381841,Brisbane
381842,Perth
381843,Brisbane
381844,Brisbane
381845,Brisbane
381846,Brisbane
381847,Brisbane
381848,Brisbane
381849,Brisbane
381850,Brisbane
381851,Brisbane
381852,Perth
381853,Brisbane
381854,Brisbane
381855,Brisbane
381856,Brisbane
381857,Brisbane
381858,Brisbane
381859,Brisbane
381860,Brisbane
381861,Brisbane
381862,Melbourne
381863,Brisbane
381864,Brisbane
381865,Brisbane
381866,Brisbane
381867,Brisbane
381868,Brisbane
381869,Brisbane
381870,Brisbane
381871,Brisbane
381872,Brisbane
381873,Brisbane
381874,Brisbane
381875,Brisbane
381876,Brisbane
381877,Brisbane
381878,Brisbane
381879,Brisbane
381880,Brisbane
381881,Brisbane
381882,Brisbane
381883,Brisbane
381884,Brisbane
381885,Brisbane
381886,Brisbane
381887,Perth
381888,Perth
381889,Brisbane
381890,Brisbane
381891,Brisbane
381892,Brisbane
381893,Brisbane
381894,Brisbane
381895,Brisbane
381896,Brisbane
381897,Perth
381898,Brisbane
381899,Brisbane
381900,Brisbane
381901,Sydney
381902,Brisbane
381903,Brisbane
381904,Brisbane
381905,Brisbane
381906,Brisbane
381907,Brisbane
381908,Brisbane
381909,Brisbane
381910,Brisbane
381911,Brisbane
381912,Perth
381913,Brisbane
381914,Brisbane
381915,Brisbane
381916,Brisbane
381917,Brisbane
381918,Brisbane
381919,Melbourne
381920,Brisbane
381921,Brisbane
381922,Brisbane
381923,Brisbane
381924,Brisbane
381925,Brisbane
381926,Brisbane
381927,Brisbane
381928,Brisbane
381929,Brisbane
381930,Brisbane
381931,Brisbane
381932,Brisbane
381933,Melbourne
381934,Brisbane
381935,Brisbane
381936,Brisbane
381937,Brisbane
381938,Brisbane
381939,Perth
381940,Brisbane
381941,Sydney
381942,Brisbane
381943,Brisbane
381944,Sydney
381945,Brisbane
381946,Brisbane
381947,Brisbane
381948,Brisbane
381949,Perth
381950,Brisbane
381951,Brisbane
381952,Brisbane
381953,Brisbane
381954,Brisbane
381955,Brisbane
381956,Brisbane
381957,Brisbane
381958,Sydney
381959,Brisbane
381960,Melbourne
381961,Brisbane
381962,Brisbane
381963,Brisbane
381964,Brisbane
381965,Brisbane
381966,Brisbane
381967,Brisbane
381968,Brisbane
381969,Brisbane
381970,Brisbane
381971,Brisbane
381972,Brisbane
381973,Brisbane
381974,Perth
381975,Brisbane
381976,Sydney
381977,Sydney
381978,Sydney
381979,Melbourne
381980,Brisbane
381981,Brisbane
381982,Brisbane
381983,Brisbane
381984,Brisbane
381985,Brisbane
381986,Brisbane
381987,Brisbane
381988,Brisbane
381989,Brisbane
381990,Brisbane
381991,Brisbane
381992,Brisbane
381993,Brisbane
381994,Brisbane
381995,Brisbane
381996,Brisbane
381997,Brisbane
381998,Brisbane
381999,Brisbane
382000,Brisbane
382001,Brisbane
382002,Brisbane
382003,Brisbane
382004,Brisbane
382005,Brisbane
382006,Brisbane
382007,Brisbane
382008,Brisbane
382009,Brisbane
382010,Perth
382011,Brisbane
382012,Brisbane
382013,Brisbane
382014,Brisbane
382015,Brisbane
382016,Brisbane
382017,Brisbane
382018,Brisbane
382019,Brisbane
382020,Brisbane
382021,Brisbane
382022,Brisbane
382023,Brisbane
382024,Melbourne
382025,Brisbane
382026,Brisbane
382027,Brisbane
382028,Brisbane
382029,Brisbane
382030,Brisbane
382031,Brisbane
382032,Sydney
382033,Brisbane
382034,Brisbane
382035,Brisbane
382036,Brisbane
382037,Brisbane
382038,Brisbane
382039,Brisbane
382040,Brisbane
382041,Brisbane
382042,Brisbane
382043,Brisbane
382044,Brisbane
382045,Brisbane
382046,Brisbane
382047,Brisbane
382048,Perth
382049,Brisbane
382050,Brisbane
382051,Brisbane
382052,Brisbane
382053,Sydney
382054,Brisbane
382055,Brisbane
382056,Brisbane
382057,Brisbane
382058,Brisbane
382059,Brisbane
382060,Brisbane
382061,Brisbane
382062,Brisbane
382063,Brisbane
382064,Brisbane
382065,Brisbane
382066,Melbourne
382067,Brisbane
382068,Brisbane
382069,Brisbane
382070,Sydney
382071,Brisbane
382072,Brisbane
382073,Perth
382074,Brisbane
382075,Brisbane
382076,Brisbane
382077,Perth
382078,Brisbane
382079,Brisbane
382080,Brisbane
382081,Brisbane
382082,Brisbane
382083,Melbourne
382084,Brisbane
382085,Brisbane
382086,Brisbane
382087,Brisbane
382088,Perth
382089,Brisbane
382090,Brisbane
382091,Brisbane
382092,Brisbane
382093,Brisbane
382094,Brisbane
382095,Brisbane
382096,Brisbane
382097,Brisbane
382098,Brisbane
382099,Brisbane
382100,Brisbane
382101,Brisbane
382102,Brisbane
382103,Brisbane
382104,Brisbane
382105,Brisbane
382106,Brisbane
382107,Brisbane
382108,Brisbane
382109,Brisbane
382110,Brisbane
382111,Brisbane
382112,Brisbane
382113,Brisbane
382114,Brisbane
382115,Brisbane
382116,Sydney
382117,Brisbane
382118,Brisbane
382119,Perth
382120,Brisbane
382121,Brisbane
382122,Brisbane
382123,Brisbane
382124,Brisbane
382125,Brisbane
382126,Brisbane
382127,Brisbane
382128,Brisbane
382129,Brisbane
382130,Brisbane
382131,Brisbane
382132,Brisbane
382133,Brisbane
382134,Brisbane
382135,Brisbane
382136,Brisbane
382137,Brisbane
382138,Brisbane
382139,Brisbane
382140,Brisbane
382141,Brisbane
382142,Brisbane
382143,Brisbane
382144,Brisbane
382145,Brisbane
382146,Brisbane
382147,Brisbane
382148,Brisbane
382149,Brisbane
382150,Brisbane
382151,Brisbane
382152,Brisbane
382153,Brisbane
382154,Brisbane
382155,Brisbane
382156,Brisbane
382157,Brisbane
382158,Brisbane
382159,Brisbane
382160,Brisbane
382161,Brisbane
382162,Brisbane
382163,Brisbane
382164,Brisbane
382165,Brisbane
382166,Brisbane
382167,Brisbane
382168,Brisbane
382169,Brisbane
382170,Brisbane
382171,Melbourne
382172,Brisbane
382173,Brisbane
382174,Brisbane
382175,Brisbane
382176,Brisbane
382177,Brisbane
382178,Brisbane
382179,Brisbane
382180,Brisbane
382181,Brisbane
382182,Sydney
382183,Brisbane
382184,Perth
382185,Brisbane
382186,Brisbane
382187,Brisbane
382188,Brisbane
382189,Brisbane
382190,Brisbane
382191,Perth
382192,Brisbane
382193,Brisbane
382194,Brisbane
382195,Brisbane
382196,Brisbane
382197,Brisbane
382198,Brisbane
382199,Brisbane
382200,Brisbane
382201,Brisbane
382202,Brisbane
382203,Brisbane
382204,Brisbane
382205,Brisbane
382206,Sydney
382207,Brisbane
382208,Brisbane
382209,Brisbane
382210,Brisbane
382211,Brisbane
382212,Brisbane
382213,Brisbane
382214,Brisbane
382215,Brisbane
382216,Brisbane
382217,Brisbane
382218,Brisbane
382219,Brisbane
382220,Brisbane
382221,Melbourne
382222,Brisbane
382223,Brisbane
382224,Brisbane
382225,Brisbane
382226,Brisbane
382227,Brisbane
382228,Sydney
382229,Brisbane
382230,Brisbane
382231,Brisbane
382232,Brisbane
382233,Brisbane
382234,Brisbane
382235,Brisbane
382236,Brisbane
382237,Brisbane
382238,Brisbane
382239,Brisbane
382240,Brisbane
382241,Brisbane
382242,Brisbane
382243,Melbourne
382244,Brisbane
382245,Brisbane
382246,Brisbane
382247,Brisbane
382248,Brisbane
382249,Brisbane
382250,Brisbane
382251,Brisbane
382252,Brisbane
382253,Brisbane
382254,Brisbane
382255,Brisbane
382256,Brisbane
382257,Brisbane
382258,Brisbane
382259,Brisbane
382260,Brisbane
382261,Brisbane
382262,Brisbane
382263,Brisbane
382264,Brisbane
382265,Brisbane
382266,Brisbane
382267,Brisbane
382268,Brisbane
382269,Brisbane
382270,Brisbane
382271,Brisbane
382272,Brisbane
382273,Brisbane
382274,Brisbane
382275,Brisbane
382276,Brisbane
382277,Brisbane
382278,Brisbane
382279,Brisbane
382280,Sydney
382281,Brisbane
382282,Brisbane
382283,Brisbane
382284,Brisbane
382285,Brisbane
382286,Brisbane
382287,Brisbane
382288,Brisbane
382289,Brisbane
382290,Brisbane
382291,Brisbane
382292,Brisbane
382293,Brisbane
382294,Brisbane
382295,Brisbane
382296,Brisbane
382297,Brisbane
382298,Perth
382299,Brisbane
382300,Brisbane
382301,Brisbane
382302,Brisbane
382303,Brisbane
382304,Brisbane
382305,Sydney
382306,Brisbane
382307,Brisbane
382308,Brisbane
382309,Brisbane
382310,Brisbane
382311,Brisbane
382312,Brisbane
382313,Brisbane
382314,Brisbane
382315,Brisbane
382316,Perth
382317,Brisbane
382318,Brisbane
382319,Sydney
382320,Brisbane
382321,Perth
382322,Brisbane
382323,Brisbane
382324,Brisbane
382325,Brisbane
382326,Perth
382327,Brisbane
382328,Sydney
382329,Brisbane
382330,Brisbane
382331,Brisbane
382332,Brisbane
382333,Melbourne
382334,Brisbane
382335,Brisbane
382336,Brisbane
382337,Brisbane
382338,Brisbane
382339,Brisbane
382340,Sydney
382341,Brisbane
382342,Brisbane
382343,Brisbane
382344,Brisbane
382345,Brisbane
382346,Brisbane
382347,Brisbane
382348,Brisbane
382349,Brisbane
382350,Brisbane
382351,Brisbane
382352,Brisbane
382353,Brisbane
382354,Brisbane
382355,Brisbane
382356,Brisbane
382357,Brisbane
382358,Sydney
382359,Brisbane
382360,Brisbane
382361,Brisbane
382362,Brisbane
382363,Sydney
382364,Brisbane
382365,Perth
382366,Brisbane
382367,Brisbane
382368,Brisbane
382369,Brisbane
382370,Brisbane
382371,Brisbane
382372,Brisbane
382373,Brisbane
382374,Brisbane
382375,Brisbane
382376,Brisbane
382377,Brisbane
382378,Brisbane
382379,Brisbane
382380,Brisbane
382381,Brisbane
382382,Brisbane
382383,Brisbane
382384,Brisbane
382385,Brisbane
382386,Brisbane
382387,Brisbane
382388,Brisbane
382389,Brisbane
382390,Brisbane
382391,Brisbane
382392,Brisbane
382393,Brisbane
382394,Brisbane
382395,Brisbane
382396,Brisbane
382397,Brisbane
382398,Perth
382399,Brisbane
382400,Brisbane
382401,Brisbane
382402,Brisbane
382403,Brisbane
382404,Brisbane
382405,Brisbane
382406,Brisbane
382407,Brisbane
382408,Brisbane
382409,Brisbane
382410,Brisbane
382411,Brisbane
382412,Brisbane
382413,Brisbane
382414,Brisbane
382415,Brisbane
382416,Brisbane
382417,Brisbane
382418,Brisbane
382419,Brisbane
382420,Brisbane
382421,Melbourne
382422,Brisbane
382423,Brisbane
382424,Brisbane
382425,Brisbane
382426,Brisbane
382427,Perth
382428,Brisbane
382429,Brisbane
382430,Brisbane
382431,Brisbane
382432,Brisbane
382433,Brisbane
382434,Melbourne
382435,Brisbane
382436,Brisbane
382437,Brisbane
382438,Brisbane
382439,Brisbane
382440,Melbourne
382441,Perth
382442,Brisbane
382443,Brisbane
382444,Brisbane
382445,Melbourne
382446,Brisbane
382447,Brisbane
382448,Brisbane
382449,Brisbane
382450,Brisbane
382451,Brisbane
382452,Brisbane
382453,Brisbane
382454,Melbourne
382455,Brisbane
382456,Sydney
382457,Brisbane
382458,Brisbane
382459,Brisbane
382460,Brisbane
382461,Brisbane
382462,Brisbane
382463,Brisbane
382464,Brisbane
382465,Brisbane
382466,Brisbane
382467,Brisbane
382468,Brisbane
382469,Brisbane
382470,Sydney
382471,Brisbane
382472,Melbourne
382473,Brisbane
382474,Brisbane
382475,Brisbane
382476,Brisbane
382477,Brisbane
382478,Melbourne
382479,Brisbane
382480,Brisbane
382481,Brisbane
382482,Brisbane
382483,Brisbane
382484,Brisbane
382485,Brisbane
382486,Brisbane
382487,Brisbane
382488,Brisbane
382489,Brisbane
382490,Brisbane
382491,Brisbane
382492,Brisbane
382493,Brisbane
382494,Melbourne
382495,Brisbane
382496,Brisbane
382497,Brisbane
382498,Brisbane
382499,Brisbane
382500,Brisbane
382501,Brisbane
382502,Brisbane
382503,Brisbane
382504,Brisbane
382505,Brisbane
382506,Brisbane
382507,Brisbane
382508,Brisbane
382509,Brisbane
382510,Sydney
382511,Brisbane
382512,Brisbane
382513,Brisbane
382514,Brisbane
382515,Brisbane
382516,Brisbane
382517,Brisbane
382518,Brisbane
382519,Brisbane
382520,Brisbane
382521,Brisbane
382522,Brisbane
382523,Brisbane
382524,Brisbane
382525,Brisbane
382526,Perth
382527,Brisbane
382528,Brisbane
382529,Sydney
382530,Brisbane
382531,Brisbane
382532,Perth
382533,Brisbane
382534,Brisbane
382535,Brisbane
382536,Brisbane
382537,Brisbane
382538,Brisbane
382539,Brisbane
382540,Brisbane
382541,Brisbane
382542,Brisbane
382543,Brisbane
382544,Brisbane
382545,Brisbane
382546,Brisbane
382547,Brisbane
382548,Brisbane
382549,Brisbane
382550,Sydney
382551,Brisbane
382552,Brisbane
382553,Brisbane
382554,Brisbane
382555,Brisbane
382556,Brisbane
382557,Brisbane
382558,Brisbane
382559,Brisbane
382560,Brisbane
382561,Brisbane
382562,Sydney
382563,Perth
382564,Brisbane
382565,Brisbane
382566,Brisbane
382567,Brisbane
382568,Brisbane
382569,Sydney
382570,Sydney
382571,Brisbane
382572,Brisbane
382573,Brisbane
382574,Brisbane
382575,Brisbane
382576,Brisbane
382577,Brisbane
382578,Brisbane
382579,Brisbane
382580,Sydney
382581,Brisbane
382582,Brisbane
382583,Brisbane
382584,Brisbane
382585,Brisbane
382586,Brisbane
382587,Brisbane
382588,Brisbane
382589,Brisbane
382590,Brisbane
382591,Brisbane
382592,Brisbane
382593,Brisbane
382594,Brisbane
382595,Brisbane
382596,Brisbane
382597,Brisbane
382598,Brisbane
382599,Brisbane
382600,Melbourne
382601,Brisbane
382602,Brisbane
382603,Brisbane
382604,Melbourne
382605,Brisbane
382606,Brisbane
382607,Sydney
382608,Brisbane
382609,Brisbane
382610,Brisbane
382611,Brisbane
382612,Brisbane
382613,Brisbane
382614,Brisbane
382615,Melbourne
382616,Brisbane
382617,Brisbane
382618,Brisbane
382619,Brisbane
382620,Brisbane
382621,Brisbane
382622,Brisbane
382623,Brisbane
382624,Sydney
382625,Brisbane
382626,Brisbane
382627,Brisbane
382628,Brisbane
382629,Brisbane
382630,Brisbane
382631,Brisbane
382632,Brisbane
382633,Brisbane
382634,Melbourne
382635,Brisbane
382636,Perth
382637,Brisbane
382638,Brisbane
382639,Brisbane
382640,Brisbane
382641,Brisbane
382642,Brisbane
382643,Brisbane
382644,Brisbane
382645,Brisbane
382646,Brisbane
382647,Brisbane
382648,Brisbane
382649,Brisbane
382650,Brisbane
382651,Brisbane
382652,Brisbane
382653,Perth
382654,Brisbane
382655,Brisbane
382656,Brisbane
382657,Perth
382658,Brisbane
382659,Brisbane
382660,Brisbane
382661,Brisbane
382662,Brisbane
382663,Brisbane
382664,Brisbane
382665,Brisbane
382666,Brisbane
382667,Brisbane
382668,Brisbane
382669,Brisbane
382670,Brisbane
382671,Perth
382672,Brisbane
382673,Perth
382674,Sydney
382675,Brisbane
382676,Brisbane
382677,Brisbane
382678,Brisbane
382679,Perth
382680,Brisbane
382681,Perth
382682,Brisbane
382683,Brisbane
382684,Brisbane
382685,Brisbane
382686,Brisbane
382687,Brisbane
382688,Brisbane
382689,Brisbane
382690,Brisbane
382691,Brisbane
382692,Brisbane
382693,Brisbane
382694,Brisbane
382695,Brisbane
382696,Melbourne
382697,Brisbane
382698,Brisbane
382699,Brisbane
382700,Perth
382701,Brisbane
382702,Brisbane
382703,Brisbane
382704,Brisbane
382705,Sydney
382706,Brisbane
382707,Brisbane
382708,Brisbane
382709,Melbourne
382710,Brisbane
382711,Brisbane
382712,Brisbane
382713,Brisbane
382714,Brisbane
382715,Brisbane
382716,Brisbane
382717,Brisbane
382718,Brisbane
382719,Brisbane
382720,Brisbane
382721,Perth
382722,Brisbane
382723,Brisbane
382724,Brisbane
382725,Brisbane
382726,Brisbane
382727,Brisbane
382728,Brisbane
382729,Brisbane
382730,Brisbane
382731,Brisbane
382732,Brisbane
382733,Brisbane
382734,Brisbane
382735,Brisbane
382736,Brisbane
382737,Brisbane
382738,Brisbane
382739,Brisbane
382740,Brisbane
382741,Brisbane
382742,Brisbane
382743,Brisbane
382744,Brisbane
382745,Brisbane
382746,Brisbane
382747,Brisbane
382748,Brisbane
382749,Brisbane
382750,Brisbane
382751,Brisbane
382752,Brisbane
382753,Perth
382754,Brisbane
382755,Brisbane
382756,Brisbane
382757,Brisbane
382758,Brisbane
382759,Brisbane
382760,Brisbane
382761,Melbourne
382762,Brisbane
382763,Brisbane
382764,Brisbane
382765,Brisbane
382766,Brisbane
382767,Brisbane
382768,Brisbane
382769,Brisbane
382770,Brisbane
382771,Brisbane
382772,Brisbane
382773,Brisbane
382774,Brisbane
382775,Brisbane
382776,Brisbane
382777,Brisbane
382778,Brisbane
382779,Brisbane
382780,Brisbane
382781,Brisbane
382782,Brisbane
382783,Brisbane
382784,Brisbane
382785,Sydney
382786,Brisbane
382787,Sydney
382788,Brisbane
382789,Perth
382790,Brisbane
382791,Brisbane
382792,Brisbane
382793,Brisbane
382794,Brisbane
382795,Brisbane
382796,Brisbane
382797,Brisbane
382798,Perth
382799,Brisbane
382800,Brisbane
382801,Melbourne
382802,Brisbane
382803,Brisbane
382804,Brisbane
382805,Brisbane
382806,Brisbane
382807,Brisbane
382808,Brisbane
382809,Brisbane
382810,Brisbane
382811,Brisbane
382812,Brisbane
382813,Brisbane
382814,Brisbane
382815,Perth
382816,Perth
382817,Brisbane
382818,Brisbane
382819,Brisbane
382820,Perth
382821,Brisbane
382822,Brisbane
382823,Brisbane
382824,Brisbane
382825,Brisbane
382826,Brisbane
382827,Brisbane
382828,Brisbane
382829,Perth
382830,Brisbane
382831,Brisbane
382832,Brisbane
382833,Brisbane
382834,Brisbane
382835,Brisbane
382836,Brisbane
382837,Brisbane
382838,Brisbane
382839,Brisbane
382840,Brisbane
382841,Sydney
382842,Brisbane
382843,Brisbane
382844,Brisbane
382845,Brisbane
382846,Brisbane
382847,Brisbane
382848,Brisbane
382849,Brisbane
382850,Brisbane
382851,Brisbane
382852,Brisbane
382853,Brisbane
382854,Brisbane
382855,Brisbane
382856,Brisbane
382857,Brisbane
382858,Brisbane
382859,Brisbane
382860,Brisbane
382861,Brisbane
382862,Brisbane
382863,Brisbane
382864,Brisbane
382865,Brisbane
382866,Brisbane
382867,Brisbane
382868,Brisbane
382869,Brisbane
382870,Brisbane
382871,Brisbane
382872,Brisbane
382873,Brisbane
382874,Brisbane
382875,Brisbane
382876,Brisbane
382877,Brisbane
382878,Brisbane
382879,Brisbane
382880,Brisbane
382881,Brisbane
382882,Brisbane
382883,Brisbane
382884,Brisbane
382885,Melbourne
382886,Brisbane
382887,Brisbane
382888,Brisbane
382889,Brisbane
382890,Brisbane
382891,Brisbane
382892,Sydney
382893,Brisbane
382894,Brisbane
382895,Brisbane
382896,Brisbane
382897,Perth
382898,Brisbane
382899,Brisbane
382900,Brisbane
382901,Brisbane
382902,Brisbane
382903,Perth
382904,Brisbane
382905,Brisbane
382906,Brisbane
382907,Brisbane
382908,Brisbane
382909,Brisbane
382910,Brisbane
382911,Brisbane
382912,Brisbane
382913,Brisbane
382914,Brisbane
382915,Brisbane
382916,Brisbane
382917,Brisbane
382918,Brisbane
382919,Brisbane
382920,Brisbane
382921,Brisbane
382922,Brisbane
382923,Brisbane
382924,Sydney
382925,Sydney
382926,Brisbane
382927,Brisbane
382928,Brisbane
382929,Brisbane
382930,Sydney
382931,Brisbane
382932,Brisbane
382933,Brisbane
382934,Brisbane
382935,Brisbane
382936,Brisbane
382937,Brisbane
382938,Brisbane
382939,Brisbane
382940,Melbourne
382941,Brisbane
382942,Brisbane
382943,Brisbane
382944,Brisbane
382945,Brisbane
382946,Brisbane
382947,Brisbane
382948,Brisbane
382949,Perth
382950,Brisbane
382951,Sydney
382952,Brisbane
382953,Brisbane
382954,Brisbane
382955,Brisbane
382956,Brisbane
382957,Brisbane
382958,Brisbane
382959,Brisbane
382960,Brisbane
382961,Brisbane
382962,Brisbane
382963,Brisbane
382964,Brisbane
382965,Perth
382966,Brisbane
382967,Brisbane
382968,Brisbane
382969,Brisbane
382970,Brisbane
382971,Brisbane
382972,Sydney
382973,Brisbane
382974,Brisbane
382975,Brisbane
382976,Brisbane
382977,Brisbane
382978,Brisbane
382979,Brisbane
382980,Brisbane
382981,Brisbane
382982,Brisbane
382983,Brisbane
382984,Brisbane
382985,Brisbane
382986,Melbourne
382987,Brisbane
382988,Brisbane
382989,Brisbane
382990,Brisbane
382991,Brisbane
382992,Brisbane
382993,Brisbane
382994,Brisbane
382995,Brisbane
382996,Brisbane
382997,Brisbane
382998,Brisbane
382999,Brisbane
383000,Brisbane
383001,Brisbane
383002,Perth
383003,Brisbane
383004,Brisbane
383005,Brisbane
383006,Brisbane
383007,Brisbane
383008,Brisbane
383009,Brisbane
383010,Brisbane
383011,Brisbane
383012,Brisbane
383013,Brisbane
383014,Brisbane
383015,Perth
383016,Brisbane
383017,Brisbane
383018,Brisbane
383019,Perth
383020,Brisbane
383021,Brisbane
383022,Sydney
383023,Sydney
383024,Brisbane
383025,Perth
383026,Brisbane
383027,Brisbane
383028,Brisbane
383029,Brisbane
383030,Brisbane
383031,Brisbane
383032,Brisbane
383033,Melbourne
383034,Brisbane
383035,Brisbane
383036,Brisbane
383037,Brisbane
383038,Brisbane
383039,Sydney
383040,Perth
383041,Brisbane
383042,Brisbane
383043,Melbourne
383044,Brisbane
383045,Brisbane
383046,Melbourne
383047,Brisbane
383048,Brisbane
383049,Brisbane
383050,Brisbane
383051,Brisbane
383052,Brisbane
383053,Brisbane
383054,Brisbane
383055,Brisbane
383056,Brisbane
383057,Sydney
383058,Brisbane
383059,Brisbane
383060,Brisbane
383061,Brisbane
383062,Brisbane
383063,Brisbane
383064,Brisbane
383065,Brisbane
383066,Brisbane
383067,Brisbane
383068,Brisbane
383069,Brisbane
383070,Brisbane
383071,Brisbane
383072,Brisbane
383073,Brisbane
383074,Brisbane
383075,Brisbane
383076,Brisbane
383077,Brisbane
383078,Brisbane
383079,Brisbane
383080,Brisbane
383081,Brisbane
383082,Brisbane
383083,Brisbane
383084,Melbourne
383085,Brisbane
383086,Brisbane
383087,Brisbane
383088,Brisbane
383089,Sydney
383090,Brisbane
383091,Brisbane
383092,Brisbane
383093,Brisbane
383094,Brisbane
383095,Brisbane
383096,Brisbane
383097,Brisbane
383098,Brisbane
383099,Brisbane
383100,Brisbane
383101,Brisbane
383102,Brisbane
383103,Brisbane
383104,Brisbane
383105,Brisbane
383106,Brisbane
383107,Brisbane
383108,Brisbane
383109,Brisbane
383110,Perth
383111,Brisbane
383112,Brisbane
383113,Brisbane
383114,Melbourne
383115,Brisbane
383116,Brisbane
383117,Brisbane
383118,Brisbane
383119,Perth
383120,Perth
383121,Brisbane
383122,Brisbane
383123,Brisbane
383124,Brisbane
383125,Brisbane
383126,Brisbane
383127,Brisbane
383128,Brisbane
383129,Brisbane
383130,Brisbane
383131,Brisbane
383132,Brisbane
383133,Brisbane
383134,Brisbane
383135,Brisbane
383136,Brisbane
383137,Brisbane
383138,Brisbane
383139,Brisbane
383140,Brisbane
383141,Brisbane
383142,Brisbane
383143,Brisbane
383144,Brisbane
383145,Brisbane
383146,Brisbane
383147,Brisbane
383148,Sydney
383149,Brisbane
383150,Brisbane
383151,Brisbane
383152,Brisbane
383153,Brisbane
383154,Perth
383155,Brisbane
383156,Brisbane
383157,Brisbane
383158,Brisbane
383159,Brisbane
383160,Perth
383161,Brisbane
383162,Brisbane
383163,Brisbane
383164,Brisbane
383165,Brisbane
383166,Melbourne
383167,Brisbane
383168,Brisbane
383169,Brisbane
383170,Brisbane
383171,Brisbane
383172,Brisbane
383173,Brisbane
383174,Brisbane
383175,Brisbane
383176,Brisbane
383177,Brisbane
383178,Brisbane
383179,Brisbane
383180,Brisbane
383181,Brisbane
383182,Brisbane
383183,Brisbane
383184,Perth
383185,Brisbane
383186,Brisbane
383187,Brisbane
383188,Brisbane
383189,Brisbane
383190,Brisbane
383191,Brisbane
383192,Brisbane
383193,Brisbane
383194,Brisbane
383195,Brisbane
383196,Brisbane
383197,Brisbane
383198,Brisbane
383199,Perth
383200,Brisbane
383201,Brisbane
383202,Brisbane
383203,Perth
383204,Brisbane
383205,Brisbane
383206,Perth
383207,Brisbane
383208,Brisbane
383209,Brisbane
383210,Brisbane
383211,Brisbane
383212,Brisbane
383213,Brisbane
383214,Brisbane
383215,Brisbane
383216,Brisbane
383217,Brisbane
383218,Brisbane
383219,Brisbane
383220,Brisbane
383221,Brisbane
383222,Brisbane
383223,Brisbane
383224,Brisbane
383225,Brisbane
383226,Brisbane
383227,Brisbane
383228,Brisbane
383229,Brisbane
383230,Brisbane
383231,Brisbane
383232,Brisbane
383233,Brisbane
383234,Brisbane
383235,Brisbane
383236,Brisbane
383237,Perth
383238,Brisbane
383239,Brisbane
383240,Brisbane
383241,Brisbane
383242,Brisbane
383243,Brisbane
383244,Brisbane
383245,Perth
383246,Perth
383247,Brisbane
383248,Brisbane
383249,Brisbane
383250,Brisbane
383251,Brisbane
383252,Brisbane
383253,Brisbane
383254,Brisbane
383255,Brisbane
383256,Brisbane
383257,Melbourne
383258,Brisbane
383259,Brisbane
383260,Brisbane
383261,Brisbane
383262,Brisbane
383263,Brisbane
383264,Brisbane
383265,Perth
383266,Brisbane
383267,Brisbane
383268,Brisbane
383269,Brisbane
383270,Brisbane
383271,Brisbane
383272,Sydney
383273,Brisbane
383274,Brisbane
383275,Brisbane
383276,Brisbane
383277,Brisbane
383278,Brisbane
383279,Brisbane
383280,Brisbane
383281,Brisbane
383282,Brisbane
383283,Brisbane
383284,Brisbane
383285,Brisbane
383286,Brisbane
383287,Brisbane
383288,Brisbane
383289,Melbourne
383290,Brisbane
383291,Brisbane
383292,Brisbane
383293,Brisbane
383294,Brisbane
383295,Brisbane
383296,Perth
383297,Perth
383298,Brisbane
383299,Brisbane
383300,Brisbane
383301,Brisbane
383302,Brisbane
383303,Brisbane
383304,Melbourne
383305,Brisbane
383306,Brisbane
383307,Brisbane
383308,Brisbane
383309,Brisbane
383310,Brisbane
383311,Brisbane
383312,Brisbane
383313,Brisbane
383314,Brisbane
383315,Brisbane
383316,Brisbane
383317,Brisbane
383318,Brisbane
383319,Sydney
383320,Brisbane
383321,Brisbane
383322,Brisbane
383323,Brisbane
383324,Brisbane
383325,Brisbane
383326,Brisbane
383327,Brisbane
383328,Brisbane
383329,Brisbane
383330,Perth
383331,Brisbane
383332,Melbourne
383333,Brisbane
383334,Brisbane
383335,Brisbane
383336,Brisbane
383337,Sydney
383338,Brisbane
383339,Melbourne
383340,Brisbane
383341,Brisbane
383342,Brisbane
383343,Brisbane
383344,Brisbane
383345,Brisbane
383346,Brisbane
383347,Brisbane
383348,Brisbane
383349,Brisbane
383350,Brisbane
383351,Brisbane
383352,Brisbane
383353,Brisbane
383354,Brisbane
383355,Brisbane
383356,Brisbane
383357,Brisbane
383358,Brisbane
383359,Sydney
383360,Brisbane
383361,Brisbane
383362,Brisbane
383363,Brisbane
383364,Brisbane
383365,Brisbane
383366,Sydney
383367,Brisbane
383368,Brisbane
383369,Brisbane
383370,Brisbane
383371,Brisbane
383372,Brisbane
383373,Melbourne
383374,Brisbane
383375,Brisbane
383376,Brisbane
383377,Brisbane
383378,Brisbane
383379,Perth
383380,Brisbane
383381,Brisbane
383382,Brisbane
383383,Brisbane
383384,Brisbane
383385,Brisbane
383386,Brisbane
383387,Perth
383388,Brisbane
383389,Brisbane
383390,Brisbane
383391,Brisbane
383392,Perth
383393,Brisbane
383394,Brisbane
383395,Brisbane
383396,Brisbane
383397,Brisbane
383398,Brisbane
383399,Brisbane
383400,Brisbane
383401,Brisbane
383402,Brisbane
383403,Brisbane
383404,Brisbane
383405,Brisbane
383406,Brisbane
383407,Brisbane
383408,Brisbane
383409,Brisbane
383410,Brisbane
383411,Brisbane
383412,Brisbane
383413,Brisbane
383414,Brisbane
383415,Brisbane
383416,Brisbane
383417,Brisbane
383418,Brisbane
383419,Brisbane
383420,Brisbane
383421,Brisbane
383422,Brisbane
383423,Brisbane
383424,Brisbane
383425,Perth
383426,Brisbane
383427,Melbourne
383428,Brisbane
383429,Sydney
383430,Brisbane
383431,Melbourne
383432,Brisbane
383433,Brisbane
383434,Brisbane
383435,Brisbane
383436,Brisbane
383437,Brisbane
383438,Brisbane
383439,Brisbane
383440,Brisbane
383441,Brisbane
383442,Brisbane
383443,Brisbane
383444,Brisbane
383445,Brisbane
383446,Brisbane
383447,Brisbane
383448,Brisbane
383449,Brisbane
383450,Brisbane
383451,Sydney
383452,Brisbane
383453,Brisbane
383454,Brisbane
383455,Brisbane
383456,Brisbane
383457,Brisbane
383458,Brisbane
383459,Brisbane
383460,Brisbane
383461,Brisbane
383462,Brisbane
383463,Brisbane
383464,Melbourne
383465,Brisbane
383466,Brisbane
383467,Brisbane
383468,Brisbane
383469,Brisbane
383470,Brisbane
383471,Brisbane
383472,Brisbane
383473,Brisbane
383474,Brisbane
383475,Brisbane
383476,Brisbane
383477,Brisbane
383478,Brisbane
383479,Brisbane
383480,Brisbane
383481,Brisbane
383482,Brisbane
383483,Brisbane
383484,Brisbane
383485,Brisbane
383486,Brisbane
383487,Brisbane
383488,Brisbane
383489,Brisbane
383490,Brisbane
383491,Brisbane
383492,Brisbane
383493,Brisbane
383494,Brisbane
383495,Brisbane
383496,Brisbane
383497,Perth
383498,Sydney
383499,Brisbane
383500,Brisbane
383501,Brisbane
383502,Brisbane
383503,Brisbane
383504,Brisbane
383505,Brisbane
383506,Sydney
383507,Brisbane
383508,Brisbane
383509,Brisbane
383510,Brisbane
383511,Sydney
383512,Brisbane
383513,Brisbane
383514,Brisbane
383515,Brisbane
383516,Brisbane
383517,Brisbane
383518,Brisbane
383519,Brisbane
383520,Brisbane
383521,Brisbane
383522,Perth
383523,Brisbane
383524,Brisbane
383525,Brisbane
383526,Brisbane
383527,Brisbane
383528,Brisbane
383529,Brisbane
383530,Brisbane
383531,Brisbane
383532,Melbourne
383533,Brisbane
383534,Brisbane
383535,Brisbane
383536,Brisbane
383537,Sydney
383538,Brisbane
383539,Brisbane
383540,Brisbane
383541,Brisbane
383542,Brisbane
383543,Brisbane
383544,Brisbane
383545,Brisbane
383546,Brisbane
383547,Brisbane
383548,Brisbane
383549,Brisbane
383550,Brisbane
383551,Brisbane
383552,Brisbane
383553,Brisbane
383554,Brisbane
383555,Sydney
383556,Brisbane
383557,Brisbane
383558,Brisbane
383559,Brisbane
383560,Brisbane
383561,Brisbane
383562,Perth
383563,Brisbane
383564,Brisbane
383565,Brisbane
383566,Brisbane
383567,Brisbane
383568,Brisbane
383569,Brisbane
383570,Brisbane
383571,Perth
383572,Brisbane
383573,Brisbane
383574,Brisbane
383575,Brisbane
383576,Brisbane
383577,Perth
383578,Brisbane
383579,Brisbane
383580,Brisbane
383581,Brisbane
383582,Brisbane
383583,Brisbane
383584,Brisbane
383585,Brisbane
383586,Brisbane
383587,Brisbane
383588,Brisbane
383589,Brisbane
383590,Brisbane
383591,Brisbane
383592,Brisbane
383593,Brisbane
383594,Brisbane
383595,Brisbane
383596,Brisbane
383597,Brisbane
383598,Brisbane
383599,Brisbane
383600,Brisbane
383601,Brisbane
383602,Brisbane
383603,Brisbane
383604,Brisbane
383605,Brisbane
383606,Brisbane
383607,Brisbane
383608,Brisbane
383609,Brisbane
383610,Brisbane
383611,Brisbane
383612,Melbourne
383613,Brisbane
383614,Brisbane
383615,Brisbane
383616,Brisbane
383617,Brisbane
383618,Perth
383619,Sydney
383620,Brisbane
383621,Brisbane
383622,Brisbane
383623,Brisbane
383624,Brisbane
383625,Brisbane
383626,Brisbane
383627,Brisbane
383628,Brisbane
383629,Brisbane
383630,Brisbane
383631,Brisbane
383632,Brisbane
383633,Brisbane
383634,Brisbane
383635,Brisbane
383636,Brisbane
383637,Brisbane
383638,Brisbane
383639,Sydney
383640,Brisbane
383641,Brisbane
383642,Brisbane
383643,Brisbane
383644,Brisbane
383645,Brisbane
383646,Perth
383647,Brisbane
383648,Brisbane
383649,Brisbane
383650,Brisbane
383651,Brisbane
383652,Brisbane
383653,Perth
383654,Brisbane
383655,Brisbane
383656,Brisbane
383657,Brisbane
383658,Brisbane
383659,Brisbane
383660,Brisbane
383661,Brisbane
383662,Brisbane
383663,Brisbane
383664,Brisbane
383665,Brisbane
383666,Brisbane
383667,Brisbane
383668,Brisbane
383669,Brisbane
383670,Brisbane
383671,Brisbane
383672,Brisbane
383673,Brisbane
383674,Brisbane
383675,Brisbane
383676,Brisbane
383677,Brisbane
383678,Perth
383679,Brisbane
383680,Brisbane
383681,Brisbane
383682,Brisbane
383683,Brisbane
383684,Melbourne
383685,Brisbane
383686,Brisbane
383687,Brisbane
383688,Brisbane
383689,Brisbane
383690,Brisbane
383691,Brisbane
383692,Perth
383693,Brisbane
383694,Brisbane
383695,Sydney
383696,Brisbane
383697,Brisbane
383698,Brisbane
383699,Perth
383700,Brisbane
383701,Melbourne
383702,Brisbane
383703,Brisbane
383704,Melbourne
383705,Brisbane
383706,Brisbane
383707,Melbourne
383708,Brisbane
383709,Brisbane
383710,Brisbane
383711,Brisbane
383712,Brisbane
383713,Brisbane
383714,Brisbane
383715,Brisbane
383716,Brisbane
383717,Brisbane
383718,Brisbane
383719,Brisbane
383720,Brisbane
383721,Brisbane
383722,Melbourne
383723,Brisbane
383724,Brisbane
383725,Brisbane
383726,Brisbane
383727,Brisbane
383728,Brisbane
383729,Brisbane
383730,Brisbane
383731,Brisbane
383732,Brisbane
383733,Brisbane
383734,Perth
383735,Brisbane
383736,Brisbane
383737,Brisbane
383738,Brisbane
383739,Brisbane
383740,Brisbane
383741,Brisbane
383742,Perth
383743,Melbourne
383744,Brisbane
383745,Brisbane
383746,Brisbane
383747,Brisbane
383748,Brisbane
383749,Brisbane
383750,Brisbane
383751,Brisbane
383752,Melbourne
383753,Brisbane
383754,Brisbane
383755,Brisbane
383756,Brisbane
383757,Brisbane
383758,Brisbane
383759,Brisbane
383760,Brisbane
383761,Brisbane
383762,Brisbane
383763,Brisbane
383764,Brisbane
383765,Brisbane
383766,Brisbane
383767,Brisbane
383768,Brisbane
383769,Melbourne
383770,Brisbane
383771,Brisbane
383772,Perth
383773,Brisbane
383774,Brisbane
383775,Brisbane
383776,Melbourne
383777,Sydney
383778,Brisbane
383779,Brisbane
383780,Brisbane
383781,Brisbane
383782,Brisbane
383783,Brisbane
383784,Brisbane
383785,Sydney
383786,Brisbane
383787,Brisbane
383788,Melbourne
383789,Melbourne
383790,Perth
383791,Brisbane
383792,Brisbane
383793,Brisbane
383794,Brisbane
383795,Perth
383796,Brisbane
383797,Brisbane
383798,Brisbane
383799,Brisbane
383800,Brisbane
383801,Brisbane
383802,Brisbane
383803,Brisbane
383804,Brisbane
383805,Brisbane
383806,Brisbane
383807,Brisbane
383808,Perth
383809,Sydney
383810,Brisbane
383811,Brisbane
383812,Brisbane
383813,Brisbane
383814,Brisbane
383815,Sydney
383816,Brisbane
383817,Brisbane
383818,Brisbane
383819,Brisbane
383820,Brisbane
383821,Brisbane
383822,Melbourne
383823,Brisbane
383824,Brisbane
383825,Brisbane
383826,Brisbane
383827,Brisbane
383828,Brisbane
383829,Brisbane
383830,Brisbane
383831,Brisbane
383832,Brisbane
383833,Brisbane
383834,Brisbane
383835,Brisbane
383836,Melbourne
383837,Brisbane
383838,Brisbane
383839,Brisbane
383840,Melbourne
383841,Brisbane
383842,Brisbane
383843,Brisbane
383844,Brisbane
383845,Brisbane
383846,Brisbane
383847,Brisbane
383848,Brisbane
383849,Brisbane
383850,Brisbane
383851,Brisbane
383852,Brisbane
383853,Sydney
383854,Sydney
383855,Brisbane
383856,Brisbane
383857,Brisbane
383858,Brisbane
383859,Brisbane
383860,Brisbane
383861,Perth
383862,Perth
383863,Brisbane
383864,Brisbane
383865,Brisbane
383866,Brisbane
383867,Brisbane
383868,Brisbane
383869,Brisbane
383870,Brisbane
383871,Brisbane
383872,Brisbane
383873,Brisbane
383874,Brisbane
383875,Brisbane
383876,Brisbane
383877,Brisbane
383878,Perth
383879,Brisbane
383880,Brisbane
383881,Brisbane
383882,Brisbane
383883,Brisbane
383884,Brisbane
383885,Brisbane
383886,Brisbane
383887,Brisbane
383888,Brisbane
383889,Brisbane
383890,Brisbane
383891,Melbourne
383892,Brisbane
383893,Brisbane
383894,Brisbane
383895,Brisbane
383896,Perth
383897,Brisbane
383898,Brisbane
383899,Brisbane
383900,Brisbane
383901,Brisbane
383902,Brisbane
383903,Brisbane
383904,Brisbane
383905,Brisbane
383906,Brisbane
383907,Brisbane
383908,Brisbane
383909,Brisbane
383910,Brisbane
383911,Brisbane
383912,Brisbane
383913,Brisbane
383914,Brisbane
383915,Brisbane
383916,Brisbane
383917,Brisbane
383918,Brisbane
383919,Brisbane
383920,Brisbane
383921,Brisbane
383922,Brisbane
383923,Melbourne
383924,Brisbane
383925,Sydney
383926,Brisbane
383927,Brisbane
383928,Brisbane
383929,Sydney
383930,Brisbane
383931,Brisbane
383932,Brisbane
383933,Brisbane
383934,Brisbane
383935,Brisbane
383936,Brisbane
383937,Brisbane
383938,Brisbane
383939,Brisbane
383940,Brisbane
383941,Brisbane
383942,Brisbane
383943,Brisbane
383944,Brisbane
383945,Brisbane
383946,Brisbane
383947,Brisbane
383948,Brisbane
383949,Sydney
383950,Brisbane
383951,Brisbane
383952,Brisbane
383953,Perth
383954,Perth
383955,Brisbane
383956,Brisbane
383957,Brisbane
383958,Brisbane
383959,Sydney
383960,Brisbane
383961,Brisbane
383962,Sydney
383963,Brisbane
383964,Perth
383965,Brisbane
383966,Brisbane
383967,Brisbane
383968,Brisbane
383969,Brisbane
383970,Brisbane
383971,Brisbane
383972,Brisbane
383973,Brisbane
383974,Brisbane
383975,Melbourne
383976,Brisbane
383977,Brisbane
383978,Brisbane
383979,Brisbane
383980,Brisbane
383981,Brisbane
383982,Brisbane
383983,Brisbane
383984,Brisbane
383985,Brisbane
383986,Brisbane
383987,Brisbane
383988,Brisbane
383989,Brisbane
383990,Brisbane
383991,Brisbane
383992,Perth
383993,Brisbane
383994,Brisbane
383995,Brisbane
383996,Brisbane
383997,Brisbane
383998,Brisbane
383999,Brisbane
384000,Brisbane
384001,Melbourne
384002,Melbourne
384003,Melbourne
384004,Brisbane
384005,Brisbane
384006,Melbourne
384007,Brisbane
384008,Brisbane
384009,Brisbane
384010,Brisbane
384011,Melbourne
384012,Brisbane
384013,Brisbane
384014,Brisbane
384015,Brisbane
384016,Brisbane
384017,Brisbane
384018,Sydney
384019,Brisbane
384020,Brisbane
384021,Brisbane
384022,Brisbane
384023,Brisbane
384024,Perth
384025,Brisbane
384026,Brisbane
384027,Brisbane
384028,Brisbane
384029,Brisbane
384030,Brisbane
384031,Brisbane
384032,Brisbane
384033,Brisbane
384034,Brisbane
384035,Brisbane
384036,Brisbane
384037,Brisbane
384038,Brisbane
384039,Brisbane
384040,Brisbane
384041,Brisbane
384042,Brisbane
384043,Brisbane
384044,Brisbane
384045,Brisbane
384046,Brisbane
384047,Brisbane
384048,Perth
384049,Brisbane
384050,Brisbane
384051,Sydney
384052,Brisbane
384053,Perth
384054,Brisbane
384055,Brisbane
384056,Brisbane
384057,Perth
384058,Brisbane
384059,Brisbane
384060,Brisbane
384061,Brisbane
384062,Brisbane
384063,Sydney
384064,Brisbane
384065,Brisbane
384066,Brisbane
384067,Brisbane
384068,Brisbane
384069,Sydney
384070,Brisbane
384071,Brisbane
384072,Melbourne
384073,Brisbane
384074,Brisbane
384075,Brisbane
384076,Brisbane
384077,Brisbane
384078,Brisbane
384079,Brisbane
384080,Brisbane
384081,Brisbane
384082,Brisbane
384083,Brisbane
384084,Brisbane
384085,Sydney
384086,Brisbane
384087,Brisbane
384088,Brisbane
384089,Perth
384090,Brisbane
384091,Brisbane
384092,Brisbane
384093,Brisbane
384094,Brisbane
384095,Brisbane
384096,Brisbane
384097,Brisbane
384098,Brisbane
384099,Brisbane
384100,Brisbane
384101,Brisbane
384102,Brisbane
384103,Brisbane
384104,Brisbane
384105,Brisbane
384106,Brisbane
384107,Brisbane
384108,Brisbane
384109,Brisbane
384110,Brisbane
384111,Sydney
384112,Brisbane
384113,Brisbane
384114,Brisbane
384115,Brisbane
384116,Brisbane
384117,Melbourne
384118,Melbourne
384119,Brisbane
384120,Brisbane
384121,Brisbane
384122,Brisbane
384123,Brisbane
384124,Brisbane
384125,Brisbane
384126,Brisbane
384127,Brisbane
384128,Brisbane
384129,Brisbane
384130,Brisbane
384131,Brisbane
384132,Brisbane
384133,Brisbane
384134,Brisbane
384135,Brisbane
384136,Brisbane
384137,Brisbane
384138,Brisbane
384139,Brisbane
384140,Brisbane
384141,Brisbane
384142,Brisbane
384143,Brisbane
384144,Perth
384145,Brisbane
384146,Perth
384147,Brisbane
384148,Brisbane
384149,Brisbane
384150,Perth
384151,Brisbane
384152,Brisbane
384153,Perth
384154,Brisbane
384155,Brisbane
384156,Brisbane
384157,Brisbane
384158,Brisbane
384159,Brisbane
384160,Brisbane
384161,Brisbane
384162,Melbourne
384163,Brisbane
384164,Brisbane
384165,Brisbane
384166,Brisbane
384167,Melbourne
384168,Brisbane
384169,Brisbane
384170,Brisbane
384171,Brisbane
384172,Brisbane
384173,Brisbane
384174,Brisbane
384175,Brisbane
384176,Brisbane
384177,Melbourne
384178,Brisbane
384179,Brisbane
384180,Brisbane
384181,Brisbane
384182,Brisbane
384183,Brisbane
384184,Brisbane
384185,Brisbane
384186,Brisbane
384187,Brisbane
384188,Perth
384189,Perth
384190,Brisbane
384191,Brisbane
384192,Brisbane
384193,Brisbane
384194,Brisbane
384195,Brisbane
384196,Brisbane
384197,Brisbane
384198,Perth
384199,Brisbane
384200,Brisbane
384201,Brisbane
384202,Brisbane
384203,Brisbane
384204,Brisbane
384205,Brisbane
384206,Melbourne
384207,Brisbane
384208,Brisbane
384209,Brisbane
384210,Brisbane
384211,Brisbane
384212,Brisbane
384213,Brisbane
384214,Brisbane
384215,Perth
384216,Brisbane
384217,Brisbane
384218,Brisbane
384219,Brisbane
384220,Brisbane
384221,Brisbane
384222,Brisbane
384223,Brisbane
384224,Brisbane
384225,Brisbane
384226,Brisbane
384227,Brisbane
384228,Brisbane
384229,Brisbane
384230,Brisbane
384231,Brisbane
384232,Brisbane
384233,Brisbane
384234,Sydney
384235,Brisbane
384236,Brisbane
384237,Brisbane
384238,Brisbane
384239,Perth
384240,Brisbane
384241,Brisbane
384242,Brisbane
384243,Brisbane
384244,Brisbane
384245,Perth
384246,Melbourne
384247,Brisbane
384248,Brisbane
384249,Perth
384250,Brisbane
384251,Brisbane
384252,Brisbane
384253,Brisbane
384254,Brisbane
384255,Melbourne
384256,Brisbane
384257,Brisbane
384258,Brisbane
384259,Brisbane
384260,Brisbane
384261,Brisbane
384262,Brisbane
384263,Brisbane
384264,Brisbane
384265,Brisbane
384266,Brisbane
384267,Brisbane
384268,Brisbane
384269,Brisbane
384270,Brisbane
384271,Brisbane
384272,Brisbane
384273,Brisbane
384274,Brisbane
384275,Brisbane
384276,Brisbane
384277,Brisbane
384278,Brisbane
384279,Brisbane
384280,Brisbane
384281,Brisbane
384282,Brisbane
384283,Brisbane
384284,Brisbane
384285,Brisbane
384286,Brisbane
384287,Brisbane
384288,Brisbane
384289,Brisbane
384290,Brisbane
384291,Brisbane
384292,Brisbane
384293,Melbourne
384294,Brisbane
384295,Brisbane
384296,Brisbane
384297,Brisbane
384298,Brisbane
384299,Brisbane
384300,Brisbane
384301,Brisbane
384302,Brisbane
384303,Brisbane
384304,Brisbane
384305,Brisbane
384306,Brisbane
384307,Brisbane
384308,Brisbane
384309,Brisbane
384310,Brisbane
384311,Sydney
384312,Brisbane
384313,Perth
384314,Brisbane
384315,Brisbane
384316,Sydney
384317,Melbourne
384318,Brisbane
384319,Brisbane
384320,Brisbane
384321,Brisbane
384322,Brisbane
384323,Perth
384324,Brisbane
384325,Brisbane
384326,Melbourne
384327,Brisbane
384328,Brisbane
384329,Sydney
384330,Brisbane
384331,Brisbane
384332,Brisbane
384333,Brisbane
384334,Brisbane
384335,Brisbane
384336,Brisbane
384337,Brisbane
384338,Brisbane
384339,Brisbane
384340,Brisbane
384341,Brisbane
384342,Brisbane
384343,Sydney
384344,Brisbane
384345,Brisbane
384346,Brisbane
384347,Brisbane
384348,Brisbane
384349,Brisbane
384350,Brisbane
384351,Brisbane
384352,Brisbane
384353,Sydney
384354,Brisbane
384355,Brisbane
384356,Brisbane
384357,Brisbane
384358,Brisbane
384359,Brisbane
384360,Melbourne
384361,Brisbane
384362,Brisbane
384363,Sydney
384364,Brisbane
384365,Brisbane
384366,Sydney
384367,Brisbane
384368,Sydney
384369,Brisbane
384370,Brisbane
384371,Perth
384372,Brisbane
384373,Brisbane
384374,Brisbane
384375,Brisbane
384376,Brisbane
384377,Brisbane
384378,Melbourne
384379,Brisbane
384380,Brisbane
384381,Brisbane
384382,Brisbane
384383,Brisbane
384384,Brisbane
384385,Brisbane
384386,Brisbane
384387,Brisbane
384388,Brisbane
384389,Brisbane
384390,Brisbane
384391,Brisbane
384392,Brisbane
384393,Brisbane
384394,Brisbane
384395,Brisbane
384396,Brisbane
384397,Brisbane
384398,Brisbane
384399,Brisbane
384400,Brisbane
384401,Perth
384402,Brisbane
384403,Sydney
384404,Brisbane
384405,Brisbane
384406,Perth
384407,Brisbane
384408,Brisbane
384409,Brisbane
384410,Brisbane
384411,Brisbane
384412,Brisbane
384413,Brisbane
384414,Brisbane
384415,Brisbane
384416,Brisbane
384417,Brisbane
384418,Brisbane
384419,Brisbane
384420,Brisbane
384421,Brisbane
384422,Brisbane
384423,Sydney
384424,Brisbane
384425,Brisbane
384426,Brisbane
384427,Brisbane
384428,Brisbane
384429,Perth
384430,Brisbane
384431,Brisbane
384432,Brisbane
384433,Brisbane
384434,Brisbane
384435,Brisbane
384436,Brisbane
384437,Brisbane
384438,Brisbane
384439,Brisbane
384440,Brisbane
384441,Brisbane
384442,Brisbane
384443,Melbourne
384444,Brisbane
384445,Brisbane
384446,Brisbane
384447,Brisbane
384448,Brisbane
384449,Brisbane
384450,Brisbane
384451,Brisbane
384452,Sydney
384453,Brisbane
384454,Sydney
384455,Brisbane
384456,Brisbane
384457,Brisbane
384458,Brisbane
384459,Brisbane
384460,Brisbane
384461,Brisbane
384462,Brisbane
384463,Brisbane
384464,Brisbane
384465,Brisbane
384466,Brisbane
384467,Brisbane
384468,Brisbane
384469,Brisbane
384470,Brisbane
384471,Brisbane
384472,Brisbane
384473,Brisbane
384474,Brisbane
384475,Brisbane
384476,Brisbane
384477,Melbourne
384478,Brisbane
384479,Brisbane
384480,Perth
384481,Brisbane
384482,Brisbane
384483,Brisbane
384484,Brisbane
384485,Brisbane
384486,Brisbane
384487,Brisbane
384488,Perth
384489,Brisbane
384490,Brisbane
384491,Brisbane
384492,Brisbane
384493,Brisbane
384494,Brisbane
384495,Brisbane
384496,Brisbane
384497,Brisbane
384498,Brisbane
384499,Brisbane
384500,Melbourne
384501,Brisbane
384502,Brisbane
384503,Brisbane
384504,Brisbane
384505,Brisbane
384506,Brisbane
384507,Brisbane
384508,Brisbane
384509,Brisbane
384510,Brisbane
384511,Brisbane
384512,Brisbane
384513,Brisbane
384514,Brisbane
384515,Brisbane
384516,Brisbane
384517,Brisbane
384518,Brisbane
384519,Brisbane
384520,Brisbane
384521,Melbourne
384522,Melbourne
384523,Perth
384524,Brisbane
384525,Brisbane
384526,Perth
384527,Brisbane
384528,Brisbane
384529,Brisbane
384530,Brisbane
384531,Perth
384532,Brisbane
384533,Brisbane
384534,Brisbane
384535,Brisbane
384536,Melbourne
384537,Brisbane
384538,Brisbane
384539,Brisbane
384540,Brisbane
384541,Brisbane
384542,Sydney
384543,Brisbane
384544,Brisbane
384545,Brisbane
384546,Brisbane
384547,Brisbane
384548,Brisbane
384549,Brisbane
384550,Brisbane
384551,Brisbane
384552,Brisbane
384553,Brisbane
384554,Melbourne
384555,Brisbane
384556,Brisbane
384557,Perth
384558,Brisbane
384559,Brisbane
384560,Melbourne
384561,Brisbane
384562,Brisbane
384563,Brisbane
384564,Brisbane
384565,Brisbane
384566,Brisbane
384567,Brisbane
384568,Brisbane
384569,Brisbane
384570,Brisbane
384571,Brisbane
384572,Brisbane
384573,Brisbane
384574,Brisbane
384575,Brisbane
384576,Brisbane
384577,Brisbane
384578,Brisbane
384579,Brisbane
384580,Sydney
384581,Brisbane
384582,Brisbane
384583,Perth
384584,Brisbane
384585,Brisbane
384586,Brisbane
384587,Brisbane
384588,Brisbane
384589,Brisbane
384590,Brisbane
384591,Brisbane
384592,Sydney
384593,Brisbane
384594,Brisbane
384595,Brisbane
384596,Brisbane
384597,Brisbane
384598,Brisbane
384599,Brisbane
384600,Brisbane
384601,Brisbane
384602,Brisbane
384603,Brisbane
384604,Brisbane
384605,Brisbane
384606,Brisbane
384607,Brisbane
384608,Melbourne
384609,Brisbane
384610,Brisbane
384611,Brisbane
384612,Brisbane
384613,Brisbane
384614,Brisbane
384615,Brisbane
384616,Brisbane
384617,Brisbane
384618,Brisbane
384619,Brisbane
384620,Brisbane
384621,Brisbane
384622,Perth
384623,Brisbane
384624,Brisbane
384625,Brisbane
384626,Brisbane
384627,Brisbane
384628,Brisbane
384629,Brisbane
384630,Brisbane
384631,Brisbane
384632,Brisbane
384633,Brisbane
384634,Brisbane
384635,Brisbane
384636,Brisbane
384637,Brisbane
384638,Brisbane
384639,Brisbane
384640,Melbourne
384641,Brisbane
384642,Brisbane
384643,Brisbane
384644,Brisbane
384645,Perth
384646,Brisbane
384647,Brisbane
384648,Brisbane
384649,Brisbane
384650,Melbourne
384651,Brisbane
384652,Brisbane
384653,Melbourne
384654,Brisbane
384655,Brisbane
384656,Brisbane
384657,Brisbane
384658,Brisbane
384659,Sydney
384660,Brisbane
384661,Brisbane
384662,Brisbane
384663,Brisbane
384664,Brisbane
384665,Brisbane
384666,Brisbane
384667,Brisbane
384668,Brisbane
384669,Brisbane
384670,Brisbane
384671,Brisbane
384672,Brisbane
384673,Brisbane
384674,Brisbane
384675,Brisbane
384676,Brisbane
384677,Perth
384678,Sydney
384679,Brisbane
384680,Brisbane
384681,Brisbane
384682,Brisbane
384683,Brisbane
384684,Brisbane
384685,Brisbane
384686,Brisbane
384687,Brisbane
384688,Brisbane
384689,Brisbane
384690,Brisbane
384691,Brisbane
384692,Brisbane
384693,Brisbane
384694,Brisbane
384695,Melbourne
384696,Brisbane
384697,Brisbane
384698,Sydney
384699,Sydney
384700,Brisbane
384701,Brisbane
384702,Brisbane
384703,Brisbane
384704,Sydney
384705,Brisbane
384706,Brisbane
384707,Brisbane
384708,Brisbane
384709,Brisbane
384710,Brisbane
384711,Brisbane
384712,Perth
384713,Brisbane
384714,Brisbane
384715,Brisbane
384716,Sydney
384717,Brisbane
384718,Brisbane
384719,Brisbane
384720,Brisbane
384721,Brisbane
384722,Sydney
384723,Brisbane
384724,Brisbane
384725,Brisbane
384726,Brisbane
384727,Brisbane
384728,Brisbane
384729,Brisbane
384730,Brisbane
384731,Brisbane
384732,Brisbane
384733,Brisbane
384734,Brisbane
384735,Brisbane
384736,Brisbane
384737,Brisbane
384738,Brisbane
384739,Brisbane
384740,Brisbane
384741,Brisbane
384742,Sydney
384743,Brisbane
384744,Brisbane
384745,Brisbane
384746,Brisbane
384747,Brisbane
384748,Brisbane
384749,Brisbane
384750,Brisbane
384751,Brisbane
384752,Brisbane
384753,Brisbane
384754,Brisbane
384755,Brisbane
384756,Brisbane
384757,Brisbane
384758,Brisbane
384759,Melbourne
384760,Sydney
384761,Brisbane
384762,Brisbane
384763,Brisbane
384764,Brisbane
384765,Brisbane
384766,Brisbane
384767,Brisbane
384768,Brisbane
384769,Brisbane
384770,Brisbane
384771,Brisbane
384772,Brisbane
384773,Brisbane
384774,Brisbane
384775,Brisbane
384776,Brisbane
384777,Brisbane
384778,Brisbane
384779,Brisbane
384780,Brisbane
384781,Sydney
384782,Brisbane
384783,Brisbane
384784,Brisbane
384785,Sydney
384786,Brisbane
384787,Brisbane
384788,Brisbane
384789,Brisbane
384790,Sydney
384791,Sydney
384792,Brisbane
384793,Brisbane
384794,Brisbane
384795,Brisbane
384796,Brisbane
384797,Brisbane
384798,Brisbane
384799,Brisbane
384800,Sydney
384801,Brisbane
384802,Brisbane
384803,Brisbane
384804,Brisbane
384805,Brisbane
384806,Brisbane
384807,Brisbane
384808,Brisbane
384809,Brisbane
384810,Brisbane
384811,Brisbane
384812,Brisbane
384813,Brisbane
384814,Brisbane
384815,Brisbane
384816,Brisbane
384817,Brisbane
384818,Brisbane
384819,Brisbane
384820,Brisbane
384821,Brisbane
384822,Brisbane
384823,Brisbane
384824,Brisbane
384825,Brisbane
384826,Brisbane
384827,Brisbane
384828,Brisbane
384829,Brisbane
384830,Brisbane
384831,Brisbane
384832,Brisbane
384833,Brisbane
384834,Melbourne
384835,Brisbane
384836,Brisbane
384837,Brisbane
384838,Brisbane
384839,Brisbane
384840,Brisbane
384841,Brisbane
384842,Brisbane
384843,Brisbane
384844,Brisbane
384845,Brisbane
384846,Brisbane
384847,Brisbane
384848,Sydney
384849,Brisbane
384850,Brisbane
384851,Brisbane
384852,Brisbane
384853,Brisbane
384854,Brisbane
384855,Brisbane
384856,Brisbane
384857,Brisbane
384858,Brisbane
384859,Brisbane
384860,Brisbane
384861,Brisbane
384862,Brisbane
384863,Brisbane
384864,Brisbane
384865,Brisbane
384866,Brisbane
384867,Brisbane
384868,Brisbane
384869,Perth
384870,Brisbane
384871,Brisbane
384872,Brisbane
384873,Melbourne
384874,Perth
384875,Brisbane
384876,Brisbane
384877,Brisbane
384878,Sydney
384879,Brisbane
384880,Brisbane
384881,Brisbane
384882,Brisbane
384883,Melbourne
384884,Brisbane
384885,Brisbane
384886,Sydney
384887,Brisbane
384888,Brisbane
384889,Brisbane
384890,Brisbane
384891,Brisbane
384892,Brisbane
384893,Brisbane
384894,Brisbane
384895,Perth
384896,Brisbane
384897,Brisbane
384898,Sydney
384899,Brisbane
384900,Brisbane
384901,Brisbane
384902,Brisbane
384903,Brisbane
384904,Brisbane
384905,Melbourne
384906,Brisbane
384907,Brisbane
384908,Brisbane
384909,Brisbane
384910,Brisbane
384911,Brisbane
384912,Brisbane
384913,Brisbane
384914,Brisbane
384915,Perth
384916,Brisbane
384917,Brisbane
384918,Brisbane
384919,Brisbane
384920,Brisbane
384921,Brisbane
384922,Brisbane
384923,Brisbane
384924,Brisbane
384925,Brisbane
384926,Brisbane
384927,Brisbane
384928,Brisbane
384929,Brisbane
384930,Brisbane
384931,Sydney
384932,Brisbane
384933,Brisbane
384934,Brisbane
384935,Brisbane
384936,Brisbane
384937,Brisbane
384938,Brisbane
384939,Brisbane
384940,Brisbane
384941,Brisbane
384942,Brisbane
384943,Brisbane
384944,Brisbane
384945,Brisbane
384946,Brisbane
384947,Brisbane
384948,Brisbane
384949,Brisbane
384950,Brisbane
384951,Brisbane
384952,Brisbane
384953,Sydney
384954,Brisbane
384955,Brisbane
384956,Brisbane
384957,Sydney
384958,Sydney
384959,Brisbane
384960,Brisbane
384961,Brisbane
384962,Brisbane
384963,Brisbane
384964,Brisbane
384965,Brisbane
384966,Brisbane
384967,Brisbane
384968,Brisbane
384969,Brisbane
384970,Brisbane
384971,Brisbane
384972,Brisbane
384973,Brisbane
384974,Brisbane
384975,Brisbane
384976,Brisbane
384977,Brisbane
384978,Brisbane
384979,Brisbane
384980,Brisbane
384981,Melbourne
384982,Brisbane
384983,Brisbane
384984,Brisbane
384985,Brisbane
384986,Sydney
384987,Brisbane
384988,Brisbane
384989,Brisbane
384990,Brisbane
384991,Brisbane
384992,Brisbane
384993,Brisbane
384994,Sydney
384995,Brisbane
384996,Brisbane
384997,Brisbane
384998,Brisbane
384999,Perth
385000,Brisbane
385001,Melbourne
385002,Brisbane
385003,Brisbane
385004,Brisbane
385005,Brisbane
385006,Brisbane
385007,Brisbane
385008,Brisbane
385009,Brisbane
385010,Brisbane
385011,Brisbane
385012,Brisbane
385013,Brisbane
385014,Brisbane
385015,Brisbane
385016,Brisbane
385017,Brisbane
385018,Brisbane
385019,Brisbane
385020,Brisbane
385021,Brisbane
385022,Brisbane
385023,Brisbane
385024,Sydney
385025,Brisbane
385026,Brisbane
385027,Brisbane
385028,Brisbane
385029,Brisbane
385030,Brisbane
385031,Brisbane
385032,Brisbane
385033,Brisbane
385034,Brisbane
385035,Brisbane
385036,Brisbane
385037,Brisbane
385038,Brisbane
385039,Brisbane
385040,Brisbane
385041,Brisbane
385042,Melbourne
385043,Brisbane
385044,Brisbane
385045,Brisbane
385046,Sydney
385047,Brisbane
385048,Brisbane
385049,Brisbane
385050,Brisbane
385051,Brisbane
385052,Brisbane
385053,Brisbane
385054,Brisbane
385055,Brisbane
385056,Brisbane
385057,Brisbane
385058,Brisbane
385059,Brisbane
385060,Brisbane
385061,Brisbane
385062,Melbourne
385063,Brisbane
385064,Brisbane
385065,Brisbane
385066,Brisbane
385067,Brisbane
385068,Melbourne
385069,Brisbane
385070,Brisbane
385071,Perth
385072,Brisbane
385073,Brisbane
385074,Brisbane
385075,Brisbane
385076,Sydney
385077,Brisbane
385078,Brisbane
385079,Perth
385080,Brisbane
385081,Brisbane
385082,Brisbane
385083,Brisbane
385084,Perth
385085,Brisbane
385086,Sydney
385087,Perth
385088,Brisbane
385089,Brisbane
385090,Brisbane
385091,Brisbane
385092,Brisbane
385093,Brisbane
385094,Melbourne
385095,Brisbane
385096,Brisbane
385097,Brisbane
385098,Brisbane
385099,Brisbane
385100,Brisbane
385101,Brisbane
385102,Brisbane
385103,Brisbane
385104,Sydney
385105,Brisbane
385106,Brisbane
385107,Brisbane
385108,Brisbane
385109,Brisbane
385110,Brisbane
385111,Brisbane
385112,Melbourne
385113,Brisbane
385114,Brisbane
385115,Perth
385116,Brisbane
385117,Brisbane
385118,Brisbane
385119,Brisbane
385120,Melbourne
385121,Brisbane
385122,Brisbane
385123,Brisbane
385124,Brisbane
385125,Brisbane
385126,Brisbane
385127,Brisbane
385128,Brisbane
385129,Brisbane
385130,Brisbane
385131,Brisbane
385132,Brisbane
385133,Brisbane
385134,Brisbane
385135,Brisbane
385136,Brisbane
385137,Brisbane
385138,Brisbane
385139,Brisbane
385140,Brisbane
385141,Brisbane
385142,Brisbane
385143,Brisbane
385144,Sydney
385145,Brisbane
385146,Brisbane
385147,Brisbane
385148,Brisbane
385149,Brisbane
385150,Brisbane
385151,Brisbane
385152,Brisbane
385153,Perth
385154,Brisbane
385155,Brisbane
385156,Brisbane
385157,Brisbane
385158,Brisbane
385159,Brisbane
385160,Brisbane
385161,Brisbane
385162,Brisbane
385163,Brisbane
385164,Brisbane
385165,Brisbane
385166,Brisbane
385167,Brisbane
385168,Brisbane
385169,Brisbane
385170,Brisbane
385171,Perth
385172,Brisbane
385173,Brisbane
385174,Brisbane
385175,Brisbane
385176,Brisbane
385177,Brisbane
385178,Brisbane
385179,Brisbane
385180,Brisbane
385181,Melbourne
385182,Brisbane
385183,Brisbane
385184,Brisbane
385185,Brisbane
385186,Brisbane
385187,Brisbane
385188,Brisbane
385189,Brisbane
385190,Brisbane
385191,Brisbane
385192,Brisbane
385193,Melbourne
385194,Brisbane
385195,Melbourne
385196,Brisbane
385197,Brisbane
385198,Brisbane
385199,Brisbane
385200,Brisbane
385201,Brisbane
385202,Brisbane
385203,Brisbane
385204,Brisbane
385205,Brisbane
385206,Brisbane
385207,Brisbane
385208,Brisbane
385209,Brisbane
385210,Brisbane
385211,Melbourne
385212,Brisbane
385213,Brisbane
385214,Brisbane
385215,Brisbane
385216,Brisbane
385217,Melbourne
385218,Brisbane
385219,Brisbane
385220,Brisbane
385221,Brisbane
385222,Brisbane
385223,Brisbane
385224,Brisbane
385225,Brisbane
385226,Brisbane
385227,Brisbane
385228,Brisbane
385229,Brisbane
385230,Brisbane
385231,Brisbane
385232,Brisbane
385233,Brisbane
385234,Brisbane
385235,Brisbane
385236,Sydney
385237,Brisbane
385238,Brisbane
385239,Melbourne
385240,Brisbane
385241,Brisbane
385242,Brisbane
385243,Brisbane
385244,Sydney
385245,Brisbane
385246,Brisbane
385247,Brisbane
385248,Brisbane
385249,Melbourne
385250,Brisbane
385251,Perth
385252,Brisbane
385253,Brisbane
385254,Sydney
385255,Brisbane
385256,Brisbane
385257,Brisbane
385258,Brisbane
385259,Brisbane
385260,Brisbane
385261,Brisbane
385262,Perth
385263,Brisbane
385264,Brisbane
385265,Brisbane
385266,Brisbane
385267,Brisbane
385268,Brisbane
385269,Brisbane
385270,Brisbane
385271,Brisbane
385272,Brisbane
385273,Brisbane
385274,Melbourne
385275,Brisbane
385276,Brisbane
385277,Brisbane
385278,Brisbane
385279,Brisbane
385280,Brisbane
385281,Brisbane
385282,Brisbane
385283,Brisbane
385284,Brisbane
385285,Perth
385286,Brisbane
385287,Brisbane
385288,Brisbane
385289,Brisbane
385290,Brisbane
385291,Brisbane
385292,Brisbane
385293,Brisbane
385294,Brisbane
385295,Brisbane
385296,Brisbane
385297,Brisbane
385298,Brisbane
385299,Melbourne
385300,Sydney
385301,Brisbane
385302,Brisbane
385303,Brisbane
385304,Sydney
385305,Brisbane
385306,Brisbane
385307,Brisbane
385308,Brisbane
385309,Brisbane
385310,Brisbane
385311,Brisbane
385312,Brisbane
385313,Brisbane
385314,Brisbane
385315,Brisbane
385316,Brisbane
385317,Brisbane
385318,Brisbane
385319,Brisbane
385320,Brisbane
385321,Brisbane
385322,Brisbane
385323,Brisbane
385324,Sydney
385325,Brisbane
385326,Brisbane
385327,Brisbane
385328,Brisbane
385329,Brisbane
385330,Brisbane
385331,Brisbane
385332,Brisbane
385333,Brisbane
385334,Brisbane
385335,Brisbane
385336,Melbourne
385337,Brisbane
385338,Brisbane
385339,Brisbane
385340,Brisbane
385341,Brisbane
385342,Brisbane
385343,Sydney
385344,Sydney
385345,Brisbane
385346,Brisbane
385347,Sydney
385348,Brisbane
385349,Brisbane
385350,Brisbane
385351,Brisbane
385352,Brisbane
385353,Brisbane
385354,Brisbane
385355,Brisbane
385356,Brisbane
385357,Brisbane
385358,Brisbane
385359,Brisbane
385360,Brisbane
385361,Melbourne
385362,Brisbane
385363,Brisbane
385364,Brisbane
385365,Brisbane
385366,Brisbane
385367,Brisbane
385368,Melbourne
385369,Brisbane
385370,Brisbane
385371,Sydney
385372,Brisbane
385373,Brisbane
385374,Brisbane
385375,Brisbane
385376,Brisbane
385377,Brisbane
385378,Brisbane
385379,Brisbane
385380,Perth
385381,Brisbane
385382,Brisbane
385383,Brisbane
385384,Brisbane
385385,Brisbane
385386,Brisbane
385387,Brisbane
385388,Brisbane
385389,Brisbane
385390,Melbourne
385391,Brisbane
385392,Brisbane
385393,Brisbane
385394,Brisbane
385395,Brisbane
385396,Brisbane
385397,Sydney
385398,Brisbane
385399,Brisbane
385400,Brisbane
385401,Brisbane
385402,Brisbane
385403,Brisbane
385404,Sydney
385405,Brisbane
385406,Brisbane
385407,Brisbane
385408,Brisbane
385409,Brisbane
385410,Brisbane
385411,Brisbane
385412,Brisbane
385413,Brisbane
385414,Brisbane
385415,Brisbane
385416,Perth
385417,Sydney
385418,Brisbane
385419,Brisbane
385420,Brisbane
385421,Brisbane
385422,Perth
385423,Brisbane
385424,Brisbane
385425,Brisbane
385426,Brisbane
385427,Brisbane
385428,Perth
385429,Brisbane
385430,Brisbane
385431,Brisbane
385432,Brisbane
385433,Brisbane
385434,Brisbane
385435,Brisbane
385436,Brisbane
385437,Brisbane
385438,Perth
385439,Perth
385440,Brisbane
385441,Brisbane
385442,Brisbane
385443,Brisbane
385444,Brisbane
385445,Brisbane
385446,Brisbane
385447,Brisbane
385448,Brisbane
385449,Brisbane
385450,Brisbane
385451,Brisbane
385452,Brisbane
385453,Melbourne
385454,Brisbane
385455,Sydney
385456,Brisbane
385457,Brisbane
385458,Brisbane
385459,Melbourne
385460,Brisbane
385461,Brisbane
385462,Brisbane
385463,Brisbane
385464,Brisbane
385465,Brisbane
385466,Sydney
385467,Brisbane
385468,Brisbane
385469,Brisbane
385470,Brisbane
385471,Brisbane
385472,Brisbane
385473,Brisbane
385474,Brisbane
385475,Brisbane
385476,Brisbane
385477,Brisbane
385478,Brisbane
385479,Brisbane
385480,Brisbane
385481,Brisbane
385482,Brisbane
385483,Brisbane
385484,Brisbane
385485,Brisbane
385486,Brisbane
385487,Brisbane
385488,Brisbane
385489,Brisbane
385490,Brisbane
385491,Sydney
385492,Brisbane
385493,Perth
385494,Brisbane
385495,Melbourne
385496,Brisbane
385497,Brisbane
385498,Brisbane
385499,Brisbane
385500,Brisbane
385501,Brisbane
385502,Brisbane
385503,Brisbane
385504,Brisbane
385505,Sydney
385506,Melbourne
385507,Brisbane
385508,Brisbane
385509,Melbourne
385510,Brisbane
385511,Brisbane
385512,Brisbane
385513,Brisbane
385514,Brisbane
385515,Brisbane
385516,Brisbane
385517,Brisbane
385518,Brisbane
385519,Brisbane
385520,Brisbane
385521,Brisbane
385522,Brisbane
385523,Brisbane
385524,Brisbane
385525,Brisbane
385526,Brisbane
385527,Brisbane
385528,Brisbane
385529,Brisbane
385530,Brisbane
385531,Brisbane
385532,Brisbane
385533,Brisbane
385534,Brisbane
385535,Brisbane
385536,Brisbane
385537,Brisbane
385538,Brisbane
385539,Brisbane
385540,Brisbane
385541,Brisbane
385542,Sydney
385543,Brisbane
385544,Brisbane
385545,Brisbane
385546,Brisbane
385547,Sydney
385548,Brisbane
385549,Brisbane
385550,Brisbane
385551,Sydney
385552,Brisbane
385553,Brisbane
385554,Brisbane
385555,Brisbane
385556,Brisbane
385557,Brisbane
385558,Perth
385559,Brisbane
385560,Brisbane
385561,Brisbane
385562,Brisbane
385563,Brisbane
385564,Melbourne
385565,Brisbane
385566,Brisbane
385567,Brisbane
385568,Brisbane
385569,Brisbane
385570,Brisbane
385571,Brisbane
385572,Brisbane
385573,Brisbane
385574,Brisbane
385575,Brisbane
385576,Brisbane
385577,Brisbane
385578,Perth
385579,Brisbane
385580,Perth
385581,Melbourne
385582,Brisbane
385583,Brisbane
385584,Brisbane
385585,Brisbane
385586,Brisbane
385587,Brisbane
385588,Brisbane
385589,Brisbane
385590,Brisbane
385591,Brisbane
385592,Brisbane
385593,Brisbane
385594,Brisbane
385595,Brisbane
385596,Brisbane
385597,Brisbane
385598,Brisbane
385599,Brisbane
385600,Brisbane
385601,Brisbane
385602,Brisbane
385603,Brisbane
385604,Brisbane
385605,Brisbane
385606,Brisbane
385607,Brisbane
385608,Brisbane
385609,Brisbane
385610,Brisbane
385611,Brisbane
385612,Brisbane
385613,Brisbane
385614,Brisbane
385615,Brisbane
385616,Brisbane
385617,Brisbane
385618,Brisbane
385619,Brisbane
385620,Sydney
385621,Brisbane
385622,Brisbane
385623,Brisbane
385624,Brisbane
385625,Sydney
385626,Brisbane
385627,Brisbane
385628,Brisbane
385629,Brisbane
385630,Brisbane
385631,Brisbane
385632,Brisbane
385633,Brisbane
385634,Brisbane
385635,Brisbane
385636,Brisbane
385637,Brisbane
385638,Brisbane
385639,Brisbane
385640,Brisbane
385641,Brisbane
385642,Brisbane
385643,Brisbane
385644,Brisbane
385645,Brisbane
385646,Sydney
385647,Brisbane
385648,Brisbane
385649,Brisbane
385650,Brisbane
385651,Brisbane
385652,Brisbane
385653,Brisbane
385654,Brisbane
385655,Brisbane
385656,Brisbane
385657,Melbourne
385658,Brisbane
385659,Brisbane
385660,Brisbane
385661,Brisbane
385662,Brisbane
385663,Brisbane
385664,Brisbane
385665,Brisbane
385666,Brisbane
385667,Brisbane
385668,Brisbane
385669,Brisbane
385670,Brisbane
385671,Brisbane
385672,Brisbane
385673,Brisbane
385674,Brisbane
385675,Brisbane
385676,Brisbane
385677,Brisbane
385678,Brisbane
385679,Brisbane
385680,Sydney
385681,Brisbane
385682,Brisbane
385683,Brisbane
385684,Brisbane
385685,Brisbane
385686,Perth
385687,Brisbane
385688,Brisbane
385689,Brisbane
385690,Brisbane
385691,Sydney
385692,Brisbane
385693,Brisbane
385694,Brisbane
385695,Brisbane
385696,Brisbane
385697,Brisbane
385698,Brisbane
385699,Melbourne
385700,Brisbane
385701,Perth
385702,Brisbane
385703,Brisbane
385704,Brisbane
385705,Brisbane
385706,Brisbane
385707,Brisbane
385708,Perth
385709,Brisbane
385710,Brisbane
385711,Brisbane
385712,Brisbane
385713,Brisbane
385714,Brisbane
385715,Brisbane
385716,Brisbane
385717,Brisbane
385718,Brisbane
385719,Melbourne
385720,Brisbane
385721,Brisbane
385722,Brisbane
385723,Brisbane
385724,Brisbane
385725,Brisbane
385726,Brisbane
385727,Brisbane
385728,Brisbane
385729,Brisbane
385730,Brisbane
385731,Brisbane
385732,Brisbane
385733,Perth
385734,Melbourne
385735,Brisbane
385736,Brisbane
385737,Brisbane
385738,Melbourne
385739,Brisbane
385740,Brisbane
385741,Brisbane
385742,Brisbane
385743,Brisbane
385744,Brisbane
385745,Sydney
385746,Brisbane
385747,Brisbane
385748,Sydney
385749,Brisbane
385750,Brisbane
385751,Brisbane
385752,Brisbane
385753,Brisbane
385754,Brisbane
385755,Brisbane
385756,Brisbane
385757,Brisbane
385758,Brisbane
385759,Brisbane
385760,Brisbane
385761,Brisbane
385762,Brisbane
385763,Brisbane
385764,Brisbane
385765,Brisbane
385766,Brisbane
385767,Brisbane
385768,Brisbane
385769,Brisbane
385770,Brisbane
385771,Brisbane
385772,Brisbane
385773,Brisbane
385774,Brisbane
385775,Brisbane
385776,Melbourne
385777,Brisbane
385778,Brisbane
385779,Brisbane
385780,Brisbane
385781,Brisbane
385782,Melbourne
385783,Brisbane
385784,Brisbane
385785,Brisbane
385786,Brisbane
385787,Brisbane
385788,Brisbane
385789,Brisbane
385790,Brisbane
385791,Brisbane
385792,Brisbane
385793,Brisbane
385794,Brisbane
385795,Brisbane
385796,Brisbane
385797,Brisbane
385798,Brisbane
385799,Brisbane
385800,Brisbane
385801,Sydney
385802,Brisbane
385803,Brisbane
385804,Brisbane
385805,Brisbane
385806,Brisbane
385807,Brisbane
385808,Brisbane
385809,Brisbane
385810,Brisbane
385811,Brisbane
385812,Brisbane
385813,Brisbane
385814,Brisbane
385815,Brisbane
385816,Perth
385817,Brisbane
385818,Brisbane
385819,Brisbane
385820,Brisbane
385821,Brisbane
385822,Melbourne
385823,Sydney
385824,Brisbane
385825,Brisbane
385826,Sydney
385827,Brisbane
385828,Brisbane
385829,Brisbane
385830,Brisbane
385831,Brisbane
385832,Brisbane
385833,Brisbane
385834,Brisbane
385835,Brisbane
385836,Brisbane
385837,Brisbane
385838,Brisbane
385839,Brisbane
385840,Brisbane
385841,Brisbane
385842,Brisbane
385843,Brisbane
385844,Brisbane
385845,Brisbane
385846,Brisbane
385847,Brisbane
385848,Brisbane
385849,Brisbane
385850,Brisbane
385851,Brisbane
385852,Brisbane
385853,Brisbane
385854,Brisbane
385855,Brisbane
385856,Melbourne
385857,Brisbane
385858,Brisbane
385859,Brisbane
385860,Brisbane
385861,Melbourne
385862,Brisbane
385863,Sydney
385864,Brisbane
385865,Brisbane
385866,Brisbane
385867,Brisbane
385868,Brisbane
385869,Brisbane
385870,Brisbane
385871,Brisbane
385872,Brisbane
385873,Brisbane
385874,Brisbane
385875,Brisbane
385876,Brisbane
385877,Sydney
385878,Perth
385879,Brisbane
385880,Brisbane
385881,Brisbane
385882,Brisbane
385883,Brisbane
385884,Brisbane
385885,Brisbane
385886,Brisbane
385887,Brisbane
385888,Brisbane
385889,Brisbane
385890,Brisbane
385891,Brisbane
385892,Brisbane
385893,Brisbane
385894,Sydney
385895,Brisbane
385896,Perth
385897,Brisbane
385898,Brisbane
385899,Brisbane
385900,Brisbane
385901,Perth
385902,Brisbane
385903,Brisbane
385904,Brisbane
385905,Brisbane
385906,Brisbane
385907,Brisbane
385908,Brisbane
385909,Brisbane
385910,Brisbane
385911,Perth
385912,Brisbane
385913,Perth
385914,Brisbane
385915,Brisbane
385916,Brisbane
385917,Brisbane
385918,Brisbane
385919,Brisbane
385920,Brisbane
385921,Sydney
385922,Brisbane
385923,Brisbane
385924,Brisbane
385925,Brisbane
385926,Brisbane
385927,Brisbane
385928,Brisbane
385929,Brisbane
385930,Sydney
385931,Brisbane
385932,Sydney
385933,Brisbane
385934,Brisbane
385935,Brisbane
385936,Brisbane
385937,Brisbane
385938,Brisbane
385939,Brisbane
385940,Brisbane
385941,Brisbane
385942,Brisbane
385943,Brisbane
385944,Brisbane
385945,Brisbane
385946,Brisbane
385947,Brisbane
385948,Brisbane
385949,Brisbane
385950,Brisbane
385951,Brisbane
385952,Melbourne
385953,Brisbane
385954,Brisbane
385955,Brisbane
385956,Brisbane
385957,Brisbane
385958,Brisbane
385959,Brisbane
385960,Brisbane
385961,Melbourne
385962,Brisbane
385963,Perth
385964,Brisbane
385965,Sydney
385966,Brisbane
385967,Brisbane
385968,Brisbane
385969,Brisbane
385970,Brisbane
385971,Brisbane
385972,Brisbane
385973,Brisbane
385974,Brisbane
385975,Brisbane
385976,Brisbane
385977,Melbourne
385978,Brisbane
385979,Melbourne
385980,Brisbane
385981,Brisbane
385982,Brisbane
385983,Brisbane
385984,Sydney
385985,Brisbane
385986,Brisbane
385987,Brisbane
385988,Brisbane
385989,Brisbane
385990,Brisbane
385991,Melbourne
385992,Brisbane
385993,Brisbane
385994,Brisbane
385995,Brisbane
385996,Brisbane
385997,Brisbane
385998,Brisbane
385999,Brisbane
386000,Brisbane
386001,Brisbane
386002,Brisbane
386003,Brisbane
386004,Brisbane
386005,Perth
386006,Sydney
386007,Brisbane
386008,Brisbane
386009,Brisbane
386010,Brisbane
386011,Melbourne
386012,Brisbane
386013,Brisbane
386014,Brisbane
386015,Brisbane
386016,Brisbane
386017,Brisbane
386018,Brisbane
386019,Brisbane
386020,Brisbane
386021,Brisbane
386022,Sydney
386023,Brisbane
386024,Brisbane
386025,Sydney
386026,Brisbane
386027,Brisbane
386028,Sydney
386029,Brisbane
386030,Brisbane
386031,Brisbane
386032,Brisbane
386033,Brisbane
386034,Brisbane
386035,Brisbane
386036,Brisbane
386037,Brisbane
386038,Perth
386039,Brisbane
386040,Brisbane
386041,Brisbane
386042,Brisbane
386043,Brisbane
386044,Brisbane
386045,Brisbane
386046,Brisbane
386047,Brisbane
386048,Brisbane
386049,Brisbane
386050,Brisbane
386051,Brisbane
386052,Brisbane
386053,Brisbane
386054,Brisbane
386055,Perth
386056,Brisbane
386057,Brisbane
386058,Brisbane
386059,Brisbane
386060,Brisbane
386061,Brisbane
386062,Melbourne
386063,Brisbane
386064,Brisbane
386065,Brisbane
386066,Brisbane
386067,Brisbane
386068,Brisbane
386069,Brisbane
386070,Brisbane
386071,Perth
386072,Brisbane
386073,Brisbane
386074,Brisbane
386075,Brisbane
386076,Brisbane
386077,Brisbane
386078,Brisbane
386079,Brisbane
386080,Brisbane
386081,Brisbane
386082,Brisbane
386083,Brisbane
386084,Brisbane
386085,Brisbane
386086,Brisbane
386087,Brisbane
386088,Brisbane
386089,Perth
386090,Sydney
386091,Brisbane
386092,Brisbane
386093,Brisbane
386094,Brisbane
386095,Melbourne
386096,Brisbane
386097,Brisbane
386098,Brisbane
386099,Brisbane
386100,Brisbane
386101,Brisbane
386102,Brisbane
386103,Perth
386104,Brisbane
386105,Melbourne
386106,Sydney
386107,Brisbane
386108,Brisbane
386109,Brisbane
386110,Brisbane
386111,Brisbane
386112,Brisbane
386113,Brisbane
386114,Brisbane
386115,Brisbane
386116,Brisbane
386117,Sydney
386118,Perth
386119,Brisbane
386120,Melbourne
386121,Melbourne
386122,Sydney
386123,Brisbane
386124,Brisbane
386125,Perth
386126,Brisbane
386127,Brisbane
386128,Brisbane
386129,Brisbane
386130,Brisbane
386131,Brisbane
386132,Brisbane
386133,Brisbane
386134,Brisbane
386135,Brisbane
386136,Brisbane
386137,Brisbane
386138,Brisbane
386139,Brisbane
386140,Brisbane
386141,Brisbane
386142,Brisbane
386143,Brisbane
386144,Brisbane
386145,Brisbane
386146,Brisbane
386147,Brisbane
386148,Brisbane
386149,Brisbane
386150,Brisbane
386151,Brisbane
386152,Brisbane
386153,Brisbane
386154,Brisbane
386155,Sydney
386156,Brisbane
386157,Brisbane
386158,Brisbane
386159,Brisbane
386160,Brisbane
386161,Brisbane
386162,Brisbane
386163,Brisbane
386164,Sydney
386165,Brisbane
386166,Perth
386167,Brisbane
386168,Brisbane
386169,Brisbane
386170,Brisbane
386171,Brisbane
386172,Sydney
386173,Brisbane
386174,Brisbane
386175,Brisbane
386176,Brisbane
386177,Brisbane
386178,Brisbane
386179,Brisbane
386180,Brisbane
386181,Brisbane
386182,Brisbane
386183,Brisbane
386184,Brisbane
386185,Brisbane
386186,Brisbane
386187,Brisbane
386188,Brisbane
386189,Brisbane
386190,Brisbane
386191,Brisbane
386192,Brisbane
386193,Brisbane
386194,Brisbane
386195,Brisbane
386196,Brisbane
386197,Brisbane
386198,Brisbane
386199,Brisbane
386200,Brisbane
386201,Brisbane
386202,Brisbane
386203,Brisbane
386204,Brisbane
386205,Brisbane
386206,Brisbane
386207,Brisbane
386208,Brisbane
386209,Brisbane
386210,Perth
386211,Brisbane
386212,Brisbane
386213,Brisbane
386214,Brisbane
386215,Brisbane
386216,Brisbane
386217,Brisbane
386218,Brisbane
386219,Brisbane
386220,Sydney
386221,Brisbane
386222,Brisbane
386223,Brisbane
386224,Brisbane
386225,Brisbane
386226,Brisbane
386227,Brisbane
386228,Brisbane
386229,Brisbane
386230,Brisbane
386231,Brisbane
386232,Brisbane
386233,Brisbane
386234,Brisbane
386235,Melbourne
386236,Brisbane
386237,Brisbane
386238,Brisbane
386239,Brisbane
386240,Brisbane
386241,Brisbane
386242,Perth
386243,Brisbane
386244,Brisbane
386245,Brisbane
386246,Brisbane
386247,Brisbane
386248,Perth
386249,Brisbane
386250,Brisbane
386251,Brisbane
386252,Brisbane
386253,Brisbane
386254,Brisbane
386255,Brisbane
386256,Brisbane
386257,Brisbane
386258,Perth
386259,Brisbane
386260,Melbourne
386261,Brisbane
386262,Brisbane
386263,Brisbane
386264,Brisbane
386265,Brisbane
386266,Brisbane
386267,Brisbane
386268,Brisbane
386269,Brisbane
386270,Brisbane
386271,Brisbane
386272,Brisbane
386273,Brisbane
386274,Brisbane
386275,Brisbane
386276,Brisbane
386277,Brisbane
386278,Brisbane
386279,Brisbane
386280,Brisbane
386281,Brisbane
386282,Brisbane
386283,Brisbane
386284,Perth
386285,Brisbane
386286,Brisbane
386287,Brisbane
386288,Brisbane
386289,Sydney
386290,Brisbane
386291,Brisbane
386292,Perth
386293,Brisbane
386294,Brisbane
386295,Brisbane
386296,Brisbane
386297,Brisbane
386298,Brisbane
386299,Brisbane
386300,Brisbane
386301,Brisbane
386302,Brisbane
386303,Brisbane
386304,Brisbane
386305,Brisbane
386306,Brisbane
386307,Brisbane
386308,Brisbane
386309,Brisbane
386310,Brisbane
386311,Brisbane
386312,Brisbane
386313,Brisbane
386314,Brisbane
386315,Brisbane
386316,Perth
386317,Perth
386318,Brisbane
386319,Brisbane
386320,Brisbane
386321,Brisbane
386322,Brisbane
386323,Brisbane
386324,Brisbane
386325,Brisbane
386326,Brisbane
386327,Brisbane
386328,Brisbane
386329,Sydney
386330,Brisbane
386331,Brisbane
386332,Brisbane
386333,Brisbane
386334,Brisbane
386335,Brisbane
386336,Brisbane
386337,Brisbane
386338,Brisbane
386339,Brisbane
386340,Brisbane
386341,Brisbane
386342,Sydney
386343,Brisbane
386344,Perth
386345,Brisbane
386346,Brisbane
386347,Perth
386348,Brisbane
386349,Brisbane
386350,Brisbane
386351,Brisbane
386352,Brisbane
386353,Sydney
386354,Brisbane
386355,Brisbane
386356,Brisbane
386357,Brisbane
386358,Brisbane
386359,Brisbane
386360,Brisbane
386361,Brisbane
386362,Perth
386363,Brisbane
386364,Brisbane
386365,Brisbane
386366,Brisbane
386367,Brisbane
386368,Brisbane
386369,Perth
386370,Brisbane
386371,Brisbane
386372,Brisbane
386373,Brisbane
386374,Brisbane
386375,Brisbane
386376,Brisbane
386377,Brisbane
386378,Brisbane
386379,Brisbane
386380,Brisbane
386381,Brisbane
386382,Brisbane
386383,Brisbane
386384,Brisbane
386385,Melbourne
386386,Brisbane
386387,Brisbane
386388,Brisbane
386389,Brisbane
386390,Brisbane
386391,Brisbane
386392,Brisbane
386393,Brisbane
386394,Brisbane
386395,Perth
386396,Brisbane
386397,Brisbane
386398,Brisbane
386399,Brisbane
386400,Brisbane
386401,Perth
386402,Brisbane
386403,Brisbane
386404,Brisbane
386405,Brisbane
386406,Brisbane
386407,Perth
386408,Brisbane
386409,Brisbane
386410,Brisbane
386411,Brisbane
386412,Brisbane
386413,Brisbane
386414,Brisbane
386415,Brisbane
386416,Brisbane
386417,Sydney
386418,Brisbane
386419,Brisbane
386420,Brisbane
386421,Brisbane
386422,Brisbane
386423,Brisbane
386424,Sydney
386425,Brisbane
386426,Brisbane
386427,Brisbane
386428,Brisbane
386429,Brisbane
386430,Brisbane
386431,Brisbane
386432,Brisbane
386433,Brisbane
386434,Brisbane
386435,Sydney
386436,Brisbane
386437,Brisbane
386438,Brisbane
386439,Brisbane
386440,Brisbane
386441,Brisbane
386442,Brisbane
386443,Brisbane
386444,Brisbane
386445,Brisbane
386446,Brisbane
386447,Brisbane
386448,Brisbane
386449,Brisbane
386450,Brisbane
386451,Brisbane
386452,Brisbane
386453,Melbourne
386454,Brisbane
386455,Brisbane
386456,Brisbane
386457,Brisbane
386458,Brisbane
386459,Brisbane
386460,Brisbane
386461,Brisbane
386462,Brisbane
386463,Melbourne
386464,Brisbane
386465,Brisbane
386466,Brisbane
386467,Perth
386468,Brisbane
386469,Brisbane
386470,Sydney
386471,Brisbane
386472,Brisbane
386473,Brisbane
386474,Brisbane
386475,Brisbane
386476,Brisbane
386477,Perth
386478,Brisbane
386479,Brisbane
386480,Melbourne
386481,Sydney
386482,Brisbane
386483,Brisbane
386484,Brisbane
386485,Brisbane
386486,Brisbane
386487,Sydney
386488,Brisbane
386489,Melbourne
386490,Perth
386491,Brisbane
386492,Brisbane
386493,Brisbane
386494,Brisbane
386495,Brisbane
386496,Brisbane
386497,Brisbane
386498,Brisbane
386499,Brisbane
386500,Brisbane
386501,Brisbane
386502,Brisbane
386503,Brisbane
386504,Brisbane
386505,Brisbane
386506,Brisbane
386507,Brisbane
386508,Brisbane
386509,Brisbane
386510,Brisbane
386511,Brisbane
386512,Brisbane
386513,Brisbane
386514,Brisbane
386515,Perth
386516,Brisbane
386517,Brisbane
386518,Brisbane
386519,Brisbane
386520,Brisbane
386521,Brisbane
386522,Melbourne
386523,Brisbane
386524,Sydney
386525,Brisbane
386526,Brisbane
386527,Brisbane
386528,Brisbane
386529,Brisbane
386530,Brisbane
386531,Brisbane
386532,Sydney
386533,Brisbane
386534,Brisbane
386535,Brisbane
386536,Brisbane
386537,Brisbane
386538,Brisbane
386539,Brisbane
386540,Brisbane
386541,Perth
386542,Brisbane
386543,Melbourne
386544,Melbourne
386545,Perth
386546,Brisbane
386547,Brisbane
386548,Brisbane
386549,Brisbane
386550,Brisbane
386551,Brisbane
386552,Brisbane
386553,Brisbane
386554,Brisbane
386555,Brisbane
386556,Brisbane
386557,Brisbane
386558,Brisbane
386559,Brisbane
386560,Sydney
386561,Brisbane
386562,Brisbane
386563,Brisbane
386564,Brisbane
386565,Brisbane
386566,Brisbane
386567,Brisbane
386568,Brisbane
386569,Brisbane
386570,Brisbane
386571,Brisbane
386572,Brisbane
386573,Brisbane
386574,Brisbane
386575,Brisbane
386576,Brisbane
386577,Brisbane
386578,Brisbane
386579,Brisbane
386580,Brisbane
386581,Brisbane
386582,Brisbane
386583,Brisbane
386584,Brisbane
386585,Brisbane
386586,Brisbane
386587,Brisbane
386588,Brisbane
386589,Brisbane
386590,Sydney
386591,Brisbane
386592,Brisbane
386593,Brisbane
386594,Brisbane
386595,Brisbane
386596,Brisbane
386597,Brisbane
386598,Brisbane
386599,Brisbane
386600,Brisbane
386601,Brisbane
386602,Brisbane
386603,Brisbane
386604,Brisbane
386605,Brisbane
386606,Brisbane
386607,Brisbane
386608,Brisbane
386609,Brisbane
386610,Brisbane
386611,Brisbane
386612,Brisbane
386613,Brisbane
386614,Brisbane
386615,Brisbane
386616,Brisbane
386617,Brisbane
386618,Brisbane
386619,Brisbane
386620,Brisbane
386621,Brisbane
386622,Sydney
386623,Brisbane
386624,Brisbane
386625,Brisbane
386626,Brisbane
386627,Brisbane
386628,Brisbane
386629,Sydney
386630,Brisbane
386631,Brisbane
386632,Brisbane
386633,Brisbane
386634,Brisbane
386635,Brisbane
386636,Brisbane
386637,Melbourne
386638,Brisbane
386639,Brisbane
386640,Brisbane
386641,Brisbane
386642,Brisbane
386643,Brisbane
386644,Brisbane
386645,Brisbane
386646,Perth
386647,Brisbane
386648,Brisbane
386649,Brisbane
386650,Brisbane
386651,Brisbane
386652,Brisbane
386653,Brisbane
386654,Brisbane
386655,Perth
386656,Brisbane
386657,Brisbane
386658,Brisbane
386659,Brisbane
386660,Brisbane
386661,Brisbane
386662,Brisbane
386663,Brisbane
386664,Brisbane
386665,Brisbane
386666,Brisbane
386667,Brisbane
386668,Brisbane
386669,Brisbane
386670,Sydney
386671,Brisbane
386672,Perth
386673,Brisbane
386674,Brisbane
386675,Brisbane
386676,Brisbane
386677,Brisbane
386678,Brisbane
386679,Brisbane
386680,Brisbane
386681,Brisbane
386682,Brisbane
386683,Brisbane
386684,Melbourne
386685,Brisbane
386686,Brisbane
386687,Brisbane
386688,Brisbane
386689,Perth
386690,Brisbane
386691,Brisbane
386692,Brisbane
386693,Brisbane
386694,Brisbane
386695,Brisbane
386696,Brisbane
386697,Brisbane
386698,Perth
386699,Brisbane
386700,Brisbane
386701,Brisbane
386702,Brisbane
386703,Brisbane
386704,Brisbane
386705,Brisbane
386706,Brisbane
386707,Brisbane
386708,Brisbane
386709,Melbourne
386710,Brisbane
386711,Brisbane
386712,Brisbane
386713,Brisbane
386714,Brisbane
386715,Brisbane
386716,Brisbane
386717,Brisbane
386718,Brisbane
386719,Brisbane
386720,Melbourne
386721,Brisbane
386722,Sydney
386723,Brisbane
386724,Brisbane
386725,Brisbane
386726,Brisbane
386727,Brisbane
386728,Brisbane
386729,Brisbane
386730,Brisbane
386731,Brisbane
386732,Brisbane
386733,Brisbane
386734,Brisbane
386735,Brisbane
386736,Brisbane
386737,Brisbane
386738,Brisbane
386739,Brisbane
386740,Brisbane
386741,Brisbane
386742,Brisbane
386743,Brisbane
386744,Brisbane
386745,Brisbane
386746,Brisbane
386747,Brisbane
386748,Brisbane
386749,Brisbane
386750,Brisbane
386751,Brisbane
386752,Sydney
386753,Brisbane
386754,Brisbane
386755,Brisbane
386756,Brisbane
386757,Brisbane
386758,Brisbane
386759,Brisbane
386760,Brisbane
386761,Brisbane
386762,Brisbane
386763,Brisbane
386764,Brisbane
386765,Brisbane
386766,Brisbane
386767,Brisbane
386768,Brisbane
386769,Brisbane
386770,Brisbane
386771,Brisbane
386772,Brisbane
386773,Brisbane
386774,Brisbane
386775,Brisbane
386776,Brisbane
386777,Brisbane
386778,Brisbane
386779,Brisbane
386780,Sydney
386781,Brisbane
386782,Brisbane
386783,Brisbane
386784,Brisbane
386785,Brisbane
386786,Brisbane
386787,Brisbane
386788,Brisbane
386789,Brisbane
386790,Brisbane
386791,Brisbane
386792,Brisbane
386793,Brisbane
386794,Brisbane
386795,Brisbane
386796,Perth
386797,Brisbane
386798,Brisbane
386799,Brisbane
386800,Melbourne
386801,Brisbane
386802,Brisbane
386803,Brisbane
386804,Brisbane
386805,Brisbane
386806,Melbourne
386807,Brisbane
386808,Brisbane
386809,Brisbane
386810,Brisbane
386811,Brisbane
386812,Brisbane
386813,Brisbane
386814,Brisbane
386815,Brisbane
386816,Brisbane
386817,Brisbane
386818,Brisbane
386819,Brisbane
386820,Brisbane
386821,Brisbane
386822,Brisbane
386823,Brisbane
386824,Brisbane
386825,Brisbane
386826,Brisbane
386827,Brisbane
386828,Brisbane
386829,Brisbane
386830,Perth
386831,Brisbane
386832,Brisbane
386833,Perth
386834,Brisbane
386835,Brisbane
386836,Sydney
386837,Brisbane
386838,Brisbane
386839,Melbourne
386840,Brisbane
386841,Brisbane
386842,Brisbane
386843,Brisbane
386844,Brisbane
386845,Melbourne
386846,Brisbane
386847,Brisbane
386848,Brisbane
386849,Brisbane
386850,Brisbane
386851,Brisbane
386852,Brisbane
386853,Brisbane
386854,Brisbane
386855,Brisbane
386856,Brisbane
386857,Brisbane
386858,Brisbane
386859,Brisbane
386860,Brisbane
386861,Brisbane
386862,Brisbane
386863,Brisbane
386864,Brisbane
386865,Brisbane
386866,Brisbane
386867,Brisbane
386868,Brisbane
386869,Brisbane
386870,Brisbane
386871,Melbourne
386872,Brisbane
386873,Perth
386874,Brisbane
386875,Sydney
386876,Brisbane
386877,Brisbane
386878,Brisbane
386879,Brisbane
386880,Brisbane
386881,Brisbane
386882,Brisbane
386883,Brisbane
386884,Brisbane
386885,Brisbane
386886,Brisbane
386887,Perth
386888,Brisbane
386889,Melbourne
386890,Brisbane
386891,Brisbane
386892,Brisbane
386893,Brisbane
386894,Brisbane
386895,Brisbane
386896,Melbourne
386897,Brisbane
386898,Brisbane
386899,Brisbane
386900,Brisbane
386901,Brisbane
386902,Brisbane
386903,Brisbane
386904,Brisbane
386905,Brisbane
386906,Brisbane
386907,Brisbane
386908,Brisbane
386909,Brisbane
386910,Brisbane
386911,Brisbane
386912,Brisbane
386913,Brisbane
386914,Brisbane
386915,Brisbane
386916,Brisbane
386917,Brisbane
386918,Brisbane
386919,Brisbane
386920,Brisbane
386921,Brisbane
386922,Brisbane
386923,Brisbane
386924,Brisbane
386925,Brisbane
386926,Brisbane
386927,Brisbane
386928,Brisbane
386929,Brisbane
386930,Brisbane
386931,Brisbane
386932,Brisbane
386933,Brisbane
386934,Sydney
386935,Brisbane
386936,Brisbane
386937,Brisbane
386938,Brisbane
386939,Brisbane
386940,Brisbane
386941,Brisbane
386942,Brisbane
386943,Brisbane
386944,Brisbane
386945,Brisbane
386946,Brisbane
386947,Brisbane
386948,Perth
386949,Brisbane
386950,Perth
386951,Brisbane
386952,Brisbane
386953,Brisbane
386954,Brisbane
386955,Brisbane
386956,Brisbane
386957,Perth
386958,Brisbane
386959,Brisbane
386960,Melbourne
386961,Brisbane
386962,Brisbane
386963,Brisbane
386964,Brisbane
386965,Brisbane
386966,Sydney
386967,Brisbane
386968,Brisbane
386969,Melbourne
386970,Brisbane
386971,Brisbane
386972,Brisbane
386973,Brisbane
386974,Brisbane
386975,Brisbane
386976,Sydney
386977,Brisbane
386978,Brisbane
386979,Brisbane
386980,Brisbane
386981,Brisbane
386982,Brisbane
386983,Brisbane
386984,Brisbane
386985,Brisbane
386986,Melbourne
386987,Brisbane
386988,Sydney
386989,Brisbane
386990,Brisbane
386991,Brisbane
386992,Brisbane
386993,Brisbane
386994,Brisbane
386995,Perth
386996,Brisbane
386997,Brisbane
386998,Brisbane
386999,Sydney
387000,Brisbane
387001,Brisbane
387002,Brisbane
387003,Brisbane
387004,Brisbane
387005,Brisbane
387006,Brisbane
387007,Brisbane
387008,Brisbane
387009,Brisbane
387010,Brisbane
387011,Sydney
387012,Brisbane
387013,Brisbane
387014,Brisbane
387015,Brisbane
387016,Brisbane
387017,Brisbane
387018,Sydney
387019,Perth
387020,Brisbane
387021,Brisbane
387022,Brisbane
387023,Brisbane
387024,Brisbane
387025,Brisbane
387026,Sydney
387027,Brisbane
387028,Brisbane
387029,Melbourne
387030,Brisbane
387031,Brisbane
387032,Brisbane
387033,Brisbane
387034,Brisbane
387035,Brisbane
387036,Brisbane
387037,Brisbane
387038,Brisbane
387039,Brisbane
387040,Brisbane
387041,Brisbane
387042,Brisbane
387043,Brisbane
387044,Brisbane
387045,Brisbane
387046,Sydney
387047,Brisbane
387048,Brisbane
387049,Brisbane
387050,Brisbane
387051,Perth
387052,Brisbane
387053,Brisbane
387054,Brisbane
387055,Perth
387056,Brisbane
387057,Brisbane
387058,Brisbane
387059,Brisbane
387060,Brisbane
387061,Brisbane
387062,Brisbane
387063,Brisbane
387064,Brisbane
387065,Brisbane
387066,Brisbane
387067,Brisbane
387068,Brisbane
387069,Brisbane
387070,Brisbane
387071,Perth
387072,Perth
387073,Brisbane
387074,Brisbane
387075,Brisbane
387076,Brisbane
387077,Brisbane
387078,Sydney
387079,Brisbane
387080,Brisbane
387081,Brisbane
387082,Brisbane
387083,Brisbane
387084,Brisbane
387085,Brisbane
387086,Sydney
387087,Brisbane
387088,Brisbane
387089,Brisbane
387090,Brisbane
387091,Brisbane
387092,Brisbane
387093,Brisbane
387094,Perth
387095,Brisbane
387096,Brisbane
387097,Sydney
387098,Brisbane
387099,Brisbane
387100,Brisbane
387101,Brisbane
387102,Brisbane
387103,Brisbane
387104,Brisbane
387105,Brisbane
387106,Brisbane
387107,Brisbane
387108,Brisbane
387109,Brisbane
387110,Brisbane
387111,Brisbane
387112,Brisbane
387113,Brisbane
387114,Brisbane
387115,Brisbane
387116,Brisbane
387117,Brisbane
387118,Brisbane
387119,Brisbane
387120,Brisbane
387121,Brisbane
387122,Perth
387123,Brisbane
387124,Brisbane
387125,Brisbane
387126,Brisbane
387127,Brisbane
387128,Brisbane
387129,Brisbane
387130,Brisbane
387131,Brisbane
387132,Brisbane
387133,Brisbane
387134,Brisbane
387135,Brisbane
387136,Brisbane
387137,Brisbane
387138,Brisbane
387139,Brisbane
387140,Brisbane
387141,Brisbane
387142,Brisbane
387143,Brisbane
387144,Brisbane
387145,Brisbane
387146,Perth
387147,Brisbane
387148,Sydney
387149,Brisbane
387150,Brisbane
387151,Brisbane
387152,Brisbane
387153,Brisbane
387154,Brisbane
387155,Brisbane
387156,Brisbane
387157,Brisbane
387158,Sydney
387159,Brisbane
387160,Brisbane
387161,Brisbane
387162,Brisbane
387163,Brisbane
387164,Brisbane
387165,Brisbane
387166,Brisbane
387167,Brisbane
387168,Brisbane
387169,Brisbane
387170,Brisbane
387171,Brisbane
387172,Brisbane
387173,Brisbane
387174,Melbourne
387175,Brisbane
387176,Brisbane
387177,Brisbane
387178,Brisbane
387179,Brisbane
387180,Brisbane
387181,Brisbane
387182,Brisbane
387183,Brisbane
387184,Perth
387185,Brisbane
387186,Brisbane
387187,Brisbane
387188,Brisbane
387189,Brisbane
387190,Brisbane
387191,Brisbane
387192,Brisbane
387193,Perth
387194,Sydney
387195,Brisbane
387196,Brisbane
387197,Brisbane
387198,Brisbane
387199,Brisbane
387200,Brisbane
387201,Melbourne
387202,Brisbane
387203,Brisbane
387204,Brisbane
387205,Brisbane
387206,Brisbane
387207,Brisbane
387208,Brisbane
387209,Melbourne
387210,Brisbane
387211,Brisbane
387212,Brisbane
387213,Brisbane
387214,Brisbane
387215,Brisbane
387216,Brisbane
387217,Brisbane
387218,Brisbane
387219,Brisbane
387220,Brisbane
387221,Brisbane
387222,Brisbane
387223,Brisbane
387224,Brisbane
387225,Brisbane
387226,Brisbane
387227,Brisbane
387228,Brisbane
387229,Brisbane
387230,Brisbane
387231,Brisbane
387232,Brisbane
387233,Sydney
387234,Brisbane
387235,Brisbane
387236,Brisbane
387237,Brisbane
387238,Brisbane
387239,Brisbane
387240,Brisbane
387241,Brisbane
387242,Brisbane
387243,Brisbane
387244,Brisbane
387245,Brisbane
387246,Brisbane
387247,Brisbane
387248,Brisbane
387249,Brisbane
387250,Brisbane
387251,Sydney
387252,Brisbane
387253,Brisbane
387254,Brisbane
387255,Brisbane
387256,Brisbane
387257,Brisbane
387258,Brisbane
387259,Brisbane
387260,Brisbane
387261,Brisbane
387262,Brisbane
387263,Brisbane
387264,Brisbane
387265,Perth
387266,Brisbane
387267,Brisbane
387268,Brisbane
387269,Brisbane
387270,Brisbane
387271,Brisbane
387272,Brisbane
387273,Brisbane
387274,Brisbane
387275,Brisbane
387276,Brisbane
387277,Brisbane
387278,Brisbane
387279,Brisbane
387280,Brisbane
387281,Perth
387282,Perth
387283,Brisbane
387284,Brisbane
387285,Brisbane
387286,Brisbane
387287,Brisbane
387288,Brisbane
387289,Brisbane
387290,Brisbane
387291,Brisbane
387292,Brisbane
387293,Brisbane
387294,Brisbane
387295,Brisbane
387296,Brisbane
387297,Brisbane
387298,Brisbane
387299,Brisbane
387300,Brisbane
387301,Perth
387302,Brisbane
387303,Brisbane
387304,Brisbane
387305,Brisbane
387306,Brisbane
387307,Brisbane
387308,Brisbane
387309,Brisbane
387310,Brisbane
387311,Brisbane
387312,Brisbane
387313,Brisbane
387314,Brisbane
387315,Brisbane
387316,Brisbane
387317,Brisbane
387318,Brisbane
387319,Brisbane
387320,Brisbane
387321,Brisbane
387322,Brisbane
387323,Brisbane
387324,Brisbane
387325,Sydney
387326,Brisbane
387327,Brisbane
387328,Brisbane
387329,Brisbane
387330,Brisbane
387331,Sydney
387332,Brisbane
387333,Brisbane
387334,Brisbane
387335,Brisbane
387336,Brisbane
387337,Brisbane
387338,Brisbane
387339,Brisbane
387340,Brisbane
387341,Brisbane
387342,Brisbane
387343,Brisbane
387344,Brisbane
387345,Brisbane
387346,Brisbane
387347,Brisbane
387348,Brisbane
387349,Brisbane
387350,Brisbane
387351,Brisbane
387352,Sydney
387353,Brisbane
387354,Brisbane
387355,Brisbane
387356,Brisbane
387357,Brisbane
387358,Brisbane
387359,Brisbane
387360,Brisbane
387361,Brisbane
387362,Brisbane
387363,Brisbane
387364,Brisbane
387365,Brisbane
387366,Brisbane
387367,Brisbane
387368,Brisbane
387369,Brisbane
387370,Brisbane
387371,Sydney
387372,Brisbane
387373,Brisbane
387374,Brisbane
387375,Brisbane
387376,Brisbane
387377,Brisbane
387378,Brisbane
387379,Brisbane
387380,Brisbane
387381,Brisbane
387382,Brisbane
387383,Brisbane
387384,Brisbane
387385,Brisbane
387386,Brisbane
387387,Brisbane
387388,Brisbane
387389,Brisbane
387390,Brisbane
387391,Brisbane
387392,Brisbane
387393,Brisbane
387394,Brisbane
387395,Brisbane
387396,Brisbane
387397,Brisbane
387398,Brisbane
387399,Brisbane
387400,Brisbane
387401,Brisbane
387402,Brisbane
387403,Brisbane
387404,Brisbane
387405,Brisbane
387406,Brisbane
387407,Brisbane
387408,Sydney
387409,Brisbane
387410,Brisbane
387411,Brisbane
387412,Brisbane
387413,Brisbane
387414,Brisbane
387415,Brisbane
387416,Brisbane
387417,Brisbane
387418,Brisbane
387419,Brisbane
387420,Brisbane
387421,Brisbane
387422,Brisbane
387423,Brisbane
387424,Brisbane
387425,Brisbane
387426,Brisbane
387427,Brisbane
387428,Brisbane
387429,Brisbane
387430,Brisbane
387431,Perth
387432,Brisbane
387433,Brisbane
387434,Brisbane
387435,Brisbane
387436,Brisbane
387437,Brisbane
387438,Sydney
387439,Brisbane
387440,Sydney
387441,Brisbane
387442,Brisbane
387443,Brisbane
387444,Brisbane
387445,Sydney
387446,Brisbane
387447,Perth
387448,Melbourne
387449,Brisbane
387450,Brisbane
387451,Brisbane
387452,Brisbane
387453,Brisbane
387454,Brisbane
387455,Brisbane
387456,Brisbane
387457,Brisbane
387458,Brisbane
387459,Sydney
387460,Brisbane
387461,Brisbane
387462,Sydney
387463,Brisbane
387464,Brisbane
387465,Brisbane
387466,Melbourne
387467,Brisbane
387468,Brisbane
387469,Brisbane
387470,Brisbane
387471,Brisbane
387472,Sydney
387473,Brisbane
387474,Brisbane
387475,Brisbane
387476,Sydney
387477,Brisbane
387478,Brisbane
387479,Brisbane
387480,Brisbane
387481,Brisbane
387482,Brisbane
387483,Brisbane
387484,Brisbane
387485,Brisbane
387486,Perth
387487,Brisbane
387488,Brisbane
387489,Brisbane
387490,Brisbane
387491,Brisbane
387492,Brisbane
387493,Brisbane
387494,Sydney
387495,Brisbane
387496,Brisbane
387497,Melbourne
387498,Brisbane
387499,Brisbane
387500,Brisbane
387501,Brisbane
387502,Sydney
387503,Brisbane
387504,Brisbane
387505,Brisbane
387506,Brisbane
387507,Brisbane
387508,Brisbane
387509,Brisbane
387510,Brisbane
387511,Brisbane
387512,Sydney
387513,Brisbane
387514,Brisbane
387515,Brisbane
387516,Brisbane
387517,Brisbane
387518,Brisbane
387519,Brisbane
387520,Brisbane
387521,Brisbane
387522,Brisbane
387523,Brisbane
387524,Brisbane
387525,Brisbane
387526,Brisbane
387527,Brisbane
387528,Brisbane
387529,Brisbane
387530,Brisbane
387531,Brisbane
387532,Brisbane
387533,Sydney
387534,Brisbane
387535,Brisbane
387536,Brisbane
387537,Brisbane
387538,Brisbane
387539,Brisbane
387540,Sydney
387541,Brisbane
387542,Brisbane
387543,Brisbane
387544,Brisbane
387545,Melbourne
387546,Brisbane
387547,Brisbane
387548,Brisbane
387549,Brisbane
387550,Brisbane
387551,Brisbane
387552,Brisbane
387553,Brisbane
387554,Brisbane
387555,Brisbane
387556,Brisbane
387557,Brisbane
387558,Brisbane
387559,Perth
387560,Brisbane
387561,Brisbane
387562,Brisbane
387563,Brisbane
387564,Brisbane
387565,Brisbane
387566,Brisbane
387567,Sydney
387568,Brisbane
387569,Brisbane
387570,Brisbane
387571,Brisbane
387572,Brisbane
387573,Brisbane
387574,Sydney
387575,Melbourne
387576,Brisbane
387577,Brisbane
387578,Brisbane
387579,Brisbane
387580,Brisbane
387581,Brisbane
387582,Brisbane
387583,Brisbane
387584,Brisbane
387585,Sydney
387586,Brisbane
387587,Sydney
387588,Brisbane
387589,Brisbane
387590,Sydney
387591,Brisbane
387592,Brisbane
387593,Brisbane
387594,Brisbane
387595,Brisbane
387596,Brisbane
387597,Brisbane
387598,Brisbane
387599,Brisbane
387600,Brisbane
387601,Brisbane
387602,Brisbane
387603,Brisbane
387604,Brisbane
387605,Brisbane
387606,Brisbane
387607,Brisbane
387608,Brisbane
387609,Brisbane
387610,Brisbane
387611,Brisbane
387612,Brisbane
387613,Brisbane
387614,Brisbane
387615,Perth
387616,Brisbane
387617,Brisbane
387618,Brisbane
387619,Brisbane
387620,Brisbane
387621,Brisbane
387622,Brisbane
387623,Brisbane
387624,Brisbane
387625,Brisbane
387626,Brisbane
387627,Brisbane
387628,Brisbane
387629,Brisbane
387630,Brisbane
387631,Brisbane
387632,Sydney
387633,Brisbane
387634,Brisbane
387635,Brisbane
387636,Brisbane
387637,Brisbane
387638,Brisbane
387639,Brisbane
387640,Brisbane
387641,Brisbane
387642,Brisbane
387643,Brisbane
387644,Brisbane
387645,Brisbane
387646,Brisbane
387647,Brisbane
387648,Brisbane
387649,Brisbane
387650,Brisbane
387651,Brisbane
387652,Sydney
387653,Brisbane
387654,Brisbane
387655,Brisbane
387656,Melbourne
387657,Brisbane
387658,Brisbane
387659,Brisbane
387660,Brisbane
387661,Brisbane
387662,Brisbane
387663,Brisbane
387664,Brisbane
387665,Brisbane
387666,Brisbane
387667,Brisbane
387668,Brisbane
387669,Brisbane
387670,Melbourne
387671,Brisbane
387672,Brisbane
387673,Brisbane
387674,Brisbane
387675,Brisbane
387676,Brisbane
387677,Brisbane
387678,Brisbane
387679,Brisbane
387680,Sydney
387681,Brisbane
387682,Brisbane
387683,Brisbane
387684,Brisbane
387685,Melbourne
387686,Sydney
387687,Brisbane
387688,Brisbane
387689,Melbourne
387690,Brisbane
387691,Brisbane
387692,Brisbane
387693,Brisbane
387694,Brisbane
387695,Brisbane
387696,Brisbane
387697,Brisbane
387698,Brisbane
387699,Brisbane
387700,Brisbane
387701,Brisbane
387702,Brisbane
387703,Perth
387704,Brisbane
387705,Brisbane
387706,Brisbane
387707,Brisbane
387708,Brisbane
387709,Brisbane
387710,Brisbane
387711,Brisbane
387712,Brisbane
387713,Brisbane
387714,Brisbane
387715,Brisbane
387716,Brisbane
387717,Brisbane
387718,Brisbane
387719,Brisbane
387720,Brisbane
387721,Brisbane
387722,Brisbane
387723,Brisbane
387724,Brisbane
387725,Brisbane
387726,Brisbane
387727,Brisbane
387728,Sydney
387729,Brisbane
387730,Brisbane
387731,Brisbane
387732,Brisbane
387733,Brisbane
387734,Brisbane
387735,Brisbane
387736,Brisbane
387737,Brisbane
387738,Brisbane
387739,Brisbane
387740,Brisbane
387741,Brisbane
387742,Brisbane
387743,Brisbane
387744,Brisbane
387745,Brisbane
387746,Brisbane
387747,Sydney
387748,Brisbane
387749,Brisbane
387750,Brisbane
387751,Melbourne
387752,Brisbane
387753,Brisbane
387754,Brisbane
387755,Brisbane
387756,Brisbane
387757,Brisbane
387758,Brisbane
387759,Brisbane
387760,Brisbane
387761,Brisbane
387762,Brisbane
387763,Melbourne
387764,Brisbane
387765,Brisbane
387766,Brisbane
387767,Brisbane
387768,Brisbane
387769,Brisbane
387770,Brisbane
387771,Brisbane
387772,Brisbane
387773,Brisbane
387774,Brisbane
387775,Brisbane
387776,Brisbane
387777,Brisbane
387778,Brisbane
387779,Melbourne
387780,Brisbane
387781,Brisbane
387782,Brisbane
387783,Brisbane
387784,Brisbane
387785,Brisbane
387786,Brisbane
387787,Brisbane
387788,Sydney
387789,Brisbane
387790,Brisbane
387791,Sydney
387792,Brisbane
387793,Perth
387794,Brisbane
387795,Brisbane
387796,Brisbane
387797,Brisbane
387798,Brisbane
387799,Sydney
387800,Brisbane
387801,Brisbane
387802,Brisbane
387803,Brisbane
387804,Melbourne
387805,Brisbane
387806,Brisbane
387807,Brisbane
387808,Brisbane
387809,Brisbane
387810,Brisbane
387811,Brisbane
387812,Brisbane
387813,Brisbane
387814,Brisbane
387815,Perth
387816,Brisbane
387817,Brisbane
387818,Brisbane
387819,Brisbane
387820,Brisbane
387821,Brisbane
387822,Brisbane
387823,Brisbane
387824,Brisbane
387825,Brisbane
387826,Brisbane
387827,Brisbane
387828,Sydney
387829,Brisbane
387830,Brisbane
387831,Brisbane
387832,Brisbane
387833,Brisbane
387834,Brisbane
387835,Brisbane
387836,Brisbane
387837,Brisbane
387838,Brisbane
387839,Brisbane
387840,Perth
387841,Brisbane
387842,Brisbane
387843,Brisbane
387844,Perth
387845,Brisbane
387846,Sydney
387847,Brisbane
387848,Brisbane
387849,Brisbane
387850,Brisbane
387851,Brisbane
387852,Brisbane
387853,Brisbane
387854,Brisbane
387855,Brisbane
387856,Brisbane
387857,Brisbane
387858,Brisbane
387859,Brisbane
387860,Melbourne
387861,Brisbane
387862,Brisbane
387863,Brisbane
387864,Brisbane
387865,Brisbane
387866,Brisbane
387867,Brisbane
387868,Brisbane
387869,Perth
387870,Brisbane
387871,Brisbane
387872,Brisbane
387873,Perth
387874,Brisbane
387875,Perth
387876,Brisbane
387877,Brisbane
387878,Sydney
387879,Brisbane
387880,Brisbane
387881,Brisbane
387882,Sydney
387883,Brisbane
387884,Brisbane
387885,Brisbane
387886,Brisbane
387887,Brisbane
387888,Brisbane
387889,Brisbane
387890,Brisbane
387891,Brisbane
387892,Perth
387893,Brisbane
387894,Brisbane
387895,Brisbane
387896,Brisbane
387897,Brisbane
387898,Brisbane
387899,Melbourne
387900,Brisbane
387901,Brisbane
387902,Brisbane
387903,Brisbane
387904,Brisbane
387905,Brisbane
387906,Brisbane
387907,Brisbane
387908,Brisbane
387909,Brisbane
387910,Brisbane
387911,Brisbane
387912,Brisbane
387913,Brisbane
387914,Brisbane
387915,Brisbane
387916,Brisbane
387917,Sydney
387918,Brisbane
387919,Brisbane
387920,Brisbane
387921,Brisbane
387922,Brisbane
387923,Brisbane
387924,Brisbane
387925,Brisbane
387926,Brisbane
387927,Brisbane
387928,Sydney
387929,Brisbane
387930,Brisbane
387931,Sydney
387932,Brisbane
387933,Brisbane
387934,Brisbane
387935,Brisbane
387936,Brisbane
387937,Brisbane
387938,Brisbane
387939,Brisbane
387940,Brisbane
387941,Brisbane
387942,Brisbane
387943,Brisbane
387944,Brisbane
387945,Brisbane
387946,Brisbane
387947,Brisbane
387948,Perth
387949,Brisbane
387950,Brisbane
387951,Brisbane
387952,Sydney
387953,Brisbane
387954,Brisbane
387955,Brisbane
387956,Melbourne
387957,Brisbane
387958,Perth
387959,Brisbane
387960,Brisbane
387961,Brisbane
387962,Brisbane
387963,Brisbane
387964,Brisbane
387965,Brisbane
387966,Brisbane
387967,Brisbane
387968,Brisbane
387969,Brisbane
387970,Brisbane
387971,Brisbane
387972,Brisbane
387973,Brisbane
387974,Brisbane
387975,Brisbane
387976,Brisbane
387977,Brisbane
387978,Brisbane
387979,Brisbane
387980,Brisbane
387981,Brisbane
387982,Brisbane
387983,Brisbane
387984,Brisbane
387985,Sydney
387986,Brisbane
387987,Brisbane
387988,Brisbane
387989,Brisbane
387990,Brisbane
387991,Brisbane
387992,Brisbane
387993,Brisbane
387994,Brisbane
387995,Brisbane
387996,Brisbane
387997,Melbourne
387998,Sydney
387999,Brisbane
388000,Brisbane
388001,Brisbane
388002,Brisbane
388003,Brisbane
388004,Brisbane
388005,Brisbane
388006,Brisbane
388007,Brisbane
388008,Brisbane
388009,Brisbane
388010,Brisbane
388011,Brisbane
388012,Brisbane
388013,Brisbane
388014,Melbourne
388015,Brisbane
388016,Brisbane
388017,Brisbane
388018,Brisbane
388019,Brisbane
388020,Brisbane
388021,Brisbane
388022,Brisbane
388023,Brisbane
388024,Brisbane
388025,Brisbane
388026,Brisbane
388027,Brisbane
388028,Brisbane
388029,Brisbane
388030,Brisbane
388031,Brisbane
388032,Brisbane
388033,Brisbane
388034,Brisbane
388035,Brisbane
388036,Brisbane
388037,Brisbane
388038,Brisbane
388039,Sydney
388040,Brisbane
388041,Brisbane
388042,Brisbane
388043,Brisbane
388044,Brisbane
388045,Brisbane
388046,Brisbane
388047,Brisbane
388048,Brisbane
388049,Brisbane
388050,Brisbane
388051,Brisbane
388052,Brisbane
388053,Brisbane
388054,Brisbane
388055,Sydney
388056,Brisbane
388057,Brisbane
388058,Brisbane
388059,Brisbane
388060,Brisbane
388061,Brisbane
388062,Brisbane
388063,Brisbane
388064,Brisbane
388065,Brisbane
388066,Brisbane
388067,Brisbane
388068,Brisbane
388069,Brisbane
388070,Perth
388071,Perth
388072,Brisbane
388073,Brisbane
388074,Brisbane
388075,Brisbane
388076,Brisbane
388077,Perth
388078,Perth
388079,Brisbane
388080,Brisbane
388081,Brisbane
388082,Brisbane
388083,Brisbane
388084,Brisbane
388085,Sydney
388086,Brisbane
388087,Brisbane
388088,Brisbane
388089,Brisbane
388090,Brisbane
388091,Brisbane
388092,Perth
388093,Sydney
388094,Brisbane
388095,Brisbane
388096,Brisbane
388097,Brisbane
388098,Brisbane
388099,Sydney
388100,Brisbane
388101,Brisbane
388102,Brisbane
388103,Brisbane
388104,Brisbane
388105,Brisbane
388106,Brisbane
388107,Brisbane
388108,Brisbane
388109,Brisbane
388110,Brisbane
388111,Brisbane
388112,Brisbane
388113,Brisbane
388114,Brisbane
388115,Brisbane
388116,Sydney
388117,Brisbane
388118,Perth
388119,Brisbane
388120,Brisbane
388121,Sydney
388122,Brisbane
388123,Brisbane
388124,Brisbane
388125,Brisbane
388126,Brisbane
388127,Brisbane
388128,Brisbane
388129,Brisbane
388130,Brisbane
388131,Brisbane
388132,Brisbane
388133,Brisbane
388134,Brisbane
388135,Brisbane
388136,Brisbane
388137,Brisbane
388138,Brisbane
388139,Brisbane
388140,Brisbane
388141,Brisbane
388142,Brisbane
388143,Brisbane
388144,Brisbane
388145,Brisbane
388146,Brisbane
388147,Brisbane
388148,Melbourne
388149,Brisbane
388150,Brisbane
388151,Brisbane
388152,Brisbane
388153,Brisbane
388154,Brisbane
388155,Brisbane
388156,Brisbane
388157,Brisbane
388158,Perth
388159,Brisbane
388160,Brisbane
388161,Brisbane
388162,Brisbane
388163,Brisbane
388164,Brisbane
388165,Perth
388166,Brisbane
388167,Brisbane
388168,Brisbane
388169,Brisbane
388170,Brisbane
388171,Brisbane
388172,Brisbane
388173,Brisbane
388174,Brisbane
388175,Brisbane
388176,Brisbane
388177,Brisbane
388178,Brisbane
388179,Brisbane
388180,Brisbane
388181,Brisbane
388182,Brisbane
388183,Brisbane
388184,Brisbane
388185,Brisbane
388186,Melbourne
388187,Brisbane
388188,Brisbane
388189,Brisbane
388190,Brisbane
388191,Brisbane
388192,Brisbane
388193,Brisbane
388194,Brisbane
388195,Brisbane
388196,Perth
388197,Brisbane
388198,Brisbane
388199,Brisbane
388200,Brisbane
388201,Brisbane
388202,Brisbane
388203,Brisbane
388204,Brisbane
388205,Brisbane
388206,Brisbane
388207,Brisbane
388208,Brisbane
388209,Brisbane
388210,Brisbane
388211,Sydney
388212,Brisbane
388213,Brisbane
388214,Brisbane
388215,Brisbane
388216,Brisbane
388217,Brisbane
388218,Brisbane
388219,Brisbane
388220,Brisbane
388221,Brisbane
388222,Brisbane
388223,Brisbane
388224,Brisbane
388225,Brisbane
388226,Brisbane
388227,Brisbane
388228,Brisbane
388229,Brisbane
388230,Sydney
388231,Melbourne
388232,Brisbane
388233,Brisbane
388234,Brisbane
388235,Brisbane
388236,Brisbane
388237,Brisbane
388238,Brisbane
388239,Brisbane
388240,Brisbane
388241,Brisbane
388242,Brisbane
388243,Melbourne
388244,Brisbane
388245,Brisbane
388246,Brisbane
388247,Brisbane
388248,Brisbane
388249,Brisbane
388250,Brisbane
388251,Brisbane
388252,Brisbane
388253,Brisbane
388254,Brisbane
388255,Brisbane
388256,Brisbane
388257,Brisbane
388258,Brisbane
388259,Brisbane
388260,Brisbane
388261,Brisbane
388262,Brisbane
388263,Melbourne
388264,Brisbane
388265,Brisbane
388266,Brisbane
388267,Brisbane
388268,Brisbane
388269,Brisbane
388270,Sydney
388271,Brisbane
388272,Brisbane
388273,Brisbane
388274,Brisbane
388275,Brisbane
388276,Brisbane
388277,Brisbane
388278,Brisbane
388279,Perth
388280,Brisbane
388281,Brisbane
388282,Brisbane
388283,Sydney
388284,Brisbane
388285,Brisbane
388286,Brisbane
388287,Brisbane
388288,Brisbane
388289,Brisbane
388290,Sydney
388291,Brisbane
388292,Brisbane
388293,Brisbane
388294,Brisbane
388295,Brisbane
388296,Brisbane
388297,Brisbane
388298,Brisbane
388299,Brisbane
388300,Brisbane
388301,Brisbane
388302,Brisbane
388303,Brisbane
388304,Brisbane
388305,Perth
388306,Brisbane
388307,Brisbane
388308,Sydney
388309,Brisbane
388310,Brisbane
388311,Brisbane
388312,Brisbane
388313,Brisbane
388314,Brisbane
388315,Brisbane
388316,Brisbane
388317,Brisbane
388318,Brisbane
388319,Brisbane
388320,Brisbane
388321,Brisbane
388322,Brisbane
388323,Brisbane
388324,Brisbane
388325,Brisbane
388326,Brisbane
388327,Brisbane
388328,Sydney
388329,Brisbane
388330,Brisbane
388331,Brisbane
388332,Brisbane
388333,Brisbane
388334,Brisbane
388335,Sydney
388336,Brisbane
388337,Brisbane
388338,Brisbane
388339,Brisbane
388340,Brisbane
388341,Melbourne
388342,Sydney
388343,Brisbane
388344,Brisbane
388345,Brisbane
388346,Brisbane
388347,Melbourne
388348,Brisbane
388349,Brisbane
388350,Brisbane
388351,Brisbane
388352,Perth
388353,Brisbane
388354,Brisbane
388355,Brisbane
388356,Brisbane
388357,Brisbane
388358,Brisbane
388359,Brisbane
388360,Brisbane
388361,Brisbane
388362,Sydney
388363,Brisbane
388364,Brisbane
388365,Brisbane
388366,Brisbane
388367,Brisbane
388368,Brisbane
388369,Brisbane
388370,Brisbane
388371,Brisbane
388372,Brisbane
388373,Brisbane
388374,Sydney
388375,Brisbane
388376,Brisbane
388377,Brisbane
388378,Brisbane
388379,Brisbane
388380,Melbourne
388381,Brisbane
388382,Brisbane
388383,Perth
388384,Brisbane
388385,Brisbane
388386,Brisbane
388387,Brisbane
388388,Melbourne
388389,Brisbane
388390,Brisbane
388391,Brisbane
388392,Brisbane
388393,Brisbane
388394,Brisbane
388395,Brisbane
388396,Brisbane
388397,Brisbane
388398,Brisbane
388399,Perth
388400,Sydney
388401,Brisbane
388402,Brisbane
388403,Brisbane
388404,Sydney
388405,Brisbane
388406,Brisbane
388407,Brisbane
388408,Brisbane
388409,Brisbane
388410,Brisbane
388411,Brisbane
388412,Brisbane
388413,Brisbane
388414,Brisbane
388415,Sydney
388416,Brisbane
388417,Brisbane
388418,Brisbane
388419,Perth
388420,Brisbane
388421,Brisbane
388422,Brisbane
388423,Brisbane
388424,Brisbane
388425,Brisbane
388426,Brisbane
388427,Brisbane
388428,Brisbane
388429,Brisbane
388430,Brisbane
388431,Brisbane
388432,Brisbane
388433,Brisbane
388434,Brisbane
388435,Brisbane
388436,Brisbane
388437,Brisbane
388438,Brisbane
388439,Sydney
388440,Brisbane
388441,Perth
388442,Brisbane
388443,Brisbane
388444,Brisbane
388445,Brisbane
388446,Brisbane
388447,Brisbane
388448,Brisbane
388449,Brisbane
388450,Brisbane
388451,Brisbane
388452,Brisbane
388453,Brisbane
388454,Brisbane
388455,Brisbane
388456,Brisbane
388457,Sydney
388458,Brisbane
388459,Brisbane
388460,Brisbane
388461,Brisbane
388462,Brisbane
388463,Brisbane
388464,Brisbane
388465,Brisbane
388466,Brisbane
388467,Brisbane
388468,Brisbane
388469,Brisbane
388470,Brisbane
388471,Brisbane
388472,Brisbane
388473,Brisbane
388474,Brisbane
388475,Brisbane
388476,Brisbane
388477,Perth
388478,Brisbane
388479,Brisbane
388480,Brisbane
388481,Brisbane
388482,Brisbane
388483,Melbourne
388484,Melbourne
388485,Brisbane
388486,Brisbane
388487,Brisbane
388488,Brisbane
388489,Brisbane
388490,Brisbane
388491,Brisbane
388492,Brisbane
388493,Brisbane
388494,Brisbane
388495,Brisbane
388496,Brisbane
388497,Perth
388498,Brisbane
388499,Brisbane
388500,Brisbane
388501,Brisbane
388502,Brisbane
388503,Brisbane
388504,Brisbane
388505,Brisbane
388506,Brisbane
388507,Brisbane
388508,Brisbane
388509,Brisbane
388510,Brisbane
388511,Brisbane
388512,Brisbane
388513,Brisbane
388514,Brisbane
388515,Brisbane
388516,Brisbane
388517,Brisbane
388518,Brisbane
388519,Brisbane
388520,Brisbane
388521,Brisbane
388522,Brisbane
388523,Brisbane
388524,Brisbane
388525,Brisbane
388526,Brisbane
388527,Brisbane
388528,Melbourne
388529,Brisbane
388530,Perth
388531,Brisbane
388532,Brisbane
388533,Brisbane
388534,Brisbane
388535,Brisbane
388536,Brisbane
388537,Brisbane
388538,Brisbane
388539,Brisbane
388540,Brisbane
388541,Brisbane
388542,Brisbane
388543,Brisbane
388544,Brisbane
388545,Brisbane
388546,Brisbane
388547,Sydney
388548,Brisbane
388549,Brisbane
388550,Brisbane
388551,Brisbane
388552,Brisbane
388553,Brisbane
388554,Brisbane
388555,Brisbane
388556,Brisbane
388557,Brisbane
388558,Brisbane
388559,Brisbane
388560,Melbourne
388561,Perth
388562,Brisbane
388563,Brisbane
388564,Brisbane
388565,Brisbane
388566,Brisbane
388567,Sydney
388568,Brisbane
388569,Brisbane
388570,Brisbane
388571,Brisbane
388572,Brisbane
388573,Brisbane
388574,Brisbane
388575,Brisbane
388576,Perth
388577,Perth
388578,Brisbane
388579,Brisbane
388580,Brisbane
388581,Brisbane
388582,Brisbane
388583,Brisbane
388584,Sydney
388585,Brisbane
388586,Sydney
388587,Brisbane
388588,Brisbane
388589,Brisbane
388590,Brisbane
388591,Brisbane
388592,Brisbane
388593,Brisbane
388594,Brisbane
388595,Brisbane
388596,Brisbane
388597,Brisbane
388598,Perth
388599,Brisbane
388600,Brisbane
388601,Brisbane
388602,Brisbane
388603,Brisbane
388604,Brisbane
388605,Brisbane
388606,Brisbane
388607,Brisbane
388608,Brisbane
388609,Brisbane
388610,Perth
388611,Brisbane
388612,Brisbane
388613,Brisbane
388614,Brisbane
388615,Brisbane
388616,Brisbane
388617,Brisbane
388618,Perth
388619,Brisbane
388620,Brisbane
388621,Brisbane
388622,Brisbane
388623,Brisbane
388624,Brisbane
388625,Brisbane
388626,Brisbane
388627,Brisbane
388628,Melbourne
388629,Brisbane
388630,Brisbane
388631,Brisbane
388632,Brisbane
388633,Brisbane
388634,Brisbane
388635,Brisbane
388636,Sydney
388637,Sydney
388638,Brisbane
388639,Brisbane
388640,Brisbane
388641,Melbourne
388642,Brisbane
388643,Brisbane
388644,Brisbane
388645,Brisbane
388646,Brisbane
388647,Brisbane
388648,Brisbane
388649,Brisbane
388650,Brisbane
388651,Brisbane
388652,Brisbane
388653,Brisbane
388654,Brisbane
388655,Brisbane
388656,Brisbane
388657,Brisbane
388658,Brisbane
388659,Brisbane
388660,Brisbane
388661,Brisbane
388662,Brisbane
388663,Brisbane
388664,Brisbane
388665,Brisbane
388666,Brisbane
388667,Brisbane
388668,Brisbane
388669,Brisbane
388670,Brisbane
388671,Brisbane
388672,Perth
388673,Brisbane
388674,Brisbane
388675,Brisbane
388676,Brisbane
388677,Brisbane
388678,Brisbane
388679,Brisbane
388680,Brisbane
388681,Brisbane
388682,Brisbane
388683,Brisbane
388684,Melbourne
388685,Brisbane
388686,Brisbane
388687,Brisbane
388688,Brisbane
388689,Brisbane
388690,Brisbane
388691,Brisbane
388692,Brisbane
388693,Brisbane
388694,Brisbane
388695,Brisbane
388696,Brisbane
388697,Brisbane
388698,Brisbane
388699,Brisbane
388700,Brisbane
388701,Brisbane
388702,Brisbane
388703,Brisbane
388704,Brisbane
388705,Sydney
388706,Brisbane
388707,Brisbane
388708,Brisbane
388709,Brisbane
388710,Melbourne
388711,Brisbane
388712,Brisbane
388713,Brisbane
388714,Brisbane
388715,Brisbane
388716,Brisbane
388717,Brisbane
388718,Brisbane
388719,Brisbane
388720,Brisbane
388721,Brisbane
388722,Brisbane
388723,Brisbane
388724,Brisbane
388725,Melbourne
388726,Brisbane
388727,Brisbane
388728,Brisbane
388729,Brisbane
388730,Brisbane
388731,Brisbane
388732,Brisbane
388733,Brisbane
388734,Brisbane
388735,Brisbane
388736,Brisbane
388737,Brisbane
388738,Brisbane
388739,Brisbane
388740,Brisbane
388741,Brisbane
388742,Perth
388743,Brisbane
388744,Brisbane
388745,Brisbane
388746,Brisbane
388747,Brisbane
388748,Brisbane
388749,Brisbane
388750,Brisbane
388751,Brisbane
388752,Brisbane
388753,Brisbane
388754,Brisbane
388755,Brisbane
388756,Brisbane
388757,Brisbane
388758,Brisbane
388759,Brisbane
388760,Brisbane
388761,Brisbane
388762,Brisbane
388763,Brisbane
388764,Brisbane
388765,Brisbane
388766,Brisbane
388767,Brisbane
388768,Brisbane
388769,Perth
388770,Brisbane
388771,Brisbane
388772,Sydney
388773,Brisbane
388774,Brisbane
388775,Brisbane
388776,Brisbane
388777,Brisbane
388778,Brisbane
388779,Sydney
388780,Brisbane
388781,Brisbane
388782,Brisbane
388783,Brisbane
388784,Brisbane
388785,Sydney
388786,Brisbane
388787,Brisbane
388788,Brisbane
388789,Brisbane
388790,Brisbane
388791,Brisbane
388792,Brisbane
388793,Brisbane
388794,Brisbane
388795,Brisbane
388796,Perth
388797,Sydney
388798,Brisbane
388799,Brisbane
388800,Brisbane
388801,Brisbane
388802,Melbourne
388803,Brisbane
388804,Brisbane
388805,Brisbane
388806,Brisbane
388807,Brisbane
388808,Brisbane
388809,Brisbane
388810,Brisbane
388811,Brisbane
388812,Melbourne
388813,Brisbane
388814,Sydney
388815,Brisbane
388816,Brisbane
388817,Brisbane
388818,Perth
388819,Brisbane
388820,Brisbane
388821,Brisbane
388822,Brisbane
388823,Brisbane
388824,Brisbane
388825,Perth
388826,Brisbane
388827,Brisbane
388828,Brisbane
388829,Brisbane
388830,Brisbane
388831,Brisbane
388832,Brisbane
388833,Brisbane
388834,Brisbane
388835,Brisbane
388836,Brisbane
388837,Brisbane
388838,Brisbane
388839,Brisbane
388840,Brisbane
388841,Brisbane
388842,Brisbane
388843,Brisbane
388844,Brisbane
388845,Brisbane
388846,Brisbane
388847,Brisbane
388848,Brisbane
388849,Brisbane
388850,Brisbane
388851,Brisbane
388852,Brisbane
388853,Melbourne
388854,Brisbane
388855,Brisbane
388856,Brisbane
388857,Brisbane
388858,Brisbane
388859,Brisbane
388860,Brisbane
388861,Brisbane
388862,Brisbane
388863,Brisbane
388864,Brisbane
388865,Brisbane
388866,Brisbane
388867,Brisbane
388868,Brisbane
388869,Melbourne
388870,Brisbane
388871,Brisbane
388872,Brisbane
388873,Melbourne
388874,Melbourne
388875,Brisbane
388876,Brisbane
388877,Brisbane
388878,Brisbane
388879,Brisbane
388880,Brisbane
388881,Brisbane
388882,Brisbane
388883,Brisbane
388884,Brisbane
388885,Brisbane
388886,Brisbane
388887,Brisbane
388888,Brisbane
388889,Brisbane
388890,Perth
388891,Brisbane
388892,Brisbane
388893,Brisbane
388894,Brisbane
388895,Brisbane
388896,Brisbane
388897,Brisbane
388898,Brisbane
388899,Brisbane
388900,Sydney
388901,Brisbane
388902,Brisbane
388903,Brisbane
388904,Brisbane
388905,Brisbane
388906,Brisbane
388907,Sydney
388908,Brisbane
388909,Brisbane
388910,Brisbane
388911,Sydney
388912,Brisbane
388913,Brisbane
388914,Brisbane
388915,Brisbane
388916,Brisbane
388917,Brisbane
388918,Brisbane
388919,Brisbane
388920,Brisbane
388921,Brisbane
388922,Brisbane
388923,Brisbane
388924,Brisbane
388925,Melbourne
388926,Brisbane
388927,Brisbane
388928,Brisbane
388929,Brisbane
388930,Brisbane
388931,Brisbane
388932,Brisbane
388933,Brisbane
388934,Brisbane
388935,Brisbane
388936,Brisbane
388937,Perth
388938,Brisbane
388939,Brisbane
388940,Brisbane
388941,Brisbane
388942,Brisbane
388943,Sydney
388944,Brisbane
388945,Brisbane
388946,Brisbane
388947,Brisbane
388948,Brisbane
388949,Brisbane
388950,Brisbane
388951,Brisbane
388952,Brisbane
388953,Brisbane
388954,Brisbane
388955,Brisbane
388956,Brisbane
388957,Brisbane
388958,Brisbane
388959,Brisbane
388960,Brisbane
388961,Melbourne
388962,Brisbane
388963,Brisbane
388964,Brisbane
388965,Brisbane
388966,Brisbane
388967,Brisbane
388968,Brisbane
388969,Brisbane
388970,Brisbane
388971,Brisbane
388972,Brisbane
388973,Brisbane
388974,Brisbane
388975,Brisbane
388976,Brisbane
388977,Melbourne
388978,Brisbane
388979,Brisbane
388980,Brisbane
388981,Brisbane
388982,Brisbane
388983,Brisbane
388984,Brisbane
388985,Brisbane
388986,Brisbane
388987,Brisbane
388988,Brisbane
388989,Brisbane
388990,Brisbane
388991,Brisbane
388992,Brisbane
388993,Brisbane
388994,Brisbane
388995,Brisbane
388996,Melbourne
388997,Brisbane
388998,Brisbane
388999,Brisbane
389000,Perth
389001,Brisbane
389002,Brisbane
389003,Brisbane
389004,Brisbane
389005,Brisbane
389006,Brisbane
389007,Brisbane
389008,Brisbane
389009,Brisbane
389010,Brisbane
389011,Brisbane
389012,Brisbane
389013,Brisbane
389014,Brisbane
389015,Brisbane
389016,Brisbane
389017,Brisbane
389018,Sydney
389019,Brisbane
389020,Brisbane
389021,Brisbane
389022,Brisbane
389023,Perth
389024,Brisbane
389025,Brisbane
389026,Brisbane
389027,Brisbane
389028,Sydney
389029,Brisbane
389030,Sydney
389031,Perth
389032,Brisbane
389033,Brisbane
389034,Brisbane
389035,Brisbane
389036,Brisbane
389037,Brisbane
389038,Sydney
389039,Brisbane
389040,Brisbane
389041,Brisbane
389042,Brisbane
389043,Brisbane
389044,Brisbane
389045,Brisbane
389046,Brisbane
389047,Brisbane
389048,Brisbane
389049,Brisbane
389050,Brisbane
389051,Brisbane
389052,Brisbane
389053,Perth
389054,Brisbane
389055,Brisbane
389056,Brisbane
389057,Brisbane
389058,Brisbane
389059,Brisbane
389060,Brisbane
389061,Perth
389062,Brisbane
389063,Brisbane
389064,Melbourne
389065,Sydney
389066,Brisbane
389067,Brisbane
389068,Brisbane
389069,Brisbane
389070,Brisbane
389071,Brisbane
389072,Brisbane
389073,Brisbane
389074,Brisbane
389075,Brisbane
389076,Brisbane
389077,Brisbane
389078,Brisbane
389079,Brisbane
389080,Brisbane
389081,Brisbane
389082,Brisbane
389083,Brisbane
389084,Brisbane
389085,Brisbane
389086,Brisbane
389087,Brisbane
389088,Brisbane
389089,Brisbane
389090,Brisbane
389091,Brisbane
389092,Brisbane
389093,Sydney
389094,Brisbane
389095,Brisbane
389096,Brisbane
389097,Brisbane
389098,Brisbane
389099,Brisbane
389100,Brisbane
389101,Brisbane
389102,Brisbane
389103,Brisbane
389104,Brisbane
389105,Brisbane
389106,Brisbane
389107,Brisbane
389108,Brisbane
389109,Brisbane
389110,Brisbane
389111,Brisbane
389112,Brisbane
389113,Brisbane
389114,Brisbane
389115,Brisbane
389116,Brisbane
389117,Brisbane
389118,Brisbane
389119,Brisbane
389120,Brisbane
389121,Brisbane
389122,Brisbane
389123,Brisbane
389124,Brisbane
389125,Brisbane
389126,Brisbane
389127,Brisbane
389128,Brisbane
389129,Brisbane
389130,Brisbane
389131,Brisbane
389132,Brisbane
389133,Brisbane
389134,Perth
389135,Brisbane
389136,Brisbane
389137,Brisbane
389138,Brisbane
389139,Brisbane
389140,Brisbane
389141,Brisbane
389142,Brisbane
389143,Brisbane
389144,Brisbane
389145,Brisbane
389146,Brisbane
389147,Brisbane
389148,Brisbane
389149,Brisbane
389150,Sydney
389151,Brisbane
389152,Brisbane
389153,Brisbane
389154,Sydney
389155,Brisbane
389156,Brisbane
389157,Brisbane
389158,Brisbane
389159,Melbourne
389160,Brisbane
389161,Brisbane
389162,Brisbane
389163,Brisbane
389164,Brisbane
389165,Brisbane
389166,Brisbane
389167,Brisbane
389168,Sydney
389169,Brisbane
389170,Brisbane
389171,Brisbane
389172,Brisbane
389173,Brisbane
389174,Brisbane
389175,Brisbane
389176,Brisbane
389177,Brisbane
389178,Brisbane
389179,Brisbane
389180,Brisbane
389181,Perth
389182,Brisbane
389183,Brisbane
389184,Brisbane
389185,Melbourne
389186,Brisbane
389187,Brisbane
389188,Brisbane
389189,Brisbane
389190,Brisbane
389191,Brisbane
389192,Brisbane
389193,Brisbane
389194,Brisbane
389195,Brisbane
389196,Brisbane
389197,Brisbane
389198,Brisbane
389199,Brisbane
389200,Brisbane
389201,Brisbane
389202,Brisbane
389203,Brisbane
389204,Brisbane
389205,Brisbane
389206,Sydney
389207,Perth
389208,Brisbane
389209,Brisbane
389210,Brisbane
389211,Melbourne
389212,Brisbane
389213,Brisbane
389214,Brisbane
389215,Brisbane
389216,Brisbane
389217,Brisbane
389218,Sydney
389219,Brisbane
389220,Brisbane
389221,Brisbane
389222,Brisbane
389223,Perth
389224,Brisbane
389225,Brisbane
389226,Brisbane
389227,Perth
389228,Brisbane
389229,Sydney
389230,Brisbane
389231,Brisbane
389232,Brisbane
389233,Brisbane
389234,Brisbane
389235,Melbourne
389236,Brisbane
389237,Brisbane
389238,Brisbane
389239,Brisbane
389240,Brisbane
389241,Brisbane
389242,Brisbane
389243,Brisbane
389244,Brisbane
389245,Brisbane
389246,Brisbane
389247,Brisbane
389248,Brisbane
389249,Brisbane
389250,Brisbane
389251,Brisbane
389252,Melbourne
389253,Brisbane
389254,Brisbane
389255,Brisbane
389256,Brisbane
389257,Brisbane
389258,Brisbane
389259,Brisbane
389260,Brisbane
389261,Brisbane
389262,Brisbane
389263,Brisbane
389264,Brisbane
389265,Brisbane
389266,Brisbane
389267,Melbourne
389268,Brisbane
389269,Brisbane
389270,Brisbane
389271,Sydney
389272,Brisbane
389273,Brisbane
389274,Brisbane
389275,Brisbane
389276,Brisbane
389277,Sydney
389278,Brisbane
389279,Brisbane
389280,Brisbane
389281,Brisbane
389282,Brisbane
389283,Brisbane
389284,Brisbane
389285,Brisbane
389286,Brisbane
389287,Brisbane
389288,Brisbane
389289,Brisbane
389290,Brisbane
389291,Brisbane
389292,Sydney
389293,Perth
389294,Brisbane
389295,Brisbane
389296,Brisbane
389297,Brisbane
389298,Brisbane
389299,Melbourne
389300,Brisbane
389301,Brisbane
389302,Brisbane
389303,Brisbane
389304,Brisbane
389305,Brisbane
389306,Brisbane
389307,Brisbane
389308,Brisbane
389309,Brisbane
389310,Brisbane
389311,Brisbane
389312,Brisbane
389313,Sydney
389314,Brisbane
389315,Brisbane
389316,Brisbane
389317,Brisbane
389318,Brisbane
389319,Brisbane
389320,Sydney
389321,Melbourne
389322,Brisbane
389323,Brisbane
389324,Brisbane
389325,Brisbane
389326,Brisbane
389327,Brisbane
389328,Brisbane
389329,Brisbane
389330,Brisbane
389331,Brisbane
389332,Brisbane
389333,Brisbane
389334,Brisbane
389335,Brisbane
389336,Brisbane
389337,Brisbane
389338,Brisbane
389339,Brisbane
389340,Sydney
389341,Brisbane
389342,Brisbane
389343,Brisbane
389344,Brisbane
389345,Sydney
389346,Brisbane
389347,Brisbane
389348,Brisbane
389349,Brisbane
389350,Brisbane
389351,Brisbane
389352,Brisbane
389353,Brisbane
389354,Brisbane
389355,Brisbane
389356,Brisbane
389357,Sydney
389358,Melbourne
389359,Brisbane
389360,Brisbane
389361,Brisbane
389362,Brisbane
389363,Brisbane
389364,Perth
389365,Sydney
389366,Brisbane
389367,Brisbane
389368,Brisbane
389369,Brisbane
389370,Brisbane
389371,Brisbane
389372,Brisbane
389373,Brisbane
389374,Melbourne
389375,Brisbane
389376,Brisbane
389377,Brisbane
389378,Brisbane
389379,Perth
389380,Brisbane
389381,Brisbane
389382,Brisbane
389383,Brisbane
389384,Brisbane
389385,Brisbane
389386,Brisbane
389387,Brisbane
389388,Brisbane
389389,Brisbane
389390,Brisbane
389391,Melbourne
389392,Brisbane
389393,Brisbane
389394,Brisbane
389395,Brisbane
389396,Brisbane
389397,Brisbane
389398,Brisbane
389399,Brisbane
389400,Brisbane
389401,Brisbane
389402,Brisbane
389403,Brisbane
389404,Brisbane
389405,Brisbane
389406,Brisbane
389407,Melbourne
389408,Brisbane
389409,Brisbane
389410,Brisbane
389411,Brisbane
389412,Brisbane
389413,Brisbane
389414,Brisbane
389415,Brisbane
389416,Brisbane
389417,Brisbane
389418,Brisbane
389419,Perth
389420,Brisbane
389421,Brisbane
389422,Brisbane
389423,Brisbane
389424,Brisbane
389425,Brisbane
389426,Brisbane
389427,Brisbane
389428,Brisbane
389429,Brisbane
389430,Brisbane
389431,Brisbane
389432,Sydney
389433,Sydney
389434,Brisbane
389435,Brisbane
389436,Brisbane
389437,Brisbane
389438,Brisbane
389439,Brisbane
389440,Brisbane
389441,Brisbane
389442,Brisbane
389443,Brisbane
389444,Brisbane
389445,Brisbane
389446,Brisbane
389447,Brisbane
389448,Brisbane
389449,Brisbane
389450,Perth
389451,Brisbane
389452,Brisbane
389453,Sydney
389454,Brisbane
389455,Brisbane
389456,Brisbane
389457,Brisbane
389458,Brisbane
389459,Brisbane
389460,Brisbane
389461,Brisbane
389462,Melbourne
389463,Brisbane
389464,Brisbane
389465,Brisbane
389466,Brisbane
389467,Brisbane
389468,Brisbane
389469,Brisbane
389470,Brisbane
389471,Brisbane
389472,Brisbane
389473,Brisbane
389474,Brisbane
389475,Brisbane
389476,Brisbane
389477,Brisbane
389478,Brisbane
389479,Brisbane
389480,Brisbane
389481,Brisbane
389482,Brisbane
389483,Brisbane
389484,Brisbane
389485,Brisbane
389486,Brisbane
389487,Brisbane
389488,Perth
389489,Brisbane
389490,Brisbane
389491,Brisbane
389492,Sydney
389493,Brisbane
389494,Brisbane
389495,Melbourne
389496,Brisbane
389497,Brisbane
389498,Sydney
389499,Melbourne
389500,Brisbane
389501,Brisbane
389502,Brisbane
389503,Brisbane
389504,Brisbane
389505,Perth
389506,Brisbane
389507,Brisbane
389508,Brisbane
389509,Melbourne
389510,Brisbane
389511,Brisbane
389512,Brisbane
389513,Brisbane
389514,Brisbane
389515,Perth
389516,Brisbane
389517,Brisbane
389518,Brisbane
389519,Sydney
389520,Brisbane
389521,Brisbane
389522,Perth
389523,Brisbane
389524,Brisbane
389525,Brisbane
389526,Brisbane
389527,Brisbane
389528,Brisbane
389529,Brisbane
389530,Perth
389531,Perth
389532,Brisbane
389533,Brisbane
389534,Brisbane
389535,Brisbane
389536,Brisbane
389537,Melbourne
389538,Brisbane
389539,Brisbane
389540,Brisbane
389541,Brisbane
389542,Brisbane
389543,Brisbane
389544,Brisbane
389545,Brisbane
389546,Brisbane
389547,Brisbane
389548,Brisbane
389549,Brisbane
389550,Brisbane
389551,Brisbane
389552,Brisbane
389553,Brisbane
389554,Brisbane
389555,Brisbane
389556,Brisbane
389557,Sydney
389558,Brisbane
389559,Brisbane
389560,Brisbane
389561,Brisbane
389562,Sydney
389563,Brisbane
389564,Brisbane
389565,Brisbane
389566,Brisbane
389567,Brisbane
389568,Brisbane
389569,Brisbane
389570,Brisbane
389571,Brisbane
389572,Perth
389573,Brisbane
389574,Brisbane
389575,Brisbane
389576,Brisbane
389577,Brisbane
389578,Brisbane
389579,Brisbane
389580,Brisbane
389581,Brisbane
389582,Brisbane
389583,Brisbane
389584,Brisbane
389585,Brisbane
389586,Brisbane
389587,Brisbane
389588,Brisbane
389589,Perth
389590,Brisbane
389591,Brisbane
389592,Brisbane
389593,Brisbane
389594,Brisbane
389595,Brisbane
389596,Brisbane
389597,Brisbane
389598,Brisbane
389599,Brisbane
389600,Brisbane
389601,Brisbane
389602,Brisbane
389603,Brisbane
389604,Perth
389605,Sydney
389606,Brisbane
389607,Brisbane
389608,Brisbane
389609,Melbourne
389610,Brisbane
389611,Brisbane
389612,Brisbane
389613,Brisbane
389614,Brisbane
389615,Brisbane
389616,Brisbane
389617,Sydney
389618,Brisbane
389619,Brisbane
389620,Brisbane
389621,Brisbane
389622,Brisbane
389623,Brisbane
389624,Brisbane
389625,Brisbane
389626,Melbourne
389627,Brisbane
389628,Sydney
389629,Melbourne
389630,Brisbane
389631,Brisbane
389632,Brisbane
389633,Brisbane
389634,Brisbane
389635,Brisbane
389636,Brisbane
389637,Brisbane
389638,Perth
389639,Brisbane
389640,Brisbane
389641,Brisbane
389642,Brisbane
389643,Brisbane
389644,Brisbane
389645,Brisbane
389646,Brisbane
389647,Brisbane
389648,Brisbane
389649,Brisbane
389650,Brisbane
389651,Brisbane
389652,Brisbane
389653,Brisbane
389654,Perth
389655,Brisbane
389656,Brisbane
389657,Brisbane
389658,Brisbane
389659,Brisbane
389660,Brisbane
389661,Brisbane
389662,Brisbane
389663,Brisbane
389664,Brisbane
389665,Sydney
389666,Sydney
389667,Brisbane
389668,Brisbane
389669,Brisbane
389670,Brisbane
389671,Brisbane
389672,Brisbane
389673,Brisbane
389674,Brisbane
389675,Brisbane
389676,Brisbane
389677,Brisbane
389678,Brisbane
389679,Sydney
389680,Brisbane
389681,Brisbane
389682,Melbourne
389683,Sydney
389684,Brisbane
389685,Brisbane
389686,Brisbane
389687,Brisbane
389688,Brisbane
389689,Brisbane
389690,Brisbane
389691,Brisbane
389692,Brisbane
389693,Brisbane
389694,Brisbane
389695,Brisbane
389696,Sydney
389697,Brisbane
389698,Brisbane
389699,Brisbane
389700,Brisbane
389701,Brisbane
389702,Brisbane
389703,Brisbane
389704,Brisbane
389705,Brisbane
389706,Brisbane
389707,Perth
389708,Brisbane
389709,Brisbane
389710,Brisbane
389711,Perth
389712,Brisbane
389713,Brisbane
389714,Brisbane
389715,Perth
389716,Brisbane
389717,Brisbane
389718,Brisbane
389719,Brisbane
389720,Brisbane
389721,Brisbane
389722,Brisbane
389723,Brisbane
389724,Perth
389725,Brisbane
389726,Brisbane
389727,Brisbane
389728,Brisbane
389729,Brisbane
389730,Brisbane
389731,Brisbane
389732,Brisbane
389733,Brisbane
389734,Brisbane
389735,Sydney
389736,Brisbane
389737,Brisbane
389738,Brisbane
389739,Brisbane
389740,Brisbane
389741,Brisbane
389742,Brisbane
389743,Brisbane
389744,Brisbane
389745,Brisbane
389746,Brisbane
389747,Brisbane
389748,Sydney
389749,Brisbane
389750,Brisbane
389751,Sydney
389752,Brisbane
389753,Brisbane
389754,Brisbane
389755,Brisbane
389756,Melbourne
389757,Brisbane
389758,Brisbane
389759,Brisbane
389760,Sydney
389761,Brisbane
389762,Brisbane
389763,Brisbane
389764,Brisbane
389765,Brisbane
389766,Brisbane
389767,Brisbane
389768,Brisbane
389769,Brisbane
389770,Brisbane
389771,Brisbane
389772,Brisbane
389773,Brisbane
389774,Brisbane
389775,Brisbane
389776,Brisbane
389777,Sydney
389778,Brisbane
389779,Brisbane
389780,Brisbane
389781,Brisbane
389782,Brisbane
389783,Brisbane
389784,Brisbane
389785,Brisbane
389786,Brisbane
389787,Brisbane
389788,Brisbane
389789,Brisbane
389790,Brisbane
389791,Brisbane
389792,Perth
389793,Brisbane
389794,Brisbane
389795,Brisbane
389796,Brisbane
389797,Sydney
389798,Brisbane
389799,Brisbane
389800,Brisbane
389801,Brisbane
389802,Brisbane
389803,Brisbane
389804,Brisbane
389805,Brisbane
389806,Brisbane
389807,Brisbane
389808,Brisbane
389809,Brisbane
389810,Brisbane
389811,Brisbane
389812,Brisbane
389813,Brisbane
389814,Brisbane
389815,Brisbane
389816,Brisbane
389817,Brisbane
389818,Brisbane
389819,Brisbane
389820,Brisbane
389821,Brisbane
389822,Brisbane
389823,Brisbane
389824,Melbourne
389825,Brisbane
389826,Brisbane
389827,Sydney
389828,Brisbane
389829,Brisbane
389830,Brisbane
389831,Brisbane
389832,Brisbane
389833,Brisbane
389834,Brisbane
389835,Brisbane
389836,Brisbane
389837,Brisbane
389838,Brisbane
389839,Brisbane
389840,Brisbane
389841,Brisbane
389842,Brisbane
389843,Brisbane
389844,Brisbane
389845,Brisbane
389846,Brisbane
389847,Brisbane
389848,Brisbane
389849,Brisbane
389850,Brisbane
389851,Brisbane
389852,Brisbane
389853,Brisbane
389854,Brisbane
389855,Brisbane
389856,Brisbane
389857,Brisbane
389858,Brisbane
389859,Brisbane
389860,Brisbane
389861,Brisbane
389862,Brisbane
389863,Brisbane
389864,Brisbane
389865,Brisbane
389866,Brisbane
389867,Brisbane
389868,Brisbane
389869,Brisbane
389870,Brisbane
389871,Brisbane
389872,Brisbane
389873,Brisbane
389874,Brisbane
389875,Brisbane
389876,Brisbane
389877,Brisbane
389878,Brisbane
389879,Brisbane
389880,Brisbane
389881,Brisbane
389882,Brisbane
389883,Brisbane
389884,Brisbane
389885,Brisbane
389886,Brisbane
389887,Brisbane
389888,Brisbane
389889,Brisbane
389890,Brisbane
389891,Brisbane
389892,Brisbane
389893,Brisbane
389894,Brisbane
389895,Brisbane
389896,Brisbane
389897,Brisbane
389898,Brisbane
389899,Brisbane
389900,Brisbane
389901,Brisbane
389902,Brisbane
389903,Brisbane
389904,Brisbane
389905,Brisbane
389906,Brisbane
389907,Brisbane
389908,Brisbane
389909,Brisbane
389910,Brisbane
389911,Brisbane
389912,Brisbane
389913,Brisbane
389914,Brisbane
389915,Brisbane
389916,Brisbane
389917,Sydney
389918,Perth
389919,Brisbane
389920,Brisbane
389921,Brisbane
389922,Brisbane
389923,Brisbane
389924,Brisbane
389925,Perth
389926,Brisbane
389927,Brisbane
389928,Perth
389929,Brisbane
389930,Sydney
389931,Brisbane
389932,Perth
389933,Brisbane
389934,Brisbane
389935,Brisbane
389936,Brisbane
389937,Brisbane
389938,Brisbane
389939,Brisbane
389940,Brisbane
389941,Brisbane
389942,Brisbane
389943,Brisbane
389944,Perth
389945,Brisbane
389946,Brisbane
389947,Brisbane
389948,Brisbane
389949,Brisbane
389950,Brisbane
389951,Brisbane
389952,Brisbane
389953,Sydney
389954,Brisbane
389955,Brisbane
389956,Brisbane
389957,Brisbane
389958,Sydney
389959,Brisbane
389960,Brisbane
389961,Brisbane
389962,Brisbane
389963,Brisbane
389964,Brisbane
389965,Brisbane
389966,Perth
389967,Brisbane
389968,Brisbane
389969,Brisbane
389970,Brisbane
389971,Sydney
389972,Brisbane
389973,Brisbane
389974,Brisbane
389975,Brisbane
389976,Brisbane
389977,Brisbane
389978,Brisbane
389979,Brisbane
389980,Brisbane
389981,Brisbane
389982,Brisbane
389983,Brisbane
389984,Brisbane
389985,Brisbane
389986,Brisbane
389987,Brisbane
389988,Brisbane
389989,Brisbane
389990,Brisbane
389991,Brisbane
389992,Brisbane
389993,Brisbane
389994,Sydney
389995,Brisbane
389996,Brisbane
389997,Brisbane
389998,Brisbane
389999,Brisbane
390000,Brisbane
390001,Brisbane
390002,Brisbane
390003,Brisbane
390004,Brisbane
390005,Brisbane
390006,Brisbane
390007,Brisbane
390008,Brisbane
390009,Brisbane
390010,Brisbane
390011,Brisbane
390012,Brisbane
390013,Brisbane
390014,Perth
390015,Brisbane
390016,Brisbane
390017,Melbourne
390018,Brisbane
390019,Brisbane
390020,Brisbane
390021,Brisbane
390022,Brisbane
390023,Brisbane
390024,Brisbane
390025,Brisbane
390026,Brisbane
390027,Brisbane
390028,Brisbane
390029,Brisbane
390030,Brisbane
390031,Brisbane
390032,Brisbane
390033,Brisbane
390034,Brisbane
390035,Brisbane
390036,Brisbane
390037,Brisbane
390038,Brisbane
390039,Brisbane
390040,Brisbane
390041,Brisbane
390042,Brisbane
390043,Brisbane
390044,Brisbane
390045,Brisbane
390046,Brisbane
390047,Brisbane
390048,Brisbane
390049,Brisbane
390050,Melbourne
390051,Brisbane
390052,Melbourne
390053,Brisbane
390054,Brisbane
390055,Brisbane
390056,Brisbane
390057,Brisbane
390058,Brisbane
390059,Brisbane
390060,Brisbane
390061,Brisbane
390062,Brisbane
390063,Brisbane
390064,Brisbane
390065,Perth
390066,Brisbane
390067,Brisbane
390068,Brisbane
390069,Brisbane
390070,Brisbane
390071,Brisbane
390072,Melbourne
390073,Brisbane
390074,Brisbane
390075,Brisbane
390076,Brisbane
390077,Brisbane
390078,Brisbane
390079,Brisbane
390080,Melbourne
390081,Brisbane
390082,Brisbane
390083,Brisbane
390084,Brisbane
390085,Brisbane
390086,Perth
390087,Brisbane
390088,Brisbane
390089,Brisbane
390090,Brisbane
390091,Brisbane
390092,Brisbane
390093,Brisbane
390094,Brisbane
390095,Brisbane
390096,Brisbane
390097,Brisbane
390098,Brisbane
390099,Sydney
390100,Brisbane
390101,Brisbane
390102,Brisbane
390103,Brisbane
390104,Brisbane
390105,Brisbane
390106,Melbourne
390107,Brisbane
390108,Brisbane
390109,Brisbane
390110,Brisbane
390111,Brisbane
390112,Brisbane
390113,Sydney
390114,Brisbane
390115,Brisbane
390116,Brisbane
390117,Brisbane
390118,Brisbane
390119,Brisbane
390120,Brisbane
390121,Brisbane
390122,Brisbane
390123,Brisbane
390124,Brisbane
390125,Brisbane
390126,Brisbane
390127,Brisbane
390128,Perth
390129,Brisbane
390130,Brisbane
390131,Brisbane
390132,Brisbane
390133,Brisbane
390134,Brisbane
390135,Brisbane
390136,Perth
390137,Sydney
390138,Melbourne
390139,Brisbane
390140,Brisbane
390141,Brisbane
390142,Brisbane
390143,Brisbane
390144,Brisbane
390145,Brisbane
390146,Brisbane
390147,Brisbane
390148,Brisbane
390149,Brisbane
390150,Melbourne
390151,Brisbane
390152,Brisbane
390153,Brisbane
390154,Brisbane
390155,Brisbane
390156,Brisbane
390157,Brisbane
390158,Brisbane
390159,Brisbane
390160,Sydney
390161,Perth
390162,Brisbane
390163,Brisbane
390164,Perth
390165,Brisbane
390166,Brisbane
390167,Brisbane
390168,Brisbane
390169,Brisbane
390170,Brisbane
390171,Brisbane
390172,Brisbane
390173,Brisbane
390174,Brisbane
390175,Brisbane
390176,Brisbane
390177,Brisbane
390178,Brisbane
390179,Brisbane
390180,Brisbane
390181,Brisbane
390182,Brisbane
390183,Brisbane
390184,Perth
390185,Brisbane
390186,Brisbane
390187,Brisbane
390188,Brisbane
390189,Brisbane
390190,Brisbane
390191,Brisbane
390192,Brisbane
390193,Brisbane
390194,Brisbane
390195,Brisbane
390196,Brisbane
390197,Brisbane
390198,Brisbane
390199,Brisbane
390200,Brisbane
390201,Brisbane
390202,Brisbane
390203,Brisbane
390204,Brisbane
390205,Brisbane
390206,Melbourne
390207,Brisbane
390208,Sydney
390209,Brisbane
390210,Brisbane
390211,Brisbane
390212,Brisbane
390213,Brisbane
390214,Brisbane
390215,Brisbane
390216,Brisbane
390217,Brisbane
390218,Brisbane
390219,Perth
390220,Brisbane
390221,Brisbane
390222,Brisbane
390223,Perth
390224,Brisbane
390225,Brisbane
390226,Brisbane
390227,Brisbane
390228,Brisbane
390229,Brisbane
390230,Brisbane
390231,Sydney
390232,Brisbane
390233,Brisbane
390234,Brisbane
390235,Brisbane
390236,Brisbane
390237,Brisbane
390238,Brisbane
390239,Brisbane
390240,Sydney
390241,Brisbane
390242,Brisbane
390243,Brisbane
390244,Brisbane
390245,Brisbane
390246,Brisbane
390247,Brisbane
390248,Brisbane
390249,Brisbane
390250,Brisbane
390251,Sydney
390252,Brisbane
390253,Brisbane
390254,Brisbane
390255,Brisbane
390256,Brisbane
390257,Brisbane
390258,Brisbane
390259,Brisbane
390260,Brisbane
390261,Brisbane
390262,Brisbane
390263,Brisbane
390264,Brisbane
390265,Brisbane
390266,Brisbane
390267,Brisbane
390268,Brisbane
390269,Brisbane
390270,Brisbane
390271,Brisbane
390272,Perth
390273,Brisbane
390274,Brisbane
390275,Brisbane
390276,Brisbane
390277,Brisbane
390278,Brisbane
390279,Brisbane
390280,Brisbane
390281,Sydney
390282,Brisbane
390283,Brisbane
390284,Brisbane
390285,Brisbane
390286,Brisbane
390287,Brisbane
390288,Brisbane
390289,Brisbane
390290,Brisbane
390291,Brisbane
390292,Brisbane
390293,Brisbane
390294,Brisbane
390295,Brisbane
390296,Brisbane
390297,Brisbane
390298,Brisbane
390299,Brisbane
390300,Brisbane
390301,Brisbane
390302,Brisbane
390303,Sydney
390304,Brisbane
390305,Brisbane
390306,Brisbane
390307,Melbourne
390308,Melbourne
390309,Perth
390310,Brisbane
390311,Brisbane
390312,Brisbane
390313,Brisbane
390314,Brisbane
390315,Brisbane
390316,Brisbane
390317,Brisbane
390318,Brisbane
390319,Melbourne
390320,Brisbane
390321,Brisbane
390322,Brisbane
390323,Sydney
390324,Brisbane
390325,Brisbane
390326,Brisbane
390327,Brisbane
390328,Brisbane
390329,Brisbane
390330,Brisbane
390331,Brisbane
390332,Perth
390333,Brisbane
390334,Brisbane
390335,Brisbane
390336,Brisbane
390337,Brisbane
390338,Brisbane
390339,Brisbane
390340,Brisbane
390341,Brisbane
390342,Brisbane
390343,Melbourne
390344,Sydney
390345,Brisbane
390346,Brisbane
390347,Brisbane
390348,Brisbane
390349,Brisbane
390350,Brisbane
390351,Brisbane
390352,Brisbane
390353,Brisbane
390354,Brisbane
390355,Brisbane
390356,Brisbane
390357,Brisbane
390358,Brisbane
390359,Brisbane
390360,Brisbane
390361,Brisbane
390362,Brisbane
390363,Brisbane
390364,Brisbane
390365,Brisbane
390366,Sydney
390367,Brisbane
390368,Brisbane
390369,Brisbane
390370,Brisbane
390371,Brisbane
390372,Brisbane
390373,Brisbane
390374,Perth
390375,Brisbane
390376,Brisbane
390377,Brisbane
390378,Brisbane
390379,Brisbane
390380,Brisbane
390381,Brisbane
390382,Brisbane
390383,Brisbane
390384,Brisbane
390385,Perth
390386,Brisbane
390387,Brisbane
390388,Brisbane
390389,Brisbane
390390,Brisbane
390391,Perth
390392,Brisbane
390393,Brisbane
390394,Brisbane
390395,Perth
390396,Brisbane
390397,Brisbane
390398,Brisbane
390399,Brisbane
390400,Brisbane
390401,Brisbane
390402,Brisbane
390403,Melbourne
390404,Sydney
390405,Brisbane
390406,Brisbane
390407,Melbourne
390408,Brisbane
390409,Brisbane
390410,Brisbane
390411,Brisbane
390412,Brisbane
390413,Melbourne
390414,Brisbane
390415,Brisbane
390416,Brisbane
390417,Brisbane
390418,Brisbane
390419,Brisbane
390420,Brisbane
390421,Melbourne
390422,Brisbane
390423,Brisbane
390424,Brisbane
390425,Brisbane
390426,Brisbane
390427,Brisbane
390428,Brisbane
390429,Brisbane
390430,Brisbane
390431,Brisbane
390432,Brisbane
390433,Brisbane
390434,Brisbane
390435,Perth
390436,Brisbane
390437,Sydney
390438,Brisbane
390439,Brisbane
390440,Perth
390441,Brisbane
390442,Perth
390443,Brisbane
390444,Brisbane
390445,Brisbane
390446,Brisbane
390447,Brisbane
390448,Brisbane
390449,Brisbane
390450,Brisbane
390451,Perth
390452,Brisbane
390453,Brisbane
390454,Brisbane
390455,Brisbane
390456,Brisbane
390457,Brisbane
390458,Brisbane
390459,Brisbane
390460,Brisbane
390461,Brisbane
390462,Brisbane
390463,Brisbane
390464,Brisbane
390465,Brisbane
390466,Brisbane
390467,Brisbane
390468,Perth
390469,Brisbane
390470,Sydney
390471,Brisbane
390472,Brisbane
390473,Brisbane
390474,Brisbane
390475,Brisbane
390476,Brisbane
390477,Brisbane
390478,Brisbane
390479,Brisbane
390480,Brisbane
390481,Brisbane
390482,Brisbane
390483,Brisbane
390484,Brisbane
390485,Brisbane
390486,Brisbane
390487,Melbourne
390488,Brisbane
390489,Brisbane
390490,Brisbane
390491,Brisbane
390492,Brisbane
390493,Brisbane
390494,Brisbane
390495,Sydney
390496,Brisbane
390497,Brisbane
390498,Brisbane
390499,Melbourne
390500,Sydney
390501,Brisbane
390502,Brisbane
390503,Brisbane
390504,Brisbane
390505,Brisbane
390506,Brisbane
390507,Brisbane
390508,Brisbane
390509,Brisbane
390510,Brisbane
390511,Brisbane
390512,Brisbane
390513,Brisbane
390514,Brisbane
390515,Sydney
390516,Brisbane
390517,Brisbane
390518,Brisbane
390519,Brisbane
390520,Brisbane
390521,Brisbane
390522,Perth
390523,Brisbane
390524,Brisbane
390525,Brisbane
390526,Brisbane
390527,Brisbane
390528,Brisbane
390529,Brisbane
390530,Perth
390531,Brisbane
390532,Brisbane
390533,Brisbane
390534,Brisbane
390535,Brisbane
390536,Brisbane
390537,Brisbane
390538,Brisbane
390539,Brisbane
390540,Brisbane
390541,Brisbane
390542,Brisbane
390543,Brisbane
390544,Perth
390545,Brisbane
390546,Brisbane
390547,Brisbane
390548,Brisbane
390549,Brisbane
390550,Brisbane
390551,Perth
390552,Brisbane
390553,Brisbane
390554,Brisbane
390555,Melbourne
390556,Brisbane
390557,Brisbane
390558,Brisbane
390559,Brisbane
390560,Brisbane
390561,Sydney
390562,Brisbane
390563,Brisbane
390564,Brisbane
390565,Brisbane
390566,Brisbane
390567,Brisbane
390568,Brisbane
390569,Brisbane
390570,Brisbane
390571,Brisbane
390572,Brisbane
390573,Brisbane
390574,Brisbane
390575,Brisbane
390576,Brisbane
390577,Brisbane
390578,Brisbane
390579,Brisbane
390580,Brisbane
390581,Brisbane
390582,Brisbane
390583,Brisbane
390584,Brisbane
390585,Brisbane
390586,Brisbane
390587,Brisbane
390588,Brisbane
390589,Brisbane
390590,Brisbane
390591,Brisbane
390592,Brisbane
390593,Sydney
390594,Brisbane
390595,Brisbane
390596,Brisbane
390597,Brisbane
390598,Brisbane
390599,Brisbane
390600,Brisbane
390601,Melbourne
390602,Sydney
390603,Brisbane
390604,Brisbane
390605,Brisbane
390606,Brisbane
390607,Brisbane
390608,Brisbane
390609,Brisbane
390610,Brisbane
390611,Brisbane
390612,Brisbane
390613,Brisbane
390614,Brisbane
390615,Brisbane
390616,Brisbane
390617,Brisbane
390618,Brisbane
390619,Brisbane
390620,Brisbane
390621,Brisbane
390622,Brisbane
390623,Brisbane
390624,Brisbane
390625,Brisbane
390626,Brisbane
390627,Brisbane
390628,Brisbane
390629,Brisbane
390630,Brisbane
390631,Brisbane
390632,Brisbane
390633,Brisbane
390634,Brisbane
390635,Brisbane
390636,Brisbane
390637,Perth
390638,Brisbane
390639,Brisbane
390640,Sydney
390641,Brisbane
390642,Brisbane
390643,Brisbane
390644,Sydney
390645,Brisbane
390646,Brisbane
390647,Brisbane
390648,Sydney
390649,Brisbane
390650,Brisbane
390651,Brisbane
390652,Brisbane
390653,Brisbane
390654,Brisbane
390655,Brisbane
390656,Brisbane
390657,Sydney
390658,Brisbane
390659,Brisbane
390660,Brisbane
390661,Brisbane
390662,Brisbane
390663,Brisbane
390664,Brisbane
390665,Brisbane
390666,Brisbane
390667,Brisbane
390668,Brisbane
390669,Melbourne
390670,Brisbane
390671,Brisbane
390672,Brisbane
390673,Brisbane
390674,Brisbane
390675,Brisbane
390676,Brisbane
390677,Brisbane
390678,Brisbane
390679,Brisbane
390680,Brisbane
390681,Brisbane
390682,Brisbane
390683,Brisbane
390684,Brisbane
390685,Brisbane
390686,Brisbane
390687,Brisbane
390688,Brisbane
390689,Brisbane
390690,Brisbane
390691,Brisbane
390692,Brisbane
390693,Brisbane
390694,Brisbane
390695,Brisbane
390696,Brisbane
390697,Brisbane
390698,Brisbane
390699,Brisbane
390700,Brisbane
390701,Brisbane
390702,Brisbane
390703,Brisbane
390704,Brisbane
390705,Perth
390706,Brisbane
390707,Brisbane
390708,Brisbane
390709,Melbourne
390710,Brisbane
390711,Brisbane
390712,Brisbane
390713,Brisbane
390714,Brisbane
390715,Perth
390716,Brisbane
390717,Brisbane
390718,Brisbane
390719,Brisbane
390720,Brisbane
390721,Brisbane
390722,Brisbane
390723,Brisbane
390724,Brisbane
390725,Brisbane
390726,Brisbane
390727,Brisbane
390728,Brisbane
390729,Brisbane
390730,Perth
390731,Brisbane
390732,Brisbane
390733,Sydney
390734,Perth
390735,Brisbane
390736,Brisbane
390737,Brisbane
390738,Brisbane
390739,Brisbane
390740,Brisbane
390741,Brisbane
390742,Brisbane
390743,Brisbane
390744,Brisbane
390745,Brisbane
390746,Brisbane
390747,Brisbane
390748,Brisbane
390749,Brisbane
390750,Brisbane
390751,Brisbane
390752,Brisbane
390753,Brisbane
390754,Brisbane
390755,Brisbane
390756,Perth
390757,Melbourne
390758,Brisbane
390759,Brisbane
390760,Brisbane
390761,Melbourne
390762,Perth
390763,Brisbane
390764,Brisbane
390765,Brisbane
390766,Brisbane
390767,Brisbane
390768,Brisbane
390769,Brisbane
390770,Brisbane
390771,Brisbane
390772,Brisbane
390773,Brisbane
390774,Brisbane
390775,Brisbane
390776,Brisbane
390777,Brisbane
390778,Brisbane
390779,Brisbane
390780,Brisbane
390781,Brisbane
390782,Brisbane
390783,Brisbane
390784,Brisbane
390785,Brisbane
390786,Brisbane
390787,Brisbane
390788,Brisbane
390789,Brisbane
390790,Sydney
390791,Perth
390792,Brisbane
390793,Brisbane
390794,Brisbane
390795,Sydney
390796,Brisbane
390797,Brisbane
390798,Brisbane
390799,Brisbane
390800,Brisbane
390801,Brisbane
390802,Brisbane
390803,Brisbane
390804,Brisbane
390805,Brisbane
390806,Brisbane
390807,Brisbane
390808,Sydney
390809,Brisbane
390810,Brisbane
390811,Brisbane
390812,Brisbane
390813,Brisbane
390814,Perth
390815,Brisbane
390816,Brisbane
390817,Brisbane
390818,Brisbane
390819,Brisbane
390820,Brisbane
390821,Brisbane
390822,Brisbane
390823,Brisbane
390824,Brisbane
390825,Brisbane
390826,Brisbane
390827,Brisbane
390828,Sydney
390829,Brisbane
390830,Brisbane
390831,Brisbane
390832,Brisbane
390833,Brisbane
390834,Brisbane
390835,Brisbane
390836,Brisbane
390837,Brisbane
390838,Brisbane
390839,Perth
390840,Brisbane
390841,Brisbane
390842,Brisbane
390843,Brisbane
390844,Brisbane
390845,Brisbane
390846,Brisbane
390847,Brisbane
390848,Brisbane
390849,Brisbane
390850,Brisbane
390851,Brisbane
390852,Brisbane
390853,Brisbane
390854,Brisbane
390855,Brisbane
390856,Brisbane
390857,Brisbane
390858,Brisbane
390859,Brisbane
390860,Melbourne
390861,Brisbane
390862,Brisbane
390863,Brisbane
390864,Brisbane
390865,Brisbane
390866,Brisbane
390867,Brisbane
390868,Brisbane
390869,Brisbane
390870,Brisbane
390871,Sydney
390872,Brisbane
390873,Brisbane
390874,Brisbane
390875,Brisbane
390876,Sydney
390877,Brisbane
390878,Brisbane
390879,Brisbane
390880,Brisbane
390881,Brisbane
390882,Brisbane
390883,Brisbane
390884,Brisbane
390885,Brisbane
390886,Brisbane
390887,Brisbane
390888,Brisbane
390889,Brisbane
390890,Brisbane
390891,Brisbane
390892,Brisbane
390893,Brisbane
390894,Brisbane
390895,Brisbane
390896,Brisbane
390897,Brisbane
390898,Brisbane
390899,Brisbane
390900,Brisbane
390901,Brisbane
390902,Brisbane
390903,Perth
390904,Brisbane
390905,Brisbane
390906,Brisbane
390907,Brisbane
390908,Brisbane
390909,Brisbane
390910,Brisbane
390911,Brisbane
390912,Brisbane
390913,Brisbane
390914,Perth
390915,Brisbane
390916,Brisbane
390917,Brisbane
390918,Brisbane
390919,Brisbane
390920,Brisbane
390921,Brisbane
390922,Brisbane
390923,Brisbane
390924,Brisbane
390925,Brisbane
390926,Sydney
390927,Brisbane
390928,Brisbane
390929,Brisbane
390930,Brisbane
390931,Brisbane
390932,Brisbane
390933,Brisbane
390934,Brisbane
390935,Brisbane
390936,Brisbane
390937,Brisbane
390938,Sydney
390939,Brisbane
390940,Brisbane
390941,Brisbane
390942,Brisbane
390943,Brisbane
390944,Brisbane
390945,Brisbane
390946,Brisbane
390947,Perth
390948,Brisbane
390949,Sydney
390950,Sydney
390951,Brisbane
390952,Brisbane
390953,Brisbane
390954,Brisbane
390955,Brisbane
390956,Brisbane
390957,Brisbane
390958,Brisbane
390959,Brisbane
390960,Brisbane
390961,Brisbane
390962,Brisbane
390963,Brisbane
390964,Brisbane
390965,Brisbane
390966,Brisbane
390967,Brisbane
390968,Brisbane
390969,Brisbane
390970,Brisbane
390971,Brisbane
390972,Brisbane
390973,Brisbane
390974,Brisbane
390975,Brisbane
390976,Brisbane
390977,Brisbane
390978,Brisbane
390979,Brisbane
390980,Brisbane
390981,Brisbane
390982,Brisbane
390983,Brisbane
390984,Brisbane
390985,Brisbane
390986,Brisbane
390987,Brisbane
390988,Brisbane
390989,Brisbane
390990,Brisbane
390991,Brisbane
390992,Sydney
390993,Brisbane
390994,Sydney
390995,Brisbane
390996,Brisbane
390997,Brisbane
390998,Perth
390999,Brisbane
391000,Brisbane
391001,Brisbane
391002,Perth
391003,Brisbane
391004,Brisbane
391005,Brisbane
391006,Brisbane
391007,Brisbane
391008,Brisbane
391009,Brisbane
391010,Brisbane
391011,Brisbane
391012,Brisbane
391013,Brisbane
391014,Brisbane
391015,Brisbane
391016,Brisbane
391017,Brisbane
391018,Brisbane
391019,Brisbane
391020,Perth
391021,Brisbane
391022,Brisbane
391023,Sydney
391024,Brisbane
391025,Brisbane
391026,Brisbane
391027,Brisbane
391028,Brisbane
391029,Brisbane
391030,Perth
391031,Brisbane
391032,Brisbane
391033,Sydney
391034,Brisbane
391035,Brisbane
391036,Brisbane
391037,Brisbane
391038,Brisbane
391039,Perth
391040,Brisbane
391041,Brisbane
391042,Brisbane
391043,Brisbane
391044,Brisbane
391045,Brisbane
391046,Brisbane
391047,Brisbane
391048,Brisbane
391049,Brisbane
391050,Brisbane
391051,Melbourne
391052,Brisbane
391053,Brisbane
391054,Perth
391055,Brisbane
391056,Brisbane
391057,Brisbane
391058,Brisbane
391059,Brisbane
391060,Brisbane
391061,Brisbane
391062,Brisbane
391063,Brisbane
391064,Brisbane
391065,Brisbane
391066,Brisbane
391067,Sydney
391068,Brisbane
391069,Brisbane
391070,Brisbane
391071,Brisbane
391072,Melbourne
391073,Brisbane
391074,Brisbane
391075,Brisbane
391076,Brisbane
391077,Brisbane
391078,Brisbane
391079,Brisbane
391080,Brisbane
391081,Brisbane
391082,Brisbane
391083,Sydney
391084,Brisbane
391085,Brisbane
391086,Brisbane
391087,Brisbane
391088,Brisbane
391089,Perth
391090,Brisbane
391091,Melbourne
391092,Brisbane
391093,Brisbane
391094,Brisbane
391095,Brisbane
391096,Brisbane
391097,Brisbane
391098,Sydney
391099,Sydney
391100,Brisbane
391101,Brisbane
391102,Brisbane
391103,Brisbane
391104,Brisbane
391105,Brisbane
391106,Brisbane
391107,Brisbane
391108,Melbourne
391109,Brisbane
391110,Brisbane
391111,Brisbane
391112,Brisbane
391113,Brisbane
391114,Brisbane
391115,Brisbane
391116,Brisbane
391117,Brisbane
391118,Brisbane
391119,Brisbane
391120,Brisbane
391121,Brisbane
391122,Brisbane
391123,Brisbane
391124,Perth
391125,Brisbane
391126,Brisbane
391127,Brisbane
391128,Brisbane
391129,Brisbane
391130,Brisbane
391131,Melbourne
391132,Brisbane
391133,Brisbane
391134,Brisbane
391135,Brisbane
391136,Brisbane
391137,Brisbane
391138,Brisbane
391139,Brisbane
391140,Brisbane
391141,Sydney
391142,Brisbane
391143,Brisbane
391144,Brisbane
391145,Brisbane
391146,Brisbane
391147,Brisbane
391148,Brisbane
391149,Brisbane
391150,Brisbane
391151,Brisbane
391152,Brisbane
391153,Brisbane
391154,Brisbane
391155,Brisbane
391156,Brisbane
391157,Brisbane
391158,Brisbane
391159,Brisbane
391160,Brisbane
391161,Brisbane
391162,Brisbane
391163,Brisbane
391164,Brisbane
391165,Brisbane
391166,Brisbane
391167,Brisbane
391168,Brisbane
391169,Brisbane
391170,Brisbane
391171,Brisbane
391172,Brisbane
391173,Brisbane
391174,Brisbane
391175,Brisbane
391176,Brisbane
391177,Brisbane
391178,Brisbane
391179,Brisbane
391180,Brisbane
391181,Brisbane
391182,Brisbane
391183,Brisbane
391184,Brisbane
391185,Brisbane
391186,Brisbane
391187,Perth
391188,Brisbane
391189,Brisbane
391190,Brisbane
391191,Brisbane
391192,Brisbane
391193,Brisbane
391194,Brisbane
391195,Brisbane
391196,Brisbane
391197,Brisbane
391198,Brisbane
391199,Brisbane
391200,Perth
391201,Brisbane
391202,Brisbane
391203,Brisbane
391204,Brisbane
391205,Brisbane
391206,Brisbane
391207,Brisbane
391208,Brisbane
391209,Brisbane
391210,Brisbane
391211,Brisbane
391212,Melbourne
391213,Brisbane
391214,Brisbane
391215,Brisbane
391216,Brisbane
391217,Brisbane
391218,Brisbane
391219,Sydney
391220,Brisbane
391221,Brisbane
391222,Brisbane
391223,Brisbane
391224,Sydney
391225,Brisbane
391226,Brisbane
391227,Brisbane
391228,Brisbane
391229,Brisbane
391230,Perth
391231,Sydney
391232,Brisbane
391233,Brisbane
391234,Brisbane
391235,Brisbane
391236,Brisbane
391237,Brisbane
391238,Brisbane
391239,Brisbane
391240,Brisbane
391241,Brisbane
391242,Brisbane
391243,Brisbane
391244,Brisbane
391245,Melbourne
391246,Brisbane
391247,Brisbane
391248,Sydney
391249,Brisbane
391250,Brisbane
391251,Brisbane
391252,Brisbane
391253,Brisbane
391254,Perth
391255,Brisbane
391256,Melbourne
391257,Brisbane
391258,Brisbane
391259,Melbourne
391260,Brisbane
391261,Brisbane
391262,Brisbane
391263,Brisbane
391264,Brisbane
391265,Brisbane
391266,Brisbane
391267,Brisbane
391268,Brisbane
391269,Brisbane
391270,Brisbane
391271,Sydney
391272,Brisbane
391273,Brisbane
391274,Brisbane
391275,Brisbane
391276,Brisbane
391277,Brisbane
391278,Brisbane
391279,Brisbane
391280,Brisbane
391281,Brisbane
391282,Brisbane
391283,Brisbane
391284,Brisbane
391285,Perth
391286,Brisbane
391287,Brisbane
391288,Brisbane
391289,Brisbane
391290,Brisbane
391291,Brisbane
391292,Brisbane
391293,Brisbane
391294,Brisbane
391295,Perth
391296,Brisbane
391297,Brisbane
391298,Brisbane
391299,Brisbane
391300,Brisbane
391301,Brisbane
391302,Brisbane
391303,Brisbane
391304,Brisbane
391305,Brisbane
391306,Sydney
391307,Brisbane
391308,Brisbane
391309,Melbourne
391310,Brisbane
391311,Brisbane
391312,Perth
391313,Brisbane
391314,Brisbane
391315,Brisbane
391316,Brisbane
391317,Brisbane
391318,Brisbane
391319,Sydney
391320,Brisbane
391321,Brisbane
391322,Brisbane
391323,Brisbane
391324,Brisbane
391325,Brisbane
391326,Brisbane
391327,Melbourne
391328,Brisbane
391329,Brisbane
391330,Brisbane
391331,Brisbane
391332,Brisbane
391333,Brisbane
391334,Brisbane
391335,Brisbane
391336,Perth
391337,Brisbane
391338,Brisbane
391339,Brisbane
391340,Brisbane
391341,Brisbane
391342,Brisbane
391343,Brisbane
391344,Brisbane
391345,Brisbane
391346,Brisbane
391347,Brisbane
391348,Brisbane
391349,Brisbane
391350,Brisbane
391351,Brisbane
391352,Brisbane
391353,Brisbane
391354,Melbourne
391355,Brisbane
391356,Brisbane
391357,Brisbane
391358,Brisbane
391359,Brisbane
391360,Brisbane
391361,Brisbane
391362,Sydney
391363,Brisbane
391364,Brisbane
391365,Brisbane
391366,Brisbane
391367,Melbourne
391368,Melbourne
391369,Brisbane
391370,Brisbane
391371,Brisbane
391372,Brisbane
391373,Brisbane
391374,Sydney
391375,Brisbane
391376,Brisbane
391377,Brisbane
391378,Brisbane
391379,Brisbane
391380,Brisbane
391381,Brisbane
391382,Brisbane
391383,Brisbane
391384,Brisbane
391385,Brisbane
391386,Brisbane
391387,Brisbane
391388,Brisbane
391389,Brisbane
391390,Brisbane
391391,Brisbane
391392,Perth
391393,Brisbane
391394,Brisbane
391395,Brisbane
391396,Brisbane
391397,Brisbane
391398,Brisbane
391399,Brisbane
391400,Brisbane
391401,Brisbane
391402,Brisbane
391403,Brisbane
391404,Brisbane
391405,Brisbane
391406,Brisbane
391407,Sydney
391408,Brisbane
391409,Brisbane
391410,Brisbane
391411,Brisbane
391412,Brisbane
391413,Brisbane
391414,Brisbane
391415,Brisbane
391416,Brisbane
391417,Brisbane
391418,Brisbane
391419,Brisbane
391420,Melbourne
391421,Brisbane
391422,Brisbane
391423,Perth
391424,Brisbane
391425,Perth
391426,Brisbane
391427,Brisbane
391428,Brisbane
391429,Brisbane
391430,Brisbane
391431,Brisbane
391432,Brisbane
391433,Brisbane
391434,Brisbane
391435,Brisbane
391436,Brisbane
391437,Brisbane
391438,Brisbane
391439,Brisbane
391440,Brisbane
391441,Brisbane
391442,Brisbane
391443,Brisbane
391444,Brisbane
391445,Sydney
391446,Brisbane
391447,Sydney
391448,Brisbane
391449,Melbourne
391450,Sydney
391451,Brisbane
391452,Brisbane
391453,Brisbane
391454,Brisbane
391455,Melbourne
391456,Brisbane
391457,Brisbane
391458,Brisbane
391459,Sydney
391460,Brisbane
391461,Brisbane
391462,Sydney
391463,Perth
391464,Brisbane
391465,Brisbane
391466,Brisbane
391467,Brisbane
391468,Brisbane
391469,Melbourne
391470,Brisbane
391471,Brisbane
391472,Brisbane
391473,Brisbane
391474,Brisbane
391475,Brisbane
391476,Perth
391477,Brisbane
391478,Brisbane
391479,Brisbane
391480,Brisbane
391481,Brisbane
391482,Brisbane
391483,Brisbane
391484,Brisbane
391485,Brisbane
391486,Brisbane
391487,Brisbane
391488,Brisbane
391489,Perth
391490,Brisbane
391491,Brisbane
391492,Sydney
391493,Brisbane
391494,Brisbane
391495,Brisbane
391496,Brisbane
391497,Brisbane
391498,Brisbane
391499,Brisbane
391500,Brisbane
391501,Brisbane
391502,Brisbane
391503,Brisbane
391504,Brisbane
391505,Brisbane
391506,Brisbane
391507,Brisbane
391508,Perth
391509,Brisbane
391510,Perth
391511,Brisbane
391512,Brisbane
391513,Brisbane
391514,Brisbane
391515,Brisbane
391516,Brisbane
391517,Brisbane
391518,Brisbane
391519,Brisbane
391520,Brisbane
391521,Brisbane
391522,Brisbane
391523,Brisbane
391524,Brisbane
391525,Brisbane
391526,Brisbane
391527,Brisbane
391528,Sydney
391529,Perth
391530,Brisbane
391531,Brisbane
391532,Brisbane
391533,Brisbane
391534,Brisbane
391535,Brisbane
391536,Brisbane
391537,Brisbane
391538,Brisbane
391539,Brisbane
391540,Brisbane
391541,Brisbane
391542,Brisbane
391543,Brisbane
391544,Brisbane
391545,Brisbane
391546,Brisbane
391547,Brisbane
391548,Brisbane
391549,Brisbane
391550,Brisbane
391551,Brisbane
391552,Brisbane
391553,Brisbane
391554,Brisbane
391555,Brisbane
391556,Brisbane
391557,Brisbane
391558,Brisbane
391559,Brisbane
391560,Brisbane
391561,Brisbane
391562,Brisbane
391563,Brisbane
391564,Perth
391565,Brisbane
391566,Brisbane
391567,Brisbane
391568,Brisbane
391569,Brisbane
391570,Brisbane
391571,Brisbane
391572,Brisbane
391573,Melbourne
391574,Brisbane
391575,Brisbane
391576,Brisbane
391577,Brisbane
391578,Brisbane
391579,Sydney
391580,Brisbane
391581,Brisbane
391582,Brisbane
391583,Brisbane
391584,Brisbane
391585,Brisbane
391586,Brisbane
391587,Brisbane
391588,Perth
391589,Brisbane
391590,Brisbane
391591,Brisbane
391592,Brisbane
391593,Brisbane
391594,Brisbane
391595,Melbourne
391596,Brisbane
391597,Brisbane
391598,Brisbane
391599,Sydney
391600,Brisbane
391601,Brisbane
391602,Brisbane
391603,Brisbane
391604,Brisbane
391605,Brisbane
391606,Brisbane
391607,Brisbane
391608,Brisbane
391609,Brisbane
391610,Brisbane
391611,Brisbane
391612,Brisbane
391613,Sydney
391614,Brisbane
391615,Brisbane
391616,Brisbane
391617,Brisbane
391618,Brisbane
391619,Brisbane
391620,Brisbane
391621,Brisbane
391622,Brisbane
391623,Brisbane
391624,Brisbane
391625,Brisbane
391626,Brisbane
391627,Brisbane
391628,Brisbane
391629,Brisbane
391630,Brisbane
391631,Brisbane
391632,Brisbane
391633,Brisbane
391634,Brisbane
391635,Melbourne
391636,Brisbane
391637,Brisbane
391638,Brisbane
391639,Brisbane
391640,Brisbane
391641,Brisbane
391642,Brisbane
391643,Brisbane
391644,Brisbane
391645,Brisbane
391646,Brisbane
391647,Brisbane
391648,Brisbane
391649,Brisbane
391650,Brisbane
391651,Brisbane
391652,Brisbane
391653,Brisbane
391654,Perth
391655,Brisbane
391656,Brisbane
391657,Brisbane
391658,Brisbane
391659,Brisbane
391660,Brisbane
391661,Brisbane
391662,Brisbane
391663,Sydney
391664,Brisbane
391665,Brisbane
391666,Brisbane
391667,Brisbane
391668,Perth
391669,Brisbane
391670,Brisbane
391671,Brisbane
391672,Brisbane
391673,Brisbane
391674,Brisbane
391675,Brisbane
391676,Brisbane
391677,Brisbane
391678,Brisbane
391679,Brisbane
391680,Brisbane
391681,Brisbane
391682,Brisbane
391683,Brisbane
391684,Brisbane
391685,Brisbane
391686,Brisbane
391687,Brisbane
391688,Brisbane
391689,Perth
391690,Brisbane
391691,Brisbane
391692,Brisbane
391693,Brisbane
391694,Brisbane
391695,Brisbane
391696,Brisbane
391697,Brisbane
391698,Brisbane
391699,Brisbane
391700,Brisbane
391701,Brisbane
391702,Brisbane
391703,Perth
391704,Brisbane
391705,Brisbane
391706,Brisbane
391707,Sydney
391708,Brisbane
391709,Brisbane
391710,Brisbane
391711,Brisbane
391712,Brisbane
391713,Brisbane
391714,Brisbane
391715,Brisbane
391716,Brisbane
391717,Brisbane
391718,Brisbane
391719,Brisbane
391720,Melbourne
391721,Brisbane
391722,Brisbane
391723,Brisbane
391724,Brisbane
391725,Melbourne
391726,Brisbane
391727,Brisbane
391728,Brisbane
391729,Brisbane
391730,Brisbane
391731,Brisbane
391732,Brisbane
391733,Brisbane
391734,Brisbane
391735,Brisbane
391736,Brisbane
391737,Brisbane
391738,Brisbane
391739,Brisbane
391740,Brisbane
391741,Brisbane
391742,Brisbane
391743,Brisbane
391744,Brisbane
391745,Brisbane
391746,Brisbane
391747,Melbourne
391748,Brisbane
391749,Brisbane
391750,Brisbane
391751,Brisbane
391752,Brisbane
391753,Brisbane
391754,Brisbane
391755,Brisbane
391756,Brisbane
391757,Brisbane
391758,Brisbane
391759,Brisbane
391760,Brisbane
391761,Brisbane
391762,Brisbane
391763,Brisbane
391764,Brisbane
391765,Brisbane
391766,Sydney
391767,Brisbane
391768,Brisbane
391769,Brisbane
391770,Sydney
391771,Brisbane
391772,Brisbane
391773,Brisbane
391774,Brisbane
391775,Brisbane
391776,Brisbane
391777,Brisbane
391778,Brisbane
391779,Brisbane
391780,Brisbane
391781,Brisbane
391782,Brisbane
391783,Brisbane
391784,Brisbane
391785,Brisbane
391786,Brisbane
391787,Brisbane
391788,Brisbane
391789,Brisbane
391790,Melbourne
391791,Brisbane
391792,Brisbane
391793,Brisbane
391794,Brisbane
391795,Brisbane
391796,Brisbane
391797,Brisbane
391798,Brisbane
391799,Melbourne
391800,Brisbane
391801,Brisbane
391802,Brisbane
391803,Brisbane
391804,Brisbane
391805,Brisbane
391806,Brisbane
391807,Brisbane
391808,Brisbane
391809,Sydney
391810,Brisbane
391811,Brisbane
391812,Sydney
391813,Brisbane
391814,Brisbane
391815,Brisbane
391816,Brisbane
391817,Brisbane
391818,Brisbane
391819,Perth
391820,Brisbane
391821,Brisbane
391822,Brisbane
391823,Brisbane
391824,Perth
391825,Brisbane
391826,Brisbane
391827,Brisbane
391828,Sydney
391829,Sydney
391830,Brisbane
391831,Brisbane
391832,Brisbane
391833,Perth
391834,Brisbane
391835,Brisbane
391836,Brisbane
391837,Brisbane
391838,Sydney
391839,Brisbane
391840,Brisbane
391841,Perth
391842,Brisbane
391843,Brisbane
391844,Brisbane
391845,Brisbane
391846,Brisbane
391847,Brisbane
391848,Brisbane
391849,Brisbane
391850,Brisbane
391851,Brisbane
391852,Brisbane
391853,Brisbane
391854,Brisbane
391855,Brisbane
391856,Brisbane
391857,Brisbane
391858,Melbourne
391859,Brisbane
391860,Brisbane
391861,Brisbane
391862,Brisbane
391863,Brisbane
391864,Brisbane
391865,Brisbane
391866,Brisbane
391867,Brisbane
391868,Brisbane
391869,Brisbane
391870,Sydney
391871,Sydney
391872,Brisbane
391873,Brisbane
391874,Brisbane
391875,Brisbane
391876,Brisbane
391877,Brisbane
391878,Brisbane
391879,Brisbane
391880,Perth
391881,Melbourne
391882,Brisbane
391883,Brisbane
391884,Perth
391885,Brisbane
391886,Brisbane
391887,Perth
391888,Brisbane
391889,Brisbane
391890,Brisbane
391891,Brisbane
391892,Brisbane
391893,Brisbane
391894,Brisbane
391895,Brisbane
391896,Brisbane
391897,Brisbane
391898,Brisbane
391899,Brisbane
391900,Brisbane
391901,Brisbane
391902,Brisbane
391903,Brisbane
391904,Brisbane
391905,Sydney
391906,Brisbane
391907,Brisbane
391908,Brisbane
391909,Sydney
391910,Brisbane
391911,Brisbane
391912,Brisbane
391913,Perth
391914,Brisbane
391915,Brisbane
391916,Brisbane
391917,Brisbane
391918,Brisbane
391919,Perth
391920,Brisbane
391921,Brisbane
391922,Brisbane
391923,Brisbane
391924,Brisbane
391925,Brisbane
391926,Brisbane
391927,Brisbane
391928,Brisbane
391929,Brisbane
391930,Brisbane
391931,Brisbane
391932,Brisbane
391933,Brisbane
391934,Brisbane
391935,Brisbane
391936,Brisbane
391937,Brisbane
391938,Sydney
391939,Brisbane
391940,Brisbane
391941,Brisbane
391942,Brisbane
391943,Perth
391944,Brisbane
391945,Brisbane
391946,Brisbane
391947,Brisbane
391948,Brisbane
391949,Brisbane
391950,Brisbane
391951,Brisbane
391952,Brisbane
391953,Brisbane
391954,Brisbane
391955,Perth
391956,Brisbane
391957,Brisbane
391958,Brisbane
391959,Brisbane
391960,Brisbane
391961,Brisbane
391962,Brisbane
391963,Brisbane
391964,Brisbane
391965,Brisbane
391966,Brisbane
391967,Brisbane
391968,Brisbane
391969,Brisbane
391970,Brisbane
391971,Brisbane
391972,Brisbane
391973,Brisbane
391974,Brisbane
391975,Brisbane
391976,Brisbane
391977,Brisbane
391978,Brisbane
391979,Brisbane
391980,Brisbane
391981,Brisbane
391982,Brisbane
391983,Brisbane
391984,Brisbane
391985,Brisbane
391986,Brisbane
391987,Brisbane
391988,Brisbane
391989,Brisbane
391990,Brisbane
391991,Brisbane
391992,Brisbane
391993,Brisbane
391994,Brisbane
391995,Brisbane
391996,Brisbane
391997,Brisbane
391998,Brisbane
391999,Brisbane
392000,Brisbane
392001,Brisbane
392002,Brisbane
392003,Brisbane
392004,Brisbane
392005,Brisbane
392006,Brisbane
392007,Brisbane
392008,Sydney
392009,Brisbane
392010,Perth
392011,Brisbane
392012,Brisbane
392013,Brisbane
392014,Brisbane
392015,Brisbane
392016,Brisbane
392017,Melbourne
392018,Brisbane
392019,Brisbane
392020,Brisbane
392021,Brisbane
392022,Sydney
392023,Brisbane
392024,Brisbane
392025,Brisbane
392026,Brisbane
392027,Brisbane
392028,Brisbane
392029,Brisbane
392030,Brisbane
392031,Brisbane
392032,Brisbane
392033,Brisbane
392034,Brisbane
392035,Brisbane
392036,Brisbane
392037,Brisbane
392038,Melbourne
392039,Brisbane
392040,Brisbane
392041,Brisbane
392042,Brisbane
392043,Brisbane
392044,Brisbane
392045,Brisbane
392046,Brisbane
392047,Brisbane
392048,Brisbane
392049,Brisbane
392050,Brisbane
392051,Brisbane
392052,Brisbane
392053,Brisbane
392054,Sydney
392055,Melbourne
392056,Melbourne
392057,Brisbane
392058,Brisbane
392059,Brisbane
392060,Brisbane
392061,Brisbane
392062,Brisbane
392063,Brisbane
392064,Brisbane
392065,Brisbane
392066,Brisbane
392067,Brisbane
392068,Brisbane
392069,Brisbane
392070,Brisbane
392071,Brisbane
392072,Brisbane
392073,Brisbane
392074,Brisbane
392075,Brisbane
392076,Brisbane
392077,Brisbane
392078,Brisbane
392079,Brisbane
392080,Brisbane
392081,Brisbane
392082,Brisbane
392083,Brisbane
392084,Brisbane
392085,Brisbane
392086,Brisbane
392087,Brisbane
392088,Sydney
392089,Brisbane
392090,Brisbane
392091,Brisbane
392092,Brisbane
392093,Brisbane
392094,Brisbane
392095,Brisbane
392096,Brisbane
392097,Brisbane
392098,Brisbane
392099,Brisbane
392100,Brisbane
392101,Brisbane
392102,Brisbane
392103,Brisbane
392104,Brisbane
392105,Brisbane
392106,Brisbane
392107,Sydney
392108,Brisbane
392109,Brisbane
392110,Brisbane
392111,Brisbane
392112,Brisbane
392113,Brisbane
392114,Brisbane
392115,Brisbane
392116,Perth
392117,Brisbane
392118,Brisbane
392119,Brisbane
392120,Brisbane
392121,Brisbane
392122,Brisbane
392123,Sydney
392124,Brisbane
392125,Brisbane
392126,Brisbane
392127,Brisbane
392128,Brisbane
392129,Brisbane
392130,Brisbane
392131,Melbourne
392132,Brisbane
392133,Melbourne
392134,Brisbane
392135,Brisbane
392136,Brisbane
392137,Perth
392138,Brisbane
392139,Melbourne
392140,Brisbane
392141,Brisbane
392142,Brisbane
392143,Brisbane
392144,Brisbane
392145,Brisbane
392146,Brisbane
392147,Brisbane
392148,Brisbane
392149,Brisbane
392150,Melbourne
392151,Brisbane
392152,Brisbane
392153,Brisbane
392154,Brisbane
392155,Brisbane
392156,Brisbane
392157,Brisbane
392158,Brisbane
392159,Perth
392160,Perth
392161,Brisbane
392162,Brisbane
392163,Brisbane
392164,Brisbane
392165,Brisbane
392166,Brisbane
392167,Brisbane
392168,Brisbane
392169,Brisbane
392170,Brisbane
392171,Brisbane
392172,Sydney
392173,Perth
392174,Sydney
392175,Brisbane
392176,Brisbane
392177,Brisbane
392178,Brisbane
392179,Brisbane
392180,Brisbane
392181,Sydney
392182,Brisbane
392183,Perth
392184,Brisbane
392185,Brisbane
392186,Brisbane
392187,Brisbane
392188,Brisbane
392189,Brisbane
392190,Brisbane
392191,Brisbane
392192,Brisbane
392193,Brisbane
392194,Brisbane
392195,Brisbane
392196,Brisbane
392197,Brisbane
392198,Brisbane
392199,Brisbane
392200,Brisbane
392201,Brisbane
392202,Brisbane
392203,Brisbane
392204,Brisbane
392205,Brisbane
392206,Brisbane
392207,Brisbane
392208,Melbourne
392209,Brisbane
392210,Brisbane
392211,Brisbane
392212,Brisbane
392213,Brisbane
392214,Brisbane
392215,Brisbane
392216,Brisbane
392217,Brisbane
392218,Sydney
392219,Brisbane
392220,Brisbane
392221,Brisbane
392222,Perth
392223,Brisbane
392224,Brisbane
392225,Brisbane
392226,Brisbane
392227,Brisbane
392228,Brisbane
392229,Brisbane
392230,Brisbane
392231,Perth
392232,Brisbane
392233,Brisbane
392234,Brisbane
392235,Brisbane
392236,Brisbane
392237,Brisbane
392238,Brisbane
392239,Brisbane
392240,Brisbane
392241,Brisbane
392242,Brisbane
392243,Brisbane
392244,Brisbane
392245,Brisbane
392246,Brisbane
392247,Brisbane
392248,Brisbane
392249,Brisbane
392250,Brisbane
392251,Brisbane
392252,Sydney
392253,Brisbane
392254,Brisbane
392255,Brisbane
392256,Brisbane
392257,Brisbane
392258,Brisbane
392259,Brisbane
392260,Brisbane
392261,Brisbane
392262,Brisbane
392263,Brisbane
392264,Brisbane
392265,Perth
392266,Brisbane
392267,Brisbane
392268,Perth
392269,Brisbane
392270,Brisbane
392271,Brisbane
392272,Brisbane
392273,Brisbane
392274,Brisbane
392275,Brisbane
392276,Sydney
392277,Brisbane
392278,Brisbane
392279,Brisbane
392280,Brisbane
392281,Brisbane
392282,Brisbane
392283,Brisbane
392284,Brisbane
392285,Brisbane
392286,Brisbane
392287,Brisbane
392288,Brisbane
392289,Brisbane
392290,Brisbane
392291,Brisbane
392292,Brisbane
392293,Brisbane
392294,Brisbane
392295,Brisbane
392296,Brisbane
392297,Sydney
392298,Brisbane
392299,Brisbane
392300,Brisbane
392301,Brisbane
392302,Brisbane
392303,Perth
392304,Brisbane
392305,Brisbane
392306,Brisbane
392307,Brisbane
392308,Brisbane
392309,Melbourne
392310,Brisbane
392311,Brisbane
392312,Brisbane
392313,Brisbane
392314,Brisbane
392315,Brisbane
392316,Melbourne
392317,Perth
392318,Brisbane
392319,Brisbane
392320,Sydney
392321,Brisbane
392322,Brisbane
392323,Brisbane
392324,Brisbane
392325,Brisbane
392326,Brisbane
392327,Brisbane
392328,Brisbane
392329,Sydney
392330,Brisbane
392331,Brisbane
392332,Brisbane
392333,Brisbane
392334,Brisbane
392335,Brisbane
392336,Brisbane
392337,Brisbane
392338,Sydney
392339,Brisbane
392340,Brisbane
392341,Brisbane
392342,Brisbane
392343,Melbourne
392344,Brisbane
392345,Brisbane
392346,Brisbane
392347,Brisbane
392348,Brisbane
392349,Brisbane
392350,Brisbane
392351,Brisbane
392352,Brisbane
392353,Melbourne
392354,Brisbane
392355,Brisbane
392356,Brisbane
392357,Brisbane
392358,Brisbane
392359,Brisbane
392360,Brisbane
392361,Brisbane
392362,Brisbane
392363,Melbourne
392364,Brisbane
392365,Brisbane
392366,Brisbane
392367,Brisbane
392368,Brisbane
392369,Brisbane
392370,Brisbane
392371,Brisbane
392372,Brisbane
392373,Sydney
392374,Brisbane
392375,Brisbane
392376,Brisbane
392377,Brisbane
392378,Brisbane
392379,Brisbane
392380,Brisbane
392381,Brisbane
392382,Sydney
392383,Brisbane
392384,Brisbane
392385,Brisbane
392386,Brisbane
392387,Brisbane
392388,Brisbane
392389,Perth
392390,Brisbane
392391,Brisbane
392392,Brisbane
392393,Brisbane
392394,Brisbane
392395,Brisbane
392396,Brisbane
392397,Brisbane
392398,Brisbane
392399,Brisbane
392400,Brisbane
392401,Brisbane
392402,Brisbane
392403,Brisbane
392404,Brisbane
392405,Brisbane
392406,Brisbane
392407,Brisbane
392408,Brisbane
392409,Brisbane
392410,Brisbane
392411,Brisbane
392412,Brisbane
392413,Brisbane
392414,Brisbane
392415,Sydney
392416,Brisbane
392417,Brisbane
392418,Brisbane
392419,Brisbane
392420,Brisbane
392421,Sydney
392422,Brisbane
392423,Brisbane
392424,Brisbane
392425,Brisbane
392426,Brisbane
392427,Brisbane
392428,Brisbane
392429,Brisbane
392430,Brisbane
392431,Brisbane
392432,Brisbane
392433,Brisbane
392434,Brisbane
392435,Sydney
392436,Brisbane
392437,Brisbane
392438,Brisbane
392439,Sydney
392440,Brisbane
392441,Brisbane
392442,Brisbane
392443,Brisbane
392444,Brisbane
392445,Brisbane
392446,Brisbane
392447,Sydney
392448,Brisbane
392449,Brisbane
392450,Brisbane
392451,Brisbane
392452,Brisbane
392453,Brisbane
392454,Perth
392455,Brisbane
392456,Brisbane
392457,Brisbane
392458,Brisbane
392459,Brisbane
392460,Brisbane
392461,Brisbane
392462,Brisbane
392463,Brisbane
392464,Brisbane
392465,Brisbane
392466,Brisbane
392467,Brisbane
392468,Brisbane
392469,Melbourne
392470,Brisbane
392471,Brisbane
392472,Brisbane
392473,Brisbane
392474,Brisbane
392475,Brisbane
392476,Brisbane
392477,Brisbane
392478,Brisbane
392479,Brisbane
392480,Melbourne
392481,Brisbane
392482,Perth
392483,Perth
392484,Brisbane
392485,Brisbane
392486,Brisbane
392487,Brisbane
392488,Brisbane
392489,Brisbane
392490,Brisbane
392491,Brisbane
392492,Perth
392493,Brisbane
392494,Brisbane
392495,Brisbane
392496,Brisbane
392497,Brisbane
392498,Brisbane
392499,Brisbane
392500,Brisbane
392501,Brisbane
392502,Brisbane
392503,Brisbane
392504,Brisbane
392505,Brisbane
392506,Brisbane
392507,Brisbane
392508,Brisbane
392509,Brisbane
392510,Brisbane
392511,Brisbane
392512,Brisbane
392513,Brisbane
392514,Brisbane
392515,Brisbane
392516,Brisbane
392517,Brisbane
392518,Brisbane
392519,Brisbane
392520,Brisbane
392521,Sydney
392522,Brisbane
392523,Brisbane
392524,Brisbane
392525,Brisbane
392526,Brisbane
392527,Brisbane
392528,Brisbane
392529,Brisbane
392530,Brisbane
392531,Brisbane
392532,Brisbane
392533,Sydney
392534,Sydney
392535,Sydney
392536,Brisbane
392537,Brisbane
392538,Brisbane
392539,Brisbane
392540,Brisbane
392541,Brisbane
392542,Brisbane
392543,Brisbane
392544,Brisbane
392545,Brisbane
392546,Brisbane
392547,Brisbane
392548,Brisbane
392549,Brisbane
392550,Brisbane
392551,Brisbane
392552,Brisbane
392553,Brisbane
392554,Brisbane
392555,Brisbane
392556,Brisbane
392557,Brisbane
392558,Sydney
392559,Brisbane
392560,Brisbane
392561,Brisbane
392562,Brisbane
392563,Brisbane
392564,Brisbane
392565,Brisbane
392566,Brisbane
392567,Brisbane
392568,Brisbane
392569,Brisbane
392570,Brisbane
392571,Brisbane
392572,Brisbane
392573,Brisbane
392574,Brisbane
392575,Brisbane
392576,Brisbane
392577,Brisbane
392578,Brisbane
392579,Brisbane
392580,Brisbane
392581,Brisbane
392582,Perth
392583,Melbourne
392584,Brisbane
392585,Brisbane
392586,Brisbane
392587,Brisbane
392588,Brisbane
392589,Brisbane
392590,Brisbane
392591,Brisbane
392592,Brisbane
392593,Brisbane
392594,Brisbane
392595,Brisbane
392596,Brisbane
392597,Brisbane
392598,Brisbane
392599,Brisbane
392600,Brisbane
392601,Brisbane
392602,Brisbane
392603,Brisbane
392604,Brisbane
392605,Brisbane
392606,Brisbane
392607,Brisbane
392608,Brisbane
392609,Brisbane
392610,Brisbane
392611,Brisbane
392612,Brisbane
392613,Brisbane
392614,Brisbane
392615,Brisbane
392616,Brisbane
392617,Brisbane
392618,Brisbane
392619,Brisbane
392620,Perth
392621,Brisbane
392622,Brisbane
392623,Sydney
392624,Brisbane
392625,Perth
392626,Brisbane
392627,Brisbane
392628,Brisbane
392629,Brisbane
392630,Brisbane
392631,Brisbane
392632,Brisbane
392633,Brisbane
392634,Brisbane
392635,Brisbane
392636,Brisbane
392637,Brisbane
392638,Brisbane
392639,Brisbane
392640,Brisbane
392641,Brisbane
392642,Brisbane
392643,Brisbane
392644,Sydney
392645,Brisbane
392646,Brisbane
392647,Brisbane
392648,Brisbane
392649,Brisbane
392650,Brisbane
392651,Brisbane
392652,Brisbane
392653,Brisbane
392654,Brisbane
392655,Brisbane
392656,Brisbane
392657,Brisbane
392658,Brisbane
392659,Brisbane
392660,Brisbane
392661,Brisbane
392662,Brisbane
392663,Brisbane
392664,Brisbane
392665,Brisbane
392666,Brisbane
392667,Brisbane
392668,Brisbane
392669,Brisbane
392670,Brisbane
392671,Brisbane
392672,Brisbane
392673,Brisbane
392674,Melbourne
392675,Brisbane
392676,Brisbane
392677,Brisbane
392678,Brisbane
392679,Brisbane
392680,Brisbane
392681,Brisbane
392682,Brisbane
392683,Brisbane
392684,Brisbane
392685,Brisbane
392686,Brisbane
392687,Brisbane
392688,Brisbane
392689,Brisbane
392690,Brisbane
392691,Brisbane
392692,Perth
392693,Brisbane
392694,Brisbane
392695,Brisbane
392696,Brisbane
392697,Brisbane
392698,Brisbane
392699,Brisbane
392700,Brisbane
392701,Brisbane
392702,Brisbane
392703,Brisbane
392704,Brisbane
392705,Brisbane
392706,Brisbane
392707,Brisbane
392708,Brisbane
392709,Brisbane
392710,Brisbane
392711,Perth
392712,Brisbane
392713,Brisbane
392714,Brisbane
392715,Brisbane
392716,Brisbane
392717,Brisbane
392718,Brisbane
392719,Brisbane
392720,Brisbane
392721,Brisbane
392722,Melbourne
392723,Brisbane
392724,Brisbane
392725,Brisbane
392726,Sydney
392727,Brisbane
392728,Brisbane
392729,Brisbane
392730,Brisbane
392731,Brisbane
392732,Melbourne
392733,Brisbane
392734,Brisbane
392735,Brisbane
392736,Brisbane
392737,Brisbane
392738,Brisbane
392739,Brisbane
392740,Brisbane
392741,Brisbane
392742,Brisbane
392743,Brisbane
392744,Brisbane
392745,Brisbane
392746,Brisbane
392747,Brisbane
392748,Brisbane
392749,Brisbane
392750,Brisbane
392751,Brisbane
392752,Brisbane
392753,Brisbane
392754,Brisbane
392755,Brisbane
392756,Brisbane
392757,Brisbane
392758,Brisbane
392759,Brisbane
392760,Brisbane
392761,Brisbane
392762,Perth
392763,Brisbane
392764,Brisbane
392765,Brisbane
392766,Brisbane
392767,Sydney
392768,Melbourne
392769,Brisbane
392770,Brisbane
392771,Brisbane
392772,Brisbane
392773,Brisbane
392774,Brisbane
392775,Brisbane
392776,Brisbane
392777,Melbourne
392778,Brisbane
392779,Brisbane
392780,Brisbane
392781,Brisbane
392782,Brisbane
392783,Brisbane
392784,Melbourne
392785,Melbourne
392786,Brisbane
392787,Melbourne
392788,Brisbane
392789,Brisbane
392790,Melbourne
392791,Brisbane
392792,Brisbane
392793,Brisbane
392794,Brisbane
392795,Brisbane
392796,Brisbane
392797,Brisbane
392798,Brisbane
392799,Brisbane
392800,Brisbane
392801,Brisbane
392802,Brisbane
392803,Brisbane
392804,Brisbane
392805,Brisbane
392806,Brisbane
392807,Brisbane
392808,Brisbane
392809,Brisbane
392810,Brisbane
392811,Brisbane
392812,Perth
392813,Brisbane
392814,Sydney
392815,Perth
392816,Brisbane
392817,Brisbane
392818,Brisbane
392819,Brisbane
392820,Brisbane
392821,Brisbane
392822,Melbourne
392823,Perth
392824,Brisbane
392825,Brisbane
392826,Brisbane
392827,Melbourne
392828,Brisbane
392829,Brisbane
392830,Melbourne
392831,Brisbane
392832,Brisbane
392833,Brisbane
392834,Brisbane
392835,Brisbane
392836,Brisbane
392837,Brisbane
392838,Brisbane
392839,Brisbane
392840,Brisbane
392841,Brisbane
392842,Brisbane
392843,Brisbane
392844,Brisbane
392845,Brisbane
392846,Brisbane
392847,Brisbane
392848,Brisbane
392849,Brisbane
392850,Brisbane
392851,Brisbane
392852,Brisbane
392853,Brisbane
392854,Brisbane
392855,Brisbane
392856,Brisbane
392857,Brisbane
392858,Brisbane
392859,Brisbane
392860,Sydney
392861,Brisbane
392862,Brisbane
392863,Brisbane
392864,Perth
392865,Brisbane
392866,Brisbane
392867,Perth
392868,Brisbane
392869,Brisbane
392870,Melbourne
392871,Brisbane
392872,Brisbane
392873,Brisbane
392874,Brisbane
392875,Brisbane
392876,Brisbane
392877,Brisbane
392878,Brisbane
392879,Brisbane
392880,Brisbane
392881,Brisbane
392882,Brisbane
392883,Brisbane
392884,Brisbane
392885,Brisbane
392886,Brisbane
392887,Brisbane
392888,Brisbane
392889,Brisbane
392890,Brisbane
392891,Brisbane
392892,Brisbane
392893,Brisbane
392894,Brisbane
392895,Brisbane
392896,Brisbane
392897,Brisbane
392898,Melbourne
392899,Sydney
392900,Brisbane
392901,Brisbane
392902,Brisbane
392903,Brisbane
392904,Brisbane
392905,Brisbane
392906,Brisbane
392907,Perth
392908,Brisbane
392909,Brisbane
392910,Brisbane
392911,Brisbane
392912,Brisbane
392913,Brisbane
392914,Brisbane
392915,Brisbane
392916,Brisbane
392917,Brisbane
392918,Brisbane
392919,Brisbane
392920,Brisbane
392921,Brisbane
392922,Brisbane
392923,Brisbane
392924,Brisbane
392925,Brisbane
392926,Brisbane
392927,Brisbane
392928,Brisbane
392929,Sydney
392930,Brisbane
392931,Brisbane
392932,Brisbane
392933,Brisbane
392934,Brisbane
392935,Brisbane
392936,Brisbane
392937,Brisbane
392938,Brisbane
392939,Brisbane
392940,Brisbane
392941,Brisbane
392942,Brisbane
392943,Brisbane
392944,Sydney
392945,Brisbane
392946,Brisbane
392947,Brisbane
392948,Brisbane
392949,Brisbane
392950,Brisbane
392951,Perth
392952,Brisbane
392953,Brisbane
392954,Brisbane
392955,Brisbane
392956,Brisbane
392957,Brisbane
392958,Brisbane
392959,Brisbane
392960,Brisbane
392961,Melbourne
392962,Brisbane
392963,Brisbane
392964,Brisbane
392965,Brisbane
392966,Brisbane
392967,Brisbane
392968,Brisbane
392969,Brisbane
392970,Brisbane
392971,Brisbane
392972,Brisbane
392973,Brisbane
392974,Brisbane
392975,Brisbane
392976,Brisbane
392977,Brisbane
392978,Brisbane
392979,Brisbane
392980,Brisbane
392981,Brisbane
392982,Brisbane
392983,Sydney
392984,Brisbane
392985,Brisbane
392986,Brisbane
392987,Brisbane
392988,Brisbane
392989,Sydney
392990,Brisbane
392991,Brisbane
392992,Brisbane
392993,Perth
392994,Brisbane
392995,Brisbane
392996,Brisbane
392997,Brisbane
392998,Brisbane
392999,Brisbane
393000,Brisbane
393001,Brisbane
393002,Brisbane
393003,Brisbane
393004,Brisbane
393005,Brisbane
393006,Brisbane
393007,Brisbane
393008,Brisbane
393009,Brisbane
393010,Brisbane
393011,Brisbane
393012,Brisbane
393013,Brisbane
393014,Brisbane
393015,Brisbane
393016,Brisbane
393017,Melbourne
393018,Brisbane
393019,Brisbane
393020,Brisbane
393021,Brisbane
393022,Brisbane
393023,Brisbane
393024,Brisbane
393025,Brisbane
393026,Brisbane
393027,Brisbane
393028,Brisbane
393029,Brisbane
393030,Brisbane
393031,Brisbane
393032,Brisbane
393033,Brisbane
393034,Brisbane
393035,Brisbane
393036,Brisbane
393037,Brisbane
393038,Brisbane
393039,Brisbane
393040,Brisbane
393041,Brisbane
393042,Brisbane
393043,Brisbane
393044,Brisbane
393045,Brisbane
393046,Brisbane
393047,Brisbane
393048,Brisbane
393049,Brisbane
393050,Brisbane
393051,Melbourne
393052,Sydney
393053,Brisbane
393054,Brisbane
393055,Brisbane
393056,Brisbane
393057,Brisbane
393058,Brisbane
393059,Brisbane
393060,Brisbane
393061,Brisbane
393062,Brisbane
393063,Brisbane
393064,Brisbane
393065,Brisbane
393066,Brisbane
393067,Brisbane
393068,Brisbane
393069,Brisbane
393070,Brisbane
393071,Brisbane
393072,Brisbane
393073,Sydney
393074,Brisbane
393075,Brisbane
393076,Brisbane
393077,Brisbane
393078,Brisbane
393079,Brisbane
393080,Brisbane
393081,Brisbane
393082,Brisbane
393083,Brisbane
393084,Brisbane
393085,Brisbane
393086,Sydney
393087,Brisbane
393088,Brisbane
393089,Sydney
393090,Brisbane
393091,Brisbane
393092,Brisbane
393093,Perth
393094,Melbourne
393095,Sydney
393096,Brisbane
393097,Brisbane
393098,Brisbane
393099,Brisbane
393100,Brisbane
393101,Brisbane
393102,Brisbane
393103,Brisbane
393104,Perth
393105,Brisbane
393106,Brisbane
393107,Brisbane
393108,Brisbane
393109,Brisbane
393110,Brisbane
393111,Brisbane
393112,Brisbane
393113,Brisbane
393114,Perth
393115,Brisbane
393116,Brisbane
393117,Perth
393118,Brisbane
393119,Sydney
393120,Brisbane
393121,Brisbane
393122,Brisbane
393123,Brisbane
393124,Brisbane
393125,Brisbane
393126,Brisbane
393127,Brisbane
393128,Brisbane
393129,Perth
393130,Brisbane
393131,Brisbane
393132,Brisbane
393133,Brisbane
393134,Brisbane
393135,Brisbane
393136,Brisbane
393137,Brisbane
393138,Brisbane
393139,Brisbane
393140,Brisbane
393141,Sydney
393142,Brisbane
393143,Brisbane
393144,Melbourne
393145,Perth
393146,Brisbane
393147,Brisbane
393148,Brisbane
393149,Brisbane
393150,Brisbane
393151,Brisbane
393152,Brisbane
393153,Brisbane
393154,Brisbane
393155,Brisbane
393156,Brisbane
393157,Brisbane
393158,Brisbane
393159,Sydney
393160,Brisbane
393161,Brisbane
393162,Brisbane
393163,Perth
393164,Brisbane
393165,Brisbane
393166,Brisbane
393167,Brisbane
393168,Brisbane
393169,Brisbane
393170,Brisbane
393171,Brisbane
393172,Perth
393173,Brisbane
393174,Brisbane
393175,Brisbane
393176,Brisbane
393177,Brisbane
393178,Brisbane
393179,Brisbane
393180,Brisbane
393181,Brisbane
393182,Brisbane
393183,Brisbane
393184,Brisbane
393185,Brisbane
393186,Brisbane
393187,Brisbane
393188,Brisbane
393189,Brisbane
393190,Perth
393191,Brisbane
393192,Brisbane
393193,Brisbane
393194,Brisbane
393195,Brisbane
393196,Brisbane
393197,Brisbane
393198,Brisbane
393199,Brisbane
393200,Brisbane
393201,Brisbane
393202,Brisbane
393203,Brisbane
393204,Brisbane
393205,Brisbane
393206,Brisbane
393207,Brisbane
393208,Melbourne
393209,Brisbane
393210,Brisbane
393211,Brisbane
393212,Brisbane
393213,Brisbane
393214,Brisbane
393215,Brisbane
393216,Brisbane
393217,Brisbane
393218,Brisbane
393219,Brisbane
393220,Brisbane
393221,Brisbane
393222,Sydney
393223,Brisbane
393224,Brisbane
393225,Brisbane
393226,Perth
393227,Brisbane
393228,Brisbane
393229,Brisbane
393230,Brisbane
393231,Brisbane
393232,Perth
393233,Brisbane
393234,Brisbane
393235,Brisbane
393236,Brisbane
393237,Brisbane
393238,Brisbane
393239,Brisbane
393240,Brisbane
393241,Sydney
393242,Brisbane
393243,Brisbane
393244,Brisbane
393245,Brisbane
393246,Brisbane
393247,Brisbane
393248,Brisbane
393249,Brisbane
393250,Brisbane
393251,Brisbane
393252,Brisbane
393253,Brisbane
393254,Brisbane
393255,Brisbane
393256,Brisbane
393257,Brisbane
393258,Brisbane
393259,Brisbane
393260,Brisbane
393261,Brisbane
393262,Sydney
393263,Brisbane
393264,Brisbane
393265,Brisbane
393266,Brisbane
393267,Brisbane
393268,Sydney
393269,Melbourne
393270,Brisbane
393271,Brisbane
393272,Brisbane
393273,Brisbane
393274,Brisbane
393275,Perth
393276,Brisbane
393277,Brisbane
393278,Sydney
393279,Brisbane
393280,Brisbane
393281,Brisbane
393282,Brisbane
393283,Brisbane
393284,Brisbane
393285,Perth
393286,Brisbane
393287,Brisbane
393288,Brisbane
393289,Brisbane
393290,Brisbane
393291,Brisbane
393292,Brisbane
393293,Brisbane
393294,Brisbane
393295,Melbourne
393296,Brisbane
393297,Brisbane
393298,Brisbane
393299,Brisbane
393300,Sydney
393301,Brisbane
393302,Brisbane
393303,Brisbane
393304,Brisbane
393305,Brisbane
393306,Brisbane
393307,Brisbane
393308,Brisbane
393309,Brisbane
393310,Brisbane
393311,Brisbane
393312,Brisbane
393313,Brisbane
393314,Brisbane
393315,Brisbane
393316,Brisbane
393317,Brisbane
393318,Brisbane
393319,Brisbane
393320,Brisbane
393321,Brisbane
393322,Sydney
393323,Brisbane
393324,Brisbane
393325,Brisbane
393326,Sydney
393327,Brisbane
393328,Melbourne
393329,Brisbane
393330,Brisbane
393331,Brisbane
393332,Brisbane
393333,Brisbane
393334,Brisbane
393335,Brisbane
393336,Brisbane
393337,Brisbane
393338,Brisbane
393339,Brisbane
393340,Brisbane
393341,Brisbane
393342,Brisbane
393343,Sydney
393344,Brisbane
393345,Brisbane
393346,Brisbane
393347,Brisbane
393348,Brisbane
393349,Brisbane
393350,Brisbane
393351,Brisbane
393352,Brisbane
393353,Brisbane
393354,Brisbane
393355,Brisbane
393356,Brisbane
393357,Brisbane
393358,Brisbane
393359,Brisbane
393360,Brisbane
393361,Brisbane
393362,Brisbane
393363,Brisbane
393364,Brisbane
393365,Brisbane
393366,Brisbane
393367,Brisbane
393368,Brisbane
393369,Brisbane
393370,Brisbane
393371,Brisbane
393372,Brisbane
393373,Brisbane
393374,Brisbane
393375,Brisbane
393376,Brisbane
393377,Brisbane
393378,Brisbane
393379,Brisbane
393380,Brisbane
393381,Brisbane
393382,Brisbane
393383,Brisbane
393384,Perth
393385,Brisbane
393386,Brisbane
393387,Melbourne
393388,Sydney
393389,Sydney
393390,Perth
393391,Brisbane
393392,Brisbane
393393,Brisbane
393394,Sydney
393395,Brisbane
393396,Brisbane
393397,Brisbane
393398,Brisbane
393399,Brisbane
393400,Brisbane
393401,Brisbane
393402,Brisbane
393403,Brisbane
393404,Brisbane
393405,Brisbane
393406,Brisbane
393407,Brisbane
393408,Brisbane
393409,Brisbane
393410,Brisbane
393411,Brisbane
393412,Brisbane
393413,Sydney
393414,Brisbane
393415,Brisbane
393416,Brisbane
393417,Brisbane
393418,Brisbane
393419,Brisbane
393420,Brisbane
393421,Brisbane
393422,Brisbane
393423,Brisbane
393424,Perth
393425,Brisbane
393426,Brisbane
393427,Brisbane
393428,Brisbane
393429,Brisbane
393430,Brisbane
393431,Brisbane
393432,Brisbane
393433,Brisbane
393434,Brisbane
393435,Brisbane
393436,Brisbane
393437,Melbourne
393438,Perth
393439,Brisbane
393440,Brisbane
393441,Brisbane
393442,Brisbane
393443,Brisbane
393444,Brisbane
393445,Brisbane
393446,Brisbane
393447,Brisbane
393448,Melbourne
393449,Brisbane
393450,Brisbane
393451,Brisbane
393452,Brisbane
393453,Brisbane
393454,Brisbane
393455,Brisbane
393456,Brisbane
393457,Brisbane
393458,Brisbane
393459,Brisbane
393460,Brisbane
393461,Brisbane
393462,Perth
393463,Brisbane
393464,Sydney
393465,Brisbane
393466,Brisbane
393467,Brisbane
393468,Brisbane
393469,Brisbane
393470,Brisbane
393471,Brisbane
393472,Brisbane
393473,Brisbane
393474,Brisbane
393475,Brisbane
393476,Perth
393477,Brisbane
393478,Brisbane
393479,Brisbane
393480,Brisbane
393481,Brisbane
393482,Brisbane
393483,Melbourne
393484,Brisbane
393485,Brisbane
393486,Brisbane
393487,Perth
393488,Brisbane
393489,Brisbane
393490,Perth
393491,Sydney
393492,Brisbane
393493,Brisbane
393494,Brisbane
393495,Brisbane
393496,Sydney
393497,Brisbane
393498,Brisbane
393499,Brisbane
393500,Perth
393501,Brisbane
393502,Brisbane
393503,Brisbane
393504,Brisbane
393505,Brisbane
393506,Brisbane
393507,Brisbane
393508,Brisbane
393509,Brisbane
393510,Brisbane
393511,Brisbane
393512,Brisbane
393513,Brisbane
393514,Brisbane
393515,Brisbane
393516,Brisbane
393517,Brisbane
393518,Brisbane
393519,Sydney
393520,Brisbane
393521,Brisbane
393522,Brisbane
393523,Brisbane
393524,Sydney
393525,Brisbane
393526,Brisbane
393527,Brisbane
393528,Brisbane
393529,Brisbane
393530,Brisbane
393531,Brisbane
393532,Brisbane
393533,Sydney
393534,Brisbane
393535,Brisbane
393536,Sydney
393537,Brisbane
393538,Brisbane
393539,Brisbane
393540,Brisbane
393541,Brisbane
393542,Brisbane
393543,Brisbane
393544,Brisbane
393545,Brisbane
393546,Brisbane
393547,Brisbane
393548,Brisbane
393549,Brisbane
393550,Brisbane
393551,Brisbane
393552,Brisbane
393553,Brisbane
393554,Brisbane
393555,Brisbane
393556,Brisbane
393557,Brisbane
393558,Brisbane
393559,Brisbane
393560,Brisbane
393561,Brisbane
393562,Brisbane
393563,Brisbane
393564,Brisbane
393565,Brisbane
393566,Brisbane
393567,Brisbane
393568,Perth
393569,Brisbane
393570,Brisbane
393571,Brisbane
393572,Brisbane
393573,Brisbane
393574,Brisbane
393575,Brisbane
393576,Brisbane
393577,Brisbane
393578,Brisbane
393579,Brisbane
393580,Brisbane
393581,Brisbane
393582,Brisbane
393583,Sydney
393584,Brisbane
393585,Brisbane
393586,Brisbane
393587,Brisbane
393588,Brisbane
393589,Brisbane
393590,Brisbane
393591,Brisbane
393592,Brisbane
393593,Perth
393594,Brisbane
393595,Perth
393596,Brisbane
393597,Brisbane
393598,Brisbane
393599,Sydney
393600,Brisbane
393601,Brisbane
393602,Brisbane
393603,Melbourne
393604,Brisbane
393605,Melbourne
393606,Brisbane
393607,Brisbane
393608,Brisbane
393609,Brisbane
393610,Brisbane
393611,Brisbane
393612,Brisbane
393613,Brisbane
393614,Brisbane
393615,Brisbane
393616,Brisbane
393617,Brisbane
393618,Perth
393619,Brisbane
393620,Brisbane
393621,Brisbane
393622,Brisbane
393623,Brisbane
393624,Brisbane
393625,Brisbane
393626,Perth
393627,Perth
393628,Brisbane
393629,Brisbane
393630,Brisbane
393631,Brisbane
393632,Brisbane
393633,Brisbane
393634,Brisbane
393635,Brisbane
393636,Brisbane
393637,Sydney
393638,Brisbane
393639,Brisbane
393640,Brisbane
393641,Brisbane
393642,Brisbane
393643,Brisbane
393644,Brisbane
393645,Brisbane
393646,Brisbane
393647,Brisbane
393648,Brisbane
393649,Brisbane
393650,Perth
393651,Brisbane
393652,Brisbane
393653,Brisbane
393654,Brisbane
393655,Brisbane
393656,Brisbane
393657,Brisbane
393658,Brisbane
393659,Sydney
393660,Brisbane
393661,Brisbane
393662,Brisbane
393663,Sydney
393664,Brisbane
393665,Brisbane
393666,Brisbane
393667,Brisbane
393668,Brisbane
393669,Brisbane
393670,Brisbane
393671,Brisbane
393672,Perth
393673,Brisbane
393674,Brisbane
393675,Brisbane
393676,Brisbane
393677,Brisbane
393678,Brisbane
393679,Brisbane
393680,Brisbane
393681,Brisbane
393682,Brisbane
393683,Brisbane
393684,Brisbane
393685,Brisbane
393686,Brisbane
393687,Brisbane
393688,Brisbane
393689,Brisbane
393690,Brisbane
393691,Brisbane
393692,Brisbane
393693,Brisbane
393694,Brisbane
393695,Brisbane
393696,Brisbane
393697,Brisbane
393698,Brisbane
393699,Brisbane
393700,Brisbane
393701,Brisbane
393702,Brisbane
393703,Brisbane
393704,Brisbane
393705,Brisbane
393706,Brisbane
393707,Brisbane
393708,Brisbane
393709,Brisbane
393710,Brisbane
393711,Brisbane
393712,Brisbane
393713,Brisbane
393714,Sydney
393715,Brisbane
393716,Perth
393717,Brisbane
393718,Brisbane
393719,Brisbane
393720,Brisbane
393721,Brisbane
393722,Brisbane
393723,Brisbane
393724,Brisbane
393725,Brisbane
393726,Brisbane
393727,Brisbane
393728,Melbourne
393729,Brisbane
393730,Brisbane
393731,Brisbane
393732,Brisbane
393733,Brisbane
393734,Brisbane
393735,Brisbane
393736,Brisbane
393737,Brisbane
393738,Brisbane
393739,Brisbane
393740,Brisbane
393741,Melbourne
393742,Brisbane
393743,Brisbane
393744,Perth
393745,Brisbane
393746,Brisbane
393747,Brisbane
393748,Brisbane
393749,Brisbane
393750,Brisbane
393751,Brisbane
393752,Brisbane
393753,Brisbane
393754,Brisbane
393755,Brisbane
393756,Brisbane
393757,Brisbane
393758,Brisbane
393759,Brisbane
393760,Brisbane
393761,Sydney
393762,Brisbane
393763,Brisbane
393764,Brisbane
393765,Brisbane
393766,Brisbane
393767,Brisbane
393768,Brisbane
393769,Brisbane
393770,Brisbane
393771,Brisbane
393772,Brisbane
393773,Brisbane
393774,Brisbane
393775,Brisbane
393776,Brisbane
393777,Brisbane
393778,Brisbane
393779,Brisbane
393780,Brisbane
393781,Brisbane
393782,Brisbane
393783,Brisbane
393784,Brisbane
393785,Brisbane
393786,Brisbane
393787,Brisbane
393788,Perth
393789,Brisbane
393790,Brisbane
393791,Brisbane
393792,Brisbane
393793,Brisbane
393794,Brisbane
393795,Brisbane
393796,Brisbane
393797,Brisbane
393798,Brisbane
393799,Brisbane
393800,Brisbane
393801,Brisbane
393802,Brisbane
393803,Brisbane
393804,Brisbane
393805,Brisbane
393806,Brisbane
393807,Brisbane
393808,Brisbane
393809,Brisbane
393810,Sydney
393811,Brisbane
393812,Brisbane
393813,Brisbane
393814,Brisbane
393815,Melbourne
393816,Brisbane
393817,Brisbane
393818,Brisbane
393819,Brisbane
393820,Brisbane
393821,Brisbane
393822,Brisbane
393823,Brisbane
393824,Brisbane
393825,Brisbane
393826,Brisbane
393827,Sydney
393828,Brisbane
393829,Brisbane
393830,Brisbane
393831,Brisbane
393832,Brisbane
393833,Brisbane
393834,Perth
393835,Brisbane
393836,Brisbane
393837,Brisbane
393838,Brisbane
393839,Melbourne
393840,Brisbane
393841,Sydney
393842,Brisbane
393843,Brisbane
393844,Brisbane
393845,Brisbane
393846,Brisbane
393847,Melbourne
393848,Brisbane
393849,Brisbane
393850,Brisbane
393851,Brisbane
393852,Brisbane
393853,Brisbane
393854,Brisbane
393855,Sydney
393856,Brisbane
393857,Brisbane
393858,Brisbane
393859,Brisbane
393860,Brisbane
393861,Perth
393862,Brisbane
393863,Brisbane
393864,Brisbane
393865,Brisbane
393866,Brisbane
393867,Brisbane
393868,Brisbane
393869,Brisbane
393870,Brisbane
393871,Brisbane
393872,Sydney
393873,Brisbane
393874,Brisbane
393875,Brisbane
393876,Brisbane
393877,Brisbane
393878,Brisbane
393879,Brisbane
393880,Brisbane
393881,Brisbane
393882,Brisbane
393883,Brisbane
393884,Brisbane
393885,Brisbane
393886,Brisbane
393887,Brisbane
393888,Brisbane
393889,Brisbane
393890,Melbourne
393891,Brisbane
393892,Brisbane
393893,Brisbane
393894,Brisbane
393895,Brisbane
393896,Brisbane
393897,Brisbane
393898,Brisbane
393899,Brisbane
393900,Perth
393901,Brisbane
393902,Brisbane
393903,Brisbane
393904,Brisbane
393905,Brisbane
393906,Brisbane
393907,Brisbane
393908,Brisbane
393909,Brisbane
393910,Brisbane
393911,Brisbane
393912,Brisbane
393913,Brisbane
393914,Sydney
393915,Brisbane
393916,Brisbane
393917,Brisbane
393918,Melbourne
393919,Brisbane
393920,Brisbane
393921,Brisbane
393922,Brisbane
393923,Melbourne
393924,Brisbane
393925,Brisbane
393926,Brisbane
393927,Brisbane
393928,Brisbane
393929,Brisbane
393930,Brisbane
393931,Brisbane
393932,Brisbane
393933,Sydney
393934,Brisbane
393935,Brisbane
393936,Perth
393937,Brisbane
393938,Brisbane
393939,Brisbane
393940,Brisbane
393941,Perth
393942,Brisbane
393943,Brisbane
393944,Brisbane
393945,Brisbane
393946,Brisbane
393947,Brisbane
393948,Brisbane
393949,Brisbane
393950,Brisbane
393951,Brisbane
393952,Brisbane
393953,Brisbane
393954,Brisbane
393955,Brisbane
393956,Brisbane
393957,Brisbane
393958,Brisbane
393959,Melbourne
393960,Brisbane
393961,Brisbane
393962,Brisbane
393963,Brisbane
393964,Sydney
393965,Brisbane
393966,Brisbane
393967,Brisbane
393968,Brisbane
393969,Brisbane
393970,Brisbane
393971,Brisbane
393972,Brisbane
393973,Brisbane
393974,Sydney
393975,Brisbane
393976,Brisbane
393977,Brisbane
393978,Brisbane
393979,Brisbane
393980,Brisbane
393981,Brisbane
393982,Brisbane
393983,Brisbane
393984,Brisbane
393985,Brisbane
393986,Brisbane
393987,Brisbane
393988,Brisbane
393989,Brisbane
393990,Brisbane
393991,Brisbane
393992,Brisbane
393993,Brisbane
393994,Brisbane
393995,Sydney
393996,Sydney
393997,Brisbane
393998,Brisbane
393999,Perth
394000,Brisbane
394001,Brisbane
394002,Brisbane
394003,Brisbane
394004,Brisbane
394005,Brisbane
394006,Brisbane
394007,Brisbane
394008,Brisbane
394009,Brisbane
394010,Brisbane
394011,Brisbane
394012,Brisbane
394013,Brisbane
394014,Brisbane
394015,Brisbane
394016,Brisbane
394017,Brisbane
394018,Brisbane
394019,Brisbane
394020,Brisbane
394021,Perth
394022,Brisbane
394023,Brisbane
394024,Brisbane
394025,Brisbane
394026,Brisbane
394027,Melbourne
394028,Brisbane
394029,Brisbane
394030,Brisbane
394031,Brisbane
394032,Brisbane
394033,Brisbane
394034,Brisbane
394035,Brisbane
394036,Brisbane
394037,Brisbane
394038,Brisbane
394039,Brisbane
394040,Brisbane
394041,Brisbane
394042,Brisbane
394043,Brisbane
394044,Brisbane
394045,Brisbane
394046,Brisbane
394047,Brisbane
394048,Brisbane
394049,Brisbane
394050,Brisbane
394051,Brisbane
394052,Brisbane
394053,Brisbane
394054,Brisbane
394055,Brisbane
394056,Brisbane
394057,Brisbane
394058,Brisbane
394059,Brisbane
394060,Brisbane
394061,Brisbane
394062,Melbourne
394063,Brisbane
394064,Brisbane
394065,Brisbane
394066,Brisbane
394067,Brisbane
394068,Brisbane
394069,Brisbane
394070,Brisbane
394071,Brisbane
394072,Melbourne
394073,Perth
394074,Brisbane
394075,Brisbane
394076,Perth
394077,Sydney
394078,Brisbane
394079,Brisbane
394080,Sydney
394081,Brisbane
394082,Brisbane
394083,Brisbane
394084,Brisbane
394085,Brisbane
394086,Brisbane
394087,Perth
394088,Brisbane
394089,Brisbane
394090,Brisbane
394091,Brisbane
394092,Brisbane
394093,Brisbane
394094,Brisbane
394095,Brisbane
394096,Melbourne
394097,Brisbane
394098,Brisbane
394099,Brisbane
394100,Brisbane
394101,Melbourne
394102,Sydney
394103,Brisbane
394104,Brisbane
394105,Brisbane
394106,Brisbane
394107,Perth
394108,Brisbane
394109,Melbourne
394110,Sydney
394111,Brisbane
394112,Brisbane
394113,Brisbane
394114,Brisbane
394115,Brisbane
394116,Brisbane
394117,Brisbane
394118,Brisbane
394119,Brisbane
394120,Sydney
394121,Brisbane
394122,Brisbane
394123,Brisbane
394124,Brisbane
394125,Brisbane
394126,Brisbane
394127,Brisbane
394128,Brisbane
394129,Brisbane
394130,Brisbane
394131,Brisbane
394132,Brisbane
394133,Brisbane
394134,Brisbane
394135,Brisbane
394136,Brisbane
394137,Brisbane
394138,Brisbane
394139,Brisbane
394140,Brisbane
394141,Brisbane
394142,Brisbane
394143,Brisbane
394144,Brisbane
394145,Brisbane
394146,Brisbane
394147,Brisbane
394148,Brisbane
394149,Brisbane
394150,Perth
394151,Brisbane
394152,Brisbane
394153,Brisbane
394154,Brisbane
394155,Brisbane
394156,Brisbane
394157,Brisbane
394158,Sydney
394159,Perth
394160,Brisbane
394161,Brisbane
394162,Brisbane
394163,Brisbane
394164,Brisbane
394165,Brisbane
394166,Brisbane
394167,Perth
394168,Brisbane
394169,Brisbane
394170,Brisbane
394171,Brisbane
394172,Brisbane
394173,Brisbane
394174,Brisbane
394175,Brisbane
394176,Brisbane
394177,Brisbane
394178,Brisbane
394179,Brisbane
394180,Brisbane
394181,Brisbane
394182,Brisbane
394183,Brisbane
394184,Brisbane
394185,Melbourne
394186,Brisbane
394187,Brisbane
394188,Brisbane
394189,Brisbane
394190,Brisbane
394191,Brisbane
394192,Brisbane
394193,Brisbane
394194,Brisbane
394195,Melbourne
394196,Brisbane
394197,Brisbane
394198,Brisbane
394199,Melbourne
394200,Brisbane
394201,Brisbane
394202,Brisbane
394203,Brisbane
394204,Brisbane
394205,Brisbane
394206,Brisbane
394207,Brisbane
394208,Brisbane
394209,Perth
394210,Brisbane
394211,Brisbane
394212,Brisbane
394213,Brisbane
394214,Brisbane
394215,Brisbane
394216,Brisbane
394217,Brisbane
394218,Brisbane
394219,Brisbane
394220,Brisbane
394221,Brisbane
394222,Brisbane
394223,Brisbane
394224,Brisbane
394225,Brisbane
394226,Brisbane
394227,Brisbane
394228,Brisbane
394229,Melbourne
394230,Brisbane
394231,Brisbane
394232,Brisbane
394233,Brisbane
394234,Brisbane
394235,Brisbane
394236,Brisbane
394237,Brisbane
394238,Brisbane
394239,Brisbane
394240,Brisbane
394241,Brisbane
394242,Brisbane
394243,Brisbane
394244,Sydney
394245,Brisbane
394246,Melbourne
394247,Brisbane
394248,Sydney
394249,Brisbane
394250,Brisbane
394251,Brisbane
394252,Melbourne
394253,Brisbane
394254,Brisbane
394255,Brisbane
394256,Brisbane
394257,Brisbane
394258,Brisbane
394259,Brisbane
394260,Brisbane
394261,Sydney
394262,Brisbane
394263,Brisbane
394264,Brisbane
394265,Brisbane
394266,Brisbane
394267,Brisbane
394268,Brisbane
394269,Brisbane
394270,Melbourne
394271,Brisbane
394272,Brisbane
394273,Brisbane
394274,Brisbane
394275,Sydney
394276,Brisbane
394277,Brisbane
394278,Brisbane
394279,Brisbane
394280,Brisbane
394281,Brisbane
394282,Sydney
394283,Sydney
394284,Brisbane
394285,Brisbane
394286,Brisbane
394287,Perth
394288,Brisbane
394289,Brisbane
394290,Brisbane
394291,Brisbane
394292,Brisbane
394293,Brisbane
394294,Brisbane
394295,Perth
394296,Sydney
394297,Brisbane
394298,Brisbane
394299,Brisbane
394300,Brisbane
394301,Perth
394302,Brisbane
394303,Perth
394304,Brisbane
394305,Brisbane
394306,Brisbane
394307,Perth
394308,Brisbane
394309,Brisbane
394310,Brisbane
394311,Brisbane
394312,Brisbane
394313,Brisbane
394314,Brisbane
394315,Brisbane
394316,Brisbane
394317,Brisbane
394318,Brisbane
394319,Brisbane
394320,Brisbane
394321,Melbourne
394322,Melbourne
394323,Brisbane
394324,Brisbane
394325,Brisbane
394326,Sydney
394327,Brisbane
394328,Brisbane
394329,Brisbane
394330,Brisbane
394331,Perth
394332,Brisbane
394333,Brisbane
394334,Brisbane
394335,Brisbane
394336,Brisbane
394337,Brisbane
394338,Brisbane
394339,Brisbane
394340,Brisbane
394341,Brisbane
394342,Brisbane
394343,Brisbane
394344,Brisbane
394345,Brisbane
394346,Brisbane
394347,Brisbane
394348,Brisbane
394349,Brisbane
394350,Brisbane
394351,Brisbane
394352,Brisbane
394353,Brisbane
394354,Brisbane
394355,Brisbane
394356,Brisbane
394357,Brisbane
394358,Brisbane
394359,Brisbane
394360,Brisbane
394361,Brisbane
394362,Perth
394363,Brisbane
394364,Brisbane
394365,Brisbane
394366,Perth
394367,Brisbane
394368,Brisbane
394369,Brisbane
394370,Brisbane
394371,Brisbane
394372,Melbourne
394373,Brisbane
394374,Brisbane
394375,Brisbane
394376,Brisbane
394377,Brisbane
394378,Brisbane
394379,Brisbane
394380,Brisbane
394381,Brisbane
394382,Brisbane
394383,Brisbane
394384,Melbourne
394385,Brisbane
394386,Brisbane
394387,Melbourne
394388,Perth
394389,Brisbane
394390,Brisbane
394391,Brisbane
394392,Brisbane
394393,Brisbane
394394,Brisbane
394395,Brisbane
394396,Brisbane
394397,Brisbane
394398,Brisbane
394399,Brisbane
394400,Brisbane
394401,Brisbane
394402,Brisbane
394403,Brisbane
394404,Brisbane
394405,Brisbane
394406,Brisbane
394407,Brisbane
394408,Brisbane
394409,Brisbane
394410,Melbourne
394411,Brisbane
394412,Brisbane
394413,Brisbane
394414,Brisbane
394415,Brisbane
394416,Brisbane
394417,Brisbane
394418,Brisbane
394419,Brisbane
394420,Brisbane
394421,Brisbane
394422,Brisbane
394423,Brisbane
394424,Brisbane
394425,Brisbane
394426,Brisbane
394427,Brisbane
394428,Perth
394429,Brisbane
394430,Brisbane
394431,Brisbane
394432,Brisbane
394433,Brisbane
394434,Brisbane
394435,Brisbane
394436,Brisbane
394437,Brisbane
394438,Brisbane
394439,Brisbane
394440,Brisbane
394441,Brisbane
394442,Perth
394443,Brisbane
394444,Sydney
394445,Brisbane
394446,Brisbane
394447,Brisbane
394448,Brisbane
394449,Brisbane
394450,Brisbane
394451,Brisbane
394452,Brisbane
394453,Brisbane
394454,Brisbane
394455,Brisbane
394456,Sydney
394457,Brisbane
394458,Brisbane
394459,Brisbane
394460,Brisbane
394461,Brisbane
394462,Brisbane
394463,Brisbane
394464,Brisbane
394465,Brisbane
394466,Brisbane
394467,Brisbane
394468,Brisbane
394469,Brisbane
394470,Perth
394471,Brisbane
394472,Perth
394473,Sydney
394474,Melbourne
394475,Brisbane
394476,Brisbane
394477,Brisbane
394478,Brisbane
394479,Brisbane
394480,Perth
394481,Sydney
394482,Perth
394483,Brisbane
394484,Brisbane
394485,Brisbane
394486,Brisbane
394487,Brisbane
394488,Brisbane
394489,Brisbane
394490,Brisbane
394491,Melbourne
394492,Brisbane
394493,Sydney
394494,Brisbane
394495,Brisbane
394496,Brisbane
394497,Perth
394498,Brisbane
394499,Brisbane
394500,Brisbane
394501,Brisbane
394502,Brisbane
394503,Brisbane
394504,Brisbane
394505,Brisbane
394506,Perth
394507,Brisbane
394508,Brisbane
394509,Brisbane
394510,Brisbane
394511,Brisbane
394512,Brisbane
394513,Brisbane
394514,Brisbane
394515,Brisbane
394516,Sydney
394517,Brisbane
394518,Sydney
394519,Brisbane
394520,Brisbane
394521,Brisbane
394522,Brisbane
394523,Brisbane
394524,Brisbane
394525,Brisbane
394526,Melbourne
394527,Brisbane
394528,Brisbane
394529,Brisbane
394530,Brisbane
394531,Brisbane
394532,Brisbane
394533,Brisbane
394534,Brisbane
394535,Perth
394536,Brisbane
394537,Brisbane
394538,Brisbane
394539,Brisbane
394540,Brisbane
394541,Brisbane
394542,Brisbane
394543,Brisbane
394544,Sydney
394545,Brisbane
394546,Brisbane
394547,Brisbane
394548,Brisbane
394549,Sydney
394550,Brisbane
394551,Perth
394552,Brisbane
394553,Brisbane
394554,Brisbane
394555,Perth
394556,Sydney
394557,Brisbane
394558,Brisbane
394559,Brisbane
394560,Brisbane
394561,Brisbane
394562,Brisbane
394563,Brisbane
394564,Brisbane
394565,Brisbane
394566,Brisbane
394567,Perth
394568,Brisbane
394569,Brisbane
394570,Brisbane
394571,Brisbane
394572,Brisbane
394573,Brisbane
394574,Brisbane
394575,Brisbane
394576,Perth
394577,Perth
394578,Brisbane
394579,Brisbane
394580,Brisbane
394581,Brisbane
394582,Brisbane
394583,Brisbane
394584,Brisbane
394585,Brisbane
394586,Brisbane
394587,Brisbane
394588,Brisbane
394589,Brisbane
394590,Brisbane
394591,Brisbane
394592,Brisbane
394593,Brisbane
394594,Brisbane
394595,Brisbane
394596,Brisbane
394597,Brisbane
394598,Brisbane
394599,Brisbane
394600,Perth
394601,Brisbane
394602,Brisbane
394603,Brisbane
394604,Brisbane
394605,Brisbane
394606,Brisbane
394607,Brisbane
394608,Brisbane
394609,Brisbane
394610,Brisbane
394611,Brisbane
394612,Brisbane
394613,Brisbane
394614,Brisbane
394615,Brisbane
394616,Brisbane
394617,Sydney
394618,Brisbane
394619,Brisbane
394620,Brisbane
394621,Brisbane
394622,Brisbane
394623,Perth
394624,Brisbane
394625,Brisbane
394626,Brisbane
394627,Brisbane
394628,Brisbane
394629,Brisbane
394630,Brisbane
394631,Brisbane
394632,Brisbane
394633,Brisbane
394634,Brisbane
394635,Sydney
394636,Brisbane
394637,Brisbane
394638,Brisbane
394639,Brisbane
394640,Brisbane
394641,Brisbane
394642,Brisbane
394643,Brisbane
394644,Brisbane
394645,Brisbane
394646,Brisbane
394647,Brisbane
394648,Brisbane
394649,Brisbane
394650,Brisbane
394651,Brisbane
394652,Perth
394653,Brisbane
394654,Brisbane
394655,Brisbane
394656,Brisbane
394657,Sydney
394658,Brisbane
394659,Brisbane
394660,Brisbane
394661,Brisbane
394662,Brisbane
394663,Brisbane
394664,Brisbane
394665,Brisbane
394666,Brisbane
394667,Brisbane
394668,Brisbane
394669,Brisbane
394670,Perth
394671,Brisbane
394672,Brisbane
394673,Brisbane
394674,Perth
394675,Perth
394676,Brisbane
394677,Brisbane
394678,Brisbane
394679,Brisbane
394680,Brisbane
394681,Brisbane
394682,Brisbane
394683,Brisbane
394684,Brisbane
394685,Brisbane
394686,Brisbane
394687,Melbourne
394688,Brisbane
394689,Brisbane
394690,Brisbane
394691,Brisbane
394692,Brisbane
394693,Brisbane
394694,Brisbane
394695,Brisbane
394696,Brisbane
394697,Brisbane
394698,Brisbane
394699,Brisbane
394700,Brisbane
394701,Brisbane
394702,Brisbane
394703,Brisbane
394704,Brisbane
394705,Brisbane
394706,Brisbane
394707,Brisbane
394708,Brisbane
394709,Brisbane
394710,Brisbane
394711,Brisbane
394712,Brisbane
394713,Brisbane
394714,Brisbane
394715,Brisbane
394716,Brisbane
394717,Brisbane
394718,Brisbane
394719,Brisbane
394720,Brisbane
394721,Brisbane
394722,Brisbane
394723,Brisbane
394724,Brisbane
394725,Brisbane
394726,Brisbane
394727,Brisbane
394728,Brisbane
394729,Perth
394730,Brisbane
394731,Brisbane
394732,Brisbane
394733,Brisbane
394734,Brisbane
394735,Brisbane
394736,Brisbane
394737,Brisbane
394738,Brisbane
394739,Brisbane
394740,Brisbane
394741,Brisbane
394742,Brisbane
394743,Brisbane
394744,Brisbane
394745,Brisbane
394746,Brisbane
394747,Brisbane
394748,Brisbane
394749,Brisbane
394750,Brisbane
394751,Brisbane
394752,Brisbane
394753,Brisbane
394754,Brisbane
394755,Brisbane
394756,Brisbane
394757,Perth
394758,Brisbane
394759,Brisbane
394760,Brisbane
394761,Brisbane
394762,Brisbane
394763,Brisbane
394764,Brisbane
394765,Brisbane
394766,Brisbane
394767,Brisbane
394768,Brisbane
394769,Sydney
394770,Brisbane
394771,Brisbane
394772,Brisbane
394773,Brisbane
394774,Brisbane
394775,Brisbane
394776,Brisbane
394777,Brisbane
394778,Brisbane
394779,Brisbane
394780,Brisbane
394781,Brisbane
394782,Brisbane
394783,Brisbane
394784,Brisbane
394785,Perth
394786,Brisbane
394787,Brisbane
394788,Brisbane
394789,Sydney
394790,Brisbane
394791,Brisbane
394792,Brisbane
394793,Brisbane
394794,Melbourne
394795,Sydney
394796,Brisbane
394797,Brisbane
394798,Brisbane
394799,Melbourne
394800,Brisbane
394801,Brisbane
394802,Brisbane
394803,Brisbane
394804,Brisbane
394805,Brisbane
394806,Brisbane
394807,Brisbane
394808,Sydney
394809,Brisbane
394810,Perth
394811,Brisbane
394812,Brisbane
394813,Brisbane
394814,Brisbane
394815,Brisbane
394816,Sydney
394817,Sydney
394818,Brisbane
394819,Brisbane
394820,Brisbane
394821,Brisbane
394822,Brisbane
394823,Melbourne
394824,Brisbane
394825,Brisbane
394826,Brisbane
394827,Brisbane
394828,Brisbane
394829,Perth
394830,Brisbane
394831,Brisbane
394832,Brisbane
394833,Perth
394834,Brisbane
394835,Brisbane
394836,Melbourne
394837,Brisbane
394838,Brisbane
394839,Brisbane
394840,Brisbane
394841,Brisbane
394842,Brisbane
394843,Melbourne
394844,Brisbane
394845,Brisbane
394846,Brisbane
394847,Brisbane
394848,Brisbane
394849,Brisbane
394850,Brisbane
394851,Brisbane
394852,Brisbane
394853,Brisbane
394854,Brisbane
394855,Brisbane
394856,Brisbane
394857,Brisbane
394858,Perth
394859,Sydney
394860,Brisbane
394861,Brisbane
394862,Brisbane
394863,Brisbane
394864,Brisbane
394865,Brisbane
394866,Perth
394867,Brisbane
394868,Brisbane
394869,Brisbane
394870,Brisbane
394871,Brisbane
394872,Brisbane
394873,Brisbane
394874,Brisbane
394875,Brisbane
394876,Brisbane
394877,Brisbane
394878,Brisbane
394879,Brisbane
394880,Brisbane
394881,Brisbane
394882,Brisbane
394883,Brisbane
394884,Brisbane
394885,Brisbane
394886,Brisbane
394887,Brisbane
394888,Brisbane
394889,Brisbane
394890,Brisbane
394891,Brisbane
394892,Brisbane
394893,Brisbane
394894,Brisbane
394895,Brisbane
394896,Brisbane
394897,Brisbane
394898,Brisbane
394899,Brisbane
394900,Brisbane
394901,Brisbane
394902,Brisbane
394903,Brisbane
394904,Brisbane
394905,Brisbane
394906,Brisbane
394907,Brisbane
394908,Brisbane
394909,Brisbane
394910,Brisbane
394911,Brisbane
394912,Perth
394913,Brisbane
394914,Melbourne
394915,Brisbane
394916,Melbourne
394917,Brisbane
394918,Brisbane
394919,Brisbane
394920,Brisbane
394921,Brisbane
394922,Brisbane
394923,Brisbane
394924,Brisbane
394925,Brisbane
394926,Perth
394927,Brisbane
394928,Brisbane
394929,Brisbane
394930,Brisbane
394931,Brisbane
394932,Brisbane
394933,Sydney
394934,Brisbane
394935,Brisbane
394936,Brisbane
394937,Brisbane
394938,Perth
394939,Brisbane
394940,Brisbane
394941,Melbourne
394942,Brisbane
394943,Brisbane
394944,Brisbane
394945,Melbourne
394946,Brisbane
394947,Brisbane
394948,Brisbane
394949,Brisbane
394950,Brisbane
394951,Sydney
394952,Brisbane
394953,Brisbane
394954,Brisbane
394955,Brisbane
394956,Brisbane
394957,Sydney
394958,Brisbane
394959,Brisbane
394960,Brisbane
394961,Brisbane
394962,Brisbane
394963,Brisbane
394964,Melbourne
394965,Brisbane
394966,Brisbane
394967,Brisbane
394968,Brisbane
394969,Brisbane
394970,Brisbane
394971,Brisbane
394972,Brisbane
394973,Sydney
394974,Brisbane
394975,Brisbane
394976,Brisbane
394977,Perth
394978,Perth
394979,Brisbane
394980,Brisbane
394981,Brisbane
394982,Perth
394983,Brisbane
394984,Brisbane
394985,Brisbane
394986,Brisbane
394987,Brisbane
394988,Brisbane
394989,Brisbane
394990,Brisbane
394991,Brisbane
394992,Sydney
394993,Brisbane
394994,Brisbane
394995,Brisbane
394996,Sydney
394997,Brisbane
394998,Brisbane
394999,Brisbane
395000,Brisbane
395001,Brisbane
395002,Brisbane
395003,Brisbane
395004,Brisbane
395005,Brisbane
395006,Brisbane
395007,Brisbane
395008,Brisbane
395009,Brisbane
395010,Brisbane
395011,Brisbane
395012,Brisbane
395013,Sydney
395014,Brisbane
395015,Brisbane
395016,Brisbane
395017,Brisbane
395018,Brisbane
395019,Brisbane
395020,Brisbane
395021,Brisbane
395022,Brisbane
395023,Brisbane
395024,Brisbane
395025,Brisbane
395026,Brisbane
395027,Brisbane
395028,Brisbane
395029,Brisbane
395030,Brisbane
395031,Brisbane
395032,Brisbane
395033,Brisbane
395034,Brisbane
395035,Brisbane
395036,Brisbane
395037,Brisbane
395038,Brisbane
395039,Brisbane
395040,Brisbane
395041,Brisbane
395042,Brisbane
395043,Brisbane
395044,Brisbane
395045,Melbourne
395046,Brisbane
395047,Brisbane
395048,Brisbane
395049,Melbourne
395050,Brisbane
395051,Brisbane
395052,Brisbane
395053,Brisbane
395054,Brisbane
395055,Brisbane
395056,Brisbane
395057,Brisbane
395058,Brisbane
395059,Brisbane
395060,Brisbane
395061,Brisbane
395062,Brisbane
395063,Sydney
395064,Brisbane
395065,Brisbane
395066,Brisbane
395067,Brisbane
395068,Brisbane
395069,Brisbane
395070,Brisbane
395071,Brisbane
395072,Brisbane
395073,Brisbane
395074,Brisbane
395075,Brisbane
395076,Brisbane
395077,Brisbane
395078,Brisbane
395079,Brisbane
395080,Brisbane
395081,Brisbane
395082,Brisbane
395083,Brisbane
395084,Brisbane
395085,Brisbane
395086,Brisbane
395087,Brisbane
395088,Brisbane
395089,Brisbane
395090,Brisbane
395091,Brisbane
395092,Brisbane
395093,Brisbane
395094,Brisbane
395095,Brisbane
395096,Brisbane
395097,Brisbane
395098,Brisbane
395099,Brisbane
395100,Sydney
395101,Brisbane
395102,Brisbane
395103,Brisbane
395104,Brisbane
395105,Brisbane
395106,Brisbane
395107,Brisbane
395108,Brisbane
395109,Brisbane
395110,Brisbane
395111,Brisbane
395112,Brisbane
395113,Brisbane
395114,Brisbane
395115,Brisbane
395116,Sydney
395117,Sydney
395118,Brisbane
395119,Brisbane
395120,Brisbane
395121,Brisbane
395122,Brisbane
395123,Brisbane
395124,Brisbane
395125,Brisbane
395126,Brisbane
395127,Brisbane
395128,Brisbane
395129,Brisbane
395130,Brisbane
395131,Brisbane
395132,Brisbane
395133,Brisbane
395134,Brisbane
395135,Brisbane
395136,Melbourne
395137,Brisbane
395138,Brisbane
395139,Brisbane
395140,Brisbane
395141,Brisbane
395142,Melbourne
395143,Brisbane
395144,Brisbane
395145,Brisbane
395146,Brisbane
395147,Brisbane
395148,Brisbane
395149,Brisbane
395150,Brisbane
395151,Brisbane
395152,Brisbane
395153,Brisbane
395154,Brisbane
395155,Sydney
395156,Melbourne
395157,Brisbane
395158,Brisbane
395159,Brisbane
395160,Melbourne
395161,Brisbane
395162,Brisbane
395163,Brisbane
395164,Brisbane
395165,Brisbane
395166,Perth
395167,Melbourne
395168,Perth
395169,Sydney
395170,Brisbane
395171,Brisbane
395172,Brisbane
395173,Brisbane
395174,Brisbane
395175,Brisbane
395176,Brisbane
395177,Brisbane
395178,Brisbane
395179,Brisbane
395180,Brisbane
395181,Brisbane
395182,Brisbane
395183,Brisbane
395184,Brisbane
395185,Perth
395186,Brisbane
395187,Brisbane
395188,Brisbane
395189,Brisbane
395190,Brisbane
395191,Brisbane
395192,Perth
395193,Brisbane
395194,Brisbane
395195,Brisbane
395196,Perth
395197,Brisbane
395198,Brisbane
395199,Brisbane
395200,Brisbane
395201,Brisbane
395202,Brisbane
395203,Brisbane
395204,Perth
395205,Brisbane
395206,Melbourne
395207,Brisbane
395208,Brisbane
395209,Brisbane
395210,Brisbane
395211,Brisbane
395212,Brisbane
395213,Perth
395214,Brisbane
395215,Brisbane
395216,Melbourne
395217,Perth
395218,Brisbane
395219,Brisbane
395220,Brisbane
395221,Brisbane
395222,Sydney
395223,Brisbane
395224,Brisbane
395225,Brisbane
395226,Brisbane
395227,Melbourne
395228,Sydney
395229,Brisbane
395230,Brisbane
395231,Melbourne
395232,Sydney
395233,Brisbane
395234,Brisbane
395235,Brisbane
395236,Melbourne
395237,Brisbane
395238,Brisbane
395239,Brisbane
395240,Brisbane
395241,Brisbane
395242,Brisbane
395243,Brisbane
395244,Brisbane
395245,Sydney
395246,Brisbane
395247,Perth
395248,Brisbane
395249,Melbourne
395250,Brisbane
395251,Brisbane
395252,Brisbane
395253,Brisbane
395254,Sydney
395255,Brisbane
395256,Brisbane
395257,Melbourne
395258,Brisbane
395259,Brisbane
395260,Brisbane
395261,Brisbane
395262,Brisbane
395263,Brisbane
395264,Brisbane
395265,Brisbane
395266,Brisbane
395267,Brisbane
395268,Brisbane
395269,Brisbane
395270,Brisbane
395271,Brisbane
395272,Brisbane
395273,Brisbane
395274,Brisbane
395275,Brisbane
395276,Brisbane
395277,Brisbane
395278,Brisbane
395279,Perth
395280,Brisbane
395281,Brisbane
395282,Brisbane
395283,Perth
395284,Brisbane
395285,Brisbane
395286,Sydney
395287,Brisbane
395288,Sydney
395289,Brisbane
395290,Brisbane
395291,Brisbane
395292,Brisbane
395293,Perth
395294,Brisbane
395295,Brisbane
395296,Brisbane
395297,Brisbane
395298,Brisbane
395299,Brisbane
395300,Brisbane
395301,Brisbane
395302,Brisbane
395303,Brisbane
395304,Brisbane
395305,Brisbane
395306,Brisbane
395307,Brisbane
395308,Brisbane
395309,Brisbane
395310,Brisbane
395311,Brisbane
395312,Brisbane
395313,Brisbane
395314,Brisbane
395315,Brisbane
395316,Brisbane
395317,Brisbane
395318,Brisbane
395319,Brisbane
395320,Brisbane
395321,Brisbane
395322,Brisbane
395323,Brisbane
395324,Brisbane
395325,Brisbane
395326,Brisbane
395327,Brisbane
395328,Melbourne
395329,Brisbane
395330,Brisbane
395331,Brisbane
395332,Brisbane
395333,Brisbane
395334,Brisbane
395335,Brisbane
395336,Brisbane
395337,Brisbane
395338,Brisbane
395339,Brisbane
395340,Brisbane
395341,Brisbane
395342,Brisbane
395343,Brisbane
395344,Brisbane
395345,Brisbane
395346,Brisbane
395347,Brisbane
395348,Brisbane
395349,Melbourne
395350,Brisbane
395351,Brisbane
395352,Brisbane
395353,Brisbane
395354,Brisbane
395355,Brisbane
395356,Brisbane
395357,Brisbane
395358,Sydney
395359,Brisbane
395360,Perth
395361,Brisbane
395362,Brisbane
395363,Brisbane
395364,Brisbane
395365,Brisbane
395366,Brisbane
395367,Brisbane
395368,Brisbane
395369,Brisbane
395370,Brisbane
395371,Brisbane
395372,Brisbane
395373,Brisbane
395374,Brisbane
395375,Brisbane
395376,Brisbane
395377,Melbourne
395378,Brisbane
395379,Brisbane
395380,Brisbane
395381,Brisbane
395382,Brisbane
395383,Brisbane
395384,Brisbane
395385,Brisbane
395386,Brisbane
395387,Melbourne
395388,Brisbane
395389,Brisbane
395390,Brisbane
395391,Brisbane
395392,Brisbane
395393,Brisbane
395394,Sydney
395395,Brisbane
395396,Brisbane
395397,Brisbane
395398,Brisbane
395399,Brisbane
395400,Brisbane
395401,Brisbane
395402,Brisbane
395403,Brisbane
395404,Brisbane
395405,Brisbane
395406,Brisbane
395407,Brisbane
395408,Brisbane
395409,Brisbane
395410,Brisbane
395411,Brisbane
395412,Brisbane
395413,Brisbane
395414,Brisbane
395415,Brisbane
395416,Brisbane
395417,Brisbane
395418,Brisbane
395419,Brisbane
395420,Brisbane
395421,Brisbane
395422,Brisbane
395423,Brisbane
395424,Brisbane
395425,Brisbane
395426,Brisbane
395427,Brisbane
395428,Brisbane
395429,Brisbane
395430,Brisbane
395431,Brisbane
395432,Brisbane
395433,Brisbane
395434,Brisbane
395435,Brisbane
395436,Brisbane
395437,Brisbane
395438,Brisbane
395439,Brisbane
395440,Brisbane
395441,Brisbane
395442,Brisbane
395443,Brisbane
395444,Brisbane
395445,Brisbane
395446,Brisbane
395447,Brisbane
395448,Brisbane
395449,Brisbane
395450,Sydney
395451,Brisbane
395452,Brisbane
395453,Brisbane
395454,Brisbane
395455,Brisbane
395456,Brisbane
395457,Brisbane
395458,Perth
395459,Brisbane
395460,Brisbane
395461,Brisbane
395462,Brisbane
395463,Brisbane
395464,Brisbane
395465,Brisbane
395466,Brisbane
395467,Brisbane
395468,Brisbane
395469,Brisbane
395470,Brisbane
395471,Brisbane
395472,Brisbane
395473,Brisbane
395474,Brisbane
395475,Brisbane
395476,Brisbane
395477,Brisbane
395478,Brisbane
395479,Brisbane
395480,Brisbane
395481,Brisbane
395482,Brisbane
395483,Melbourne
395484,Brisbane
395485,Brisbane
395486,Brisbane
395487,Brisbane
395488,Brisbane
395489,Brisbane
395490,Sydney
395491,Brisbane
395492,Brisbane
395493,Brisbane
395494,Brisbane
395495,Brisbane
395496,Brisbane
395497,Brisbane
395498,Brisbane
395499,Brisbane
395500,Brisbane
395501,Brisbane
395502,Perth
395503,Melbourne
395504,Brisbane
395505,Brisbane
395506,Brisbane
395507,Perth
395508,Brisbane
395509,Brisbane
395510,Brisbane
395511,Brisbane
395512,Brisbane
395513,Brisbane
395514,Brisbane
395515,Brisbane
395516,Brisbane
395517,Brisbane
395518,Brisbane
395519,Brisbane
395520,Brisbane
395521,Brisbane
395522,Brisbane
395523,Brisbane
395524,Brisbane
395525,Brisbane
395526,Perth
395527,Brisbane
395528,Brisbane
395529,Brisbane
395530,Melbourne
395531,Brisbane
395532,Brisbane
395533,Brisbane
395534,Brisbane
395535,Brisbane
395536,Brisbane
395537,Brisbane
395538,Brisbane
395539,Brisbane
395540,Brisbane
395541,Brisbane
395542,Brisbane
395543,Brisbane
395544,Brisbane
395545,Sydney
395546,Brisbane
395547,Brisbane
395548,Brisbane
395549,Brisbane
395550,Brisbane
395551,Brisbane
395552,Brisbane
395553,Brisbane
395554,Brisbane
395555,Brisbane
395556,Brisbane
395557,Brisbane
395558,Brisbane
395559,Brisbane
395560,Brisbane
395561,Brisbane
395562,Brisbane
395563,Brisbane
395564,Brisbane
395565,Brisbane
395566,Brisbane
395567,Brisbane
395568,Brisbane
395569,Brisbane
395570,Melbourne
395571,Brisbane
395572,Perth
395573,Brisbane
395574,Brisbane
395575,Sydney
395576,Melbourne
395577,Brisbane
395578,Brisbane
395579,Brisbane
395580,Brisbane
395581,Perth
395582,Brisbane
395583,Brisbane
395584,Brisbane
395585,Brisbane
395586,Brisbane
395587,Brisbane
395588,Brisbane
395589,Brisbane
395590,Brisbane
395591,Brisbane
395592,Brisbane
395593,Brisbane
395594,Brisbane
395595,Brisbane
395596,Brisbane
395597,Brisbane
395598,Brisbane
395599,Brisbane
395600,Brisbane
395601,Brisbane
395602,Brisbane
395603,Brisbane
395604,Brisbane
395605,Brisbane
395606,Brisbane
395607,Brisbane
395608,Brisbane
395609,Brisbane
395610,Brisbane
395611,Brisbane
395612,Brisbane
395613,Brisbane
395614,Brisbane
395615,Perth
395616,Brisbane
395617,Brisbane
395618,Brisbane
395619,Brisbane
395620,Brisbane
395621,Brisbane
395622,Brisbane
395623,Brisbane
395624,Brisbane
395625,Brisbane
395626,Sydney
395627,Brisbane
395628,Brisbane
395629,Brisbane
395630,Brisbane
395631,Brisbane
395632,Brisbane
395633,Brisbane
395634,Brisbane
395635,Perth
395636,Brisbane
395637,Brisbane
395638,Brisbane
395639,Brisbane
395640,Brisbane
395641,Brisbane
395642,Brisbane
395643,Brisbane
395644,Brisbane
395645,Brisbane
395646,Brisbane
395647,Brisbane
395648,Sydney
395649,Perth
395650,Brisbane
395651,Brisbane
395652,Brisbane
395653,Brisbane
395654,Brisbane
395655,Brisbane
395656,Brisbane
395657,Brisbane
395658,Brisbane
395659,Brisbane
395660,Sydney
395661,Brisbane
395662,Brisbane
395663,Brisbane
395664,Brisbane
395665,Sydney
395666,Sydney
395667,Perth
395668,Brisbane
395669,Brisbane
395670,Perth
395671,Melbourne
395672,Brisbane
395673,Perth
395674,Brisbane
395675,Brisbane
395676,Brisbane
395677,Perth
395678,Brisbane
395679,Brisbane
395680,Brisbane
395681,Brisbane
395682,Brisbane
395683,Brisbane
395684,Brisbane
395685,Brisbane
395686,Brisbane
395687,Brisbane
395688,Brisbane
395689,Brisbane
395690,Sydney
395691,Brisbane
395692,Brisbane
395693,Brisbane
395694,Brisbane
395695,Brisbane
395696,Brisbane
395697,Brisbane
395698,Brisbane
395699,Brisbane
395700,Brisbane
395701,Brisbane
395702,Brisbane
395703,Brisbane
395704,Brisbane
395705,Brisbane
395706,Brisbane
395707,Brisbane
395708,Brisbane
395709,Melbourne
395710,Brisbane
395711,Brisbane
395712,Brisbane
395713,Brisbane
395714,Brisbane
395715,Brisbane
395716,Brisbane
395717,Brisbane
395718,Melbourne
395719,Brisbane
395720,Brisbane
395721,Brisbane
395722,Brisbane
395723,Brisbane
395724,Brisbane
395725,Brisbane
395726,Brisbane
395727,Brisbane
395728,Brisbane
395729,Brisbane
395730,Brisbane
395731,Brisbane
395732,Brisbane
395733,Melbourne
395734,Sydney
395735,Brisbane
395736,Perth
395737,Brisbane
395738,Brisbane
395739,Brisbane
395740,Brisbane
395741,Brisbane
395742,Brisbane
395743,Brisbane
395744,Brisbane
395745,Brisbane
395746,Brisbane
395747,Perth
395748,Sydney
395749,Brisbane
395750,Brisbane
395751,Brisbane
395752,Brisbane
395753,Brisbane
395754,Brisbane
395755,Brisbane
395756,Brisbane
395757,Brisbane
395758,Brisbane
395759,Brisbane
395760,Brisbane
395761,Brisbane
395762,Brisbane
395763,Melbourne
395764,Brisbane
395765,Brisbane
395766,Brisbane
395767,Brisbane
395768,Brisbane
395769,Sydney
395770,Brisbane
395771,Brisbane
395772,Brisbane
395773,Perth
395774,Brisbane
395775,Brisbane
395776,Brisbane
395777,Brisbane
395778,Brisbane
395779,Brisbane
395780,Brisbane
395781,Brisbane
395782,Brisbane
395783,Brisbane
395784,Perth
395785,Brisbane
395786,Brisbane
395787,Brisbane
395788,Brisbane
395789,Brisbane
395790,Perth
395791,Brisbane
395792,Brisbane
395793,Brisbane
395794,Brisbane
395795,Brisbane
395796,Brisbane
395797,Brisbane
395798,Brisbane
395799,Brisbane
395800,Brisbane
395801,Brisbane
395802,Brisbane
395803,Brisbane
395804,Brisbane
395805,Sydney
395806,Brisbane
395807,Brisbane
395808,Brisbane
395809,Brisbane
395810,Brisbane
395811,Brisbane
395812,Brisbane
395813,Brisbane
395814,Brisbane
395815,Brisbane
395816,Brisbane
395817,Brisbane
395818,Melbourne
395819,Brisbane
395820,Brisbane
395821,Brisbane
395822,Brisbane
395823,Brisbane
395824,Brisbane
395825,Brisbane
395826,Brisbane
395827,Brisbane
395828,Brisbane
395829,Brisbane
395830,Melbourne
395831,Brisbane
395832,Perth
395833,Brisbane
395834,Brisbane
395835,Brisbane
395836,Brisbane
395837,Brisbane
395838,Brisbane
395839,Brisbane
395840,Brisbane
395841,Brisbane
395842,Brisbane
395843,Brisbane
395844,Brisbane
395845,Brisbane
395846,Brisbane
395847,Brisbane
395848,Brisbane
395849,Brisbane
395850,Brisbane
395851,Brisbane
395852,Brisbane
395853,Brisbane
395854,Brisbane
395855,Sydney
395856,Brisbane
395857,Brisbane
395858,Brisbane
395859,Brisbane
395860,Brisbane
395861,Brisbane
395862,Brisbane
395863,Sydney
395864,Brisbane
395865,Brisbane
395866,Brisbane
395867,Brisbane
395868,Brisbane
395869,Brisbane
395870,Brisbane
395871,Brisbane
395872,Brisbane
395873,Brisbane
395874,Brisbane
395875,Brisbane
395876,Brisbane
395877,Brisbane
395878,Brisbane
395879,Brisbane
395880,Brisbane
395881,Brisbane
395882,Brisbane
395883,Perth
395884,Brisbane
395885,Brisbane
395886,Brisbane
395887,Brisbane
395888,Brisbane
395889,Sydney
395890,Brisbane
395891,Brisbane
395892,Brisbane
395893,Brisbane
395894,Sydney
395895,Perth
395896,Brisbane
395897,Brisbane
395898,Brisbane
395899,Brisbane
395900,Brisbane
395901,Brisbane
395902,Brisbane
395903,Brisbane
395904,Sydney
395905,Brisbane
395906,Brisbane
395907,Brisbane
395908,Brisbane
395909,Perth
395910,Brisbane
395911,Brisbane
395912,Brisbane
395913,Brisbane
395914,Brisbane
395915,Perth
395916,Brisbane
395917,Melbourne
395918,Brisbane
395919,Perth
395920,Brisbane
395921,Brisbane
395922,Perth
395923,Brisbane
395924,Brisbane
395925,Brisbane
395926,Brisbane
395927,Brisbane
395928,Brisbane
395929,Brisbane
395930,Brisbane
395931,Brisbane
395932,Brisbane
395933,Brisbane
395934,Brisbane
395935,Perth
395936,Brisbane
395937,Brisbane
395938,Brisbane
395939,Brisbane
395940,Brisbane
395941,Brisbane
395942,Brisbane
395943,Brisbane
395944,Brisbane
395945,Brisbane
395946,Sydney
395947,Brisbane
395948,Brisbane
395949,Brisbane
395950,Brisbane
395951,Melbourne
395952,Brisbane
395953,Brisbane
395954,Melbourne
395955,Brisbane
395956,Brisbane
395957,Brisbane
395958,Brisbane
395959,Brisbane
395960,Brisbane
395961,Brisbane
395962,Brisbane
395963,Brisbane
395964,Sydney
395965,Brisbane
395966,Brisbane
395967,Brisbane
395968,Brisbane
395969,Brisbane
395970,Brisbane
395971,Brisbane
395972,Brisbane
395973,Brisbane
395974,Brisbane
395975,Brisbane
395976,Brisbane
395977,Brisbane
395978,Brisbane
395979,Brisbane
395980,Sydney
395981,Perth
395982,Brisbane
395983,Brisbane
395984,Brisbane
395985,Brisbane
395986,Brisbane
395987,Brisbane
395988,Brisbane
395989,Brisbane
395990,Brisbane
395991,Brisbane
395992,Brisbane
395993,Brisbane
395994,Brisbane
395995,Brisbane
395996,Brisbane
395997,Brisbane
395998,Brisbane
395999,Brisbane
396000,Brisbane
396001,Brisbane
396002,Brisbane
396003,Brisbane
396004,Brisbane
396005,Brisbane
396006,Brisbane
396007,Brisbane
396008,Brisbane
396009,Sydney
396010,Brisbane
396011,Brisbane
396012,Brisbane
396013,Brisbane
396014,Brisbane
396015,Brisbane
396016,Brisbane
396017,Brisbane
396018,Melbourne
396019,Brisbane
396020,Brisbane
396021,Brisbane
396022,Brisbane
396023,Brisbane
396024,Sydney
396025,Brisbane
396026,Sydney
396027,Brisbane
396028,Brisbane
396029,Brisbane
396030,Melbourne
396031,Brisbane
396032,Brisbane
396033,Perth
396034,Brisbane
396035,Brisbane
396036,Brisbane
396037,Brisbane
396038,Brisbane
396039,Brisbane
396040,Brisbane
396041,Perth
396042,Brisbane
396043,Brisbane
396044,Brisbane
396045,Brisbane
396046,Perth
396047,Brisbane
396048,Melbourne
396049,Brisbane
396050,Brisbane
396051,Brisbane
396052,Brisbane
396053,Brisbane
396054,Brisbane
396055,Brisbane
396056,Brisbane
396057,Brisbane
396058,Brisbane
396059,Brisbane
396060,Brisbane
396061,Perth
396062,Brisbane
396063,Brisbane
396064,Brisbane
396065,Sydney
396066,Brisbane
396067,Sydney
396068,Perth
396069,Brisbane
396070,Perth
396071,Brisbane
396072,Melbourne
396073,Brisbane
396074,Brisbane
396075,Brisbane
396076,Brisbane
396077,Brisbane
396078,Brisbane
396079,Brisbane
396080,Brisbane
396081,Brisbane
396082,Brisbane
396083,Brisbane
396084,Brisbane
396085,Brisbane
396086,Brisbane
396087,Brisbane
396088,Brisbane
396089,Sydney
396090,Brisbane
396091,Brisbane
396092,Sydney
396093,Brisbane
396094,Brisbane
396095,Brisbane
396096,Sydney
396097,Brisbane
396098,Brisbane
396099,Melbourne
396100,Brisbane
396101,Brisbane
396102,Brisbane
396103,Brisbane
396104,Brisbane
396105,Brisbane
396106,Perth
396107,Brisbane
396108,Brisbane
396109,Brisbane
396110,Brisbane
396111,Brisbane
396112,Brisbane
396113,Brisbane
396114,Brisbane
396115,Brisbane
396116,Brisbane
396117,Brisbane
396118,Sydney
396119,Brisbane
396120,Brisbane
396121,Brisbane
396122,Brisbane
396123,Brisbane
396124,Brisbane
396125,Brisbane
396126,Sydney
396127,Brisbane
396128,Brisbane
396129,Brisbane
396130,Brisbane
396131,Brisbane
396132,Brisbane
396133,Perth
396134,Brisbane
396135,Brisbane
396136,Brisbane
396137,Brisbane
396138,Brisbane
396139,Brisbane
396140,Brisbane
396141,Brisbane
396142,Brisbane
396143,Brisbane
396144,Brisbane
396145,Brisbane
396146,Sydney
396147,Brisbane
396148,Brisbane
396149,Sydney
396150,Sydney
396151,Brisbane
396152,Brisbane
396153,Brisbane
396154,Brisbane
396155,Brisbane
396156,Brisbane
396157,Brisbane
396158,Brisbane
396159,Brisbane
396160,Brisbane
396161,Brisbane
396162,Brisbane
396163,Brisbane
396164,Brisbane
396165,Brisbane
396166,Brisbane
396167,Brisbane
396168,Brisbane
396169,Perth
396170,Brisbane
396171,Sydney
396172,Melbourne
396173,Brisbane
396174,Brisbane
396175,Brisbane
396176,Brisbane
396177,Sydney
396178,Brisbane
396179,Brisbane
396180,Brisbane
396181,Brisbane
396182,Brisbane
396183,Brisbane
396184,Brisbane
396185,Brisbane
396186,Brisbane
396187,Brisbane
396188,Brisbane
396189,Melbourne
396190,Brisbane
396191,Brisbane
396192,Brisbane
396193,Sydney
396194,Brisbane
396195,Brisbane
396196,Brisbane
396197,Melbourne
396198,Brisbane
396199,Brisbane
396200,Brisbane
396201,Brisbane
396202,Brisbane
396203,Brisbane
396204,Brisbane
396205,Brisbane
396206,Brisbane
396207,Brisbane
396208,Brisbane
396209,Sydney
396210,Brisbane
396211,Brisbane
396212,Brisbane
396213,Brisbane
396214,Brisbane
396215,Brisbane
396216,Brisbane
396217,Brisbane
396218,Brisbane
396219,Brisbane
396220,Brisbane
396221,Brisbane
396222,Brisbane
396223,Brisbane
396224,Brisbane
396225,Brisbane
396226,Brisbane
396227,Melbourne
396228,Brisbane
396229,Brisbane
396230,Brisbane
396231,Brisbane
396232,Sydney
396233,Brisbane
396234,Brisbane
396235,Brisbane
396236,Brisbane
396237,Melbourne
396238,Brisbane
396239,Perth
396240,Brisbane
396241,Brisbane
396242,Brisbane
396243,Brisbane
396244,Brisbane
396245,Brisbane
396246,Brisbane
396247,Brisbane
396248,Brisbane
396249,Brisbane
396250,Brisbane
396251,Brisbane
396252,Brisbane
396253,Brisbane
396254,Brisbane
396255,Brisbane
396256,Brisbane
396257,Brisbane
396258,Brisbane
396259,Melbourne
396260,Brisbane
396261,Brisbane
396262,Brisbane
396263,Sydney
396264,Brisbane
396265,Brisbane
396266,Brisbane
396267,Brisbane
396268,Brisbane
396269,Brisbane
396270,Brisbane
396271,Sydney
396272,Brisbane
396273,Brisbane
396274,Brisbane
396275,Brisbane
396276,Brisbane
396277,Sydney
396278,Brisbane
396279,Brisbane
396280,Brisbane
396281,Sydney
396282,Brisbane
396283,Brisbane
396284,Brisbane
396285,Brisbane
396286,Brisbane
396287,Brisbane
396288,Brisbane
396289,Brisbane
396290,Brisbane
396291,Brisbane
396292,Brisbane
396293,Sydney
396294,Brisbane
396295,Brisbane
396296,Brisbane
396297,Brisbane
396298,Brisbane
396299,Brisbane
396300,Brisbane
396301,Brisbane
396302,Brisbane
396303,Brisbane
396304,Brisbane
396305,Brisbane
396306,Brisbane
396307,Sydney
396308,Brisbane
396309,Brisbane
396310,Brisbane
396311,Brisbane
396312,Brisbane
396313,Brisbane
396314,Brisbane
396315,Brisbane
396316,Brisbane
396317,Brisbane
396318,Brisbane
396319,Brisbane
396320,Brisbane
396321,Brisbane
396322,Brisbane
396323,Brisbane
396324,Brisbane
396325,Brisbane
396326,Brisbane
396327,Sydney
396328,Brisbane
396329,Brisbane
396330,Brisbane
396331,Brisbane
396332,Brisbane
396333,Brisbane
396334,Melbourne
396335,Brisbane
396336,Brisbane
396337,Brisbane
396338,Brisbane
396339,Brisbane
396340,Brisbane
396341,Brisbane
396342,Brisbane
396343,Brisbane
396344,Brisbane
396345,Brisbane
396346,Brisbane
396347,Brisbane
396348,Brisbane
396349,Brisbane
396350,Brisbane
396351,Brisbane
396352,Brisbane
396353,Brisbane
396354,Brisbane
396355,Brisbane
396356,Brisbane
396357,Brisbane
396358,Brisbane
396359,Brisbane
396360,Brisbane
396361,Brisbane
396362,Brisbane
396363,Melbourne
396364,Brisbane
396365,Melbourne
396366,Brisbane
396367,Brisbane
396368,Brisbane
396369,Brisbane
396370,Brisbane
396371,Brisbane
396372,Brisbane
396373,Brisbane
396374,Brisbane
396375,Brisbane
396376,Brisbane
396377,Brisbane
396378,Brisbane
396379,Brisbane
396380,Brisbane
396381,Brisbane
396382,Brisbane
396383,Brisbane
396384,Brisbane
396385,Brisbane
396386,Brisbane
396387,Brisbane
396388,Brisbane
396389,Brisbane
396390,Brisbane
396391,Brisbane
396392,Brisbane
396393,Brisbane
396394,Sydney
396395,Brisbane
396396,Brisbane
396397,Brisbane
396398,Brisbane
396399,Brisbane
396400,Brisbane
396401,Brisbane
396402,Brisbane
396403,Brisbane
396404,Brisbane
396405,Brisbane
396406,Brisbane
396407,Brisbane
396408,Brisbane
396409,Brisbane
396410,Brisbane
396411,Brisbane
396412,Brisbane
396413,Brisbane
396414,Brisbane
396415,Brisbane
396416,Brisbane
396417,Brisbane
396418,Brisbane
396419,Perth
396420,Brisbane
396421,Brisbane
396422,Brisbane
396423,Brisbane
396424,Brisbane
396425,Brisbane
396426,Brisbane
396427,Brisbane
396428,Brisbane
396429,Brisbane
396430,Sydney
396431,Brisbane
396432,Brisbane
396433,Brisbane
396434,Brisbane
396435,Brisbane
396436,Brisbane
396437,Brisbane
396438,Brisbane
396439,Brisbane
396440,Brisbane
396441,Brisbane
396442,Brisbane
396443,Brisbane
396444,Brisbane
396445,Brisbane
396446,Brisbane
396447,Brisbane
396448,Brisbane
396449,Brisbane
396450,Brisbane
396451,Brisbane
396452,Brisbane
396453,Brisbane
396454,Brisbane
396455,Brisbane
396456,Brisbane
396457,Melbourne
396458,Brisbane
396459,Brisbane
396460,Brisbane
396461,Brisbane
396462,Brisbane
396463,Brisbane
396464,Brisbane
396465,Brisbane
396466,Melbourne
396467,Brisbane
396468,Brisbane
396469,Brisbane
396470,Brisbane
396471,Brisbane
396472,Brisbane
396473,Brisbane
396474,Brisbane
396475,Brisbane
396476,Brisbane
396477,Brisbane
396478,Brisbane
396479,Brisbane
396480,Brisbane
396481,Brisbane
396482,Brisbane
396483,Brisbane
396484,Brisbane
396485,Brisbane
396486,Brisbane
396487,Brisbane
396488,Brisbane
396489,Brisbane
396490,Brisbane
396491,Brisbane
396492,Brisbane
396493,Brisbane
396494,Brisbane
396495,Brisbane
396496,Sydney
396497,Brisbane
396498,Brisbane
396499,Melbourne
396500,Perth
396501,Brisbane
396502,Brisbane
396503,Brisbane
396504,Brisbane
396505,Brisbane
396506,Brisbane
396507,Brisbane
396508,Brisbane
396509,Brisbane
396510,Brisbane
396511,Brisbane
396512,Brisbane
396513,Brisbane
396514,Brisbane
396515,Brisbane
396516,Brisbane
396517,Brisbane
396518,Brisbane
396519,Brisbane
396520,Brisbane
396521,Brisbane
396522,Brisbane
396523,Brisbane
396524,Brisbane
396525,Brisbane
396526,Brisbane
396527,Brisbane
396528,Brisbane
396529,Brisbane
396530,Brisbane
396531,Perth
396532,Brisbane
396533,Brisbane
396534,Brisbane
396535,Brisbane
396536,Sydney
396537,Brisbane
396538,Brisbane
396539,Brisbane
396540,Sydney
396541,Brisbane
396542,Brisbane
396543,Brisbane
396544,Brisbane
396545,Melbourne
396546,Brisbane
396547,Brisbane
396548,Brisbane
396549,Brisbane
396550,Brisbane
396551,Brisbane
396552,Brisbane
396553,Brisbane
396554,Brisbane
396555,Brisbane
396556,Brisbane
396557,Brisbane
396558,Perth
396559,Perth
396560,Brisbane
396561,Brisbane
396562,Brisbane
396563,Brisbane
396564,Brisbane
396565,Brisbane
396566,Brisbane
396567,Brisbane
396568,Brisbane
396569,Brisbane
396570,Brisbane
396571,Brisbane
396572,Brisbane
396573,Brisbane
396574,Brisbane
396575,Perth
396576,Brisbane
396577,Brisbane
396578,Brisbane
396579,Brisbane
396580,Brisbane
396581,Brisbane
396582,Brisbane
396583,Brisbane
396584,Perth
396585,Brisbane
396586,Brisbane
396587,Brisbane
396588,Brisbane
396589,Perth
396590,Brisbane
396591,Brisbane
396592,Brisbane
396593,Brisbane
396594,Brisbane
396595,Brisbane
396596,Brisbane
396597,Perth
396598,Brisbane
396599,Brisbane
396600,Brisbane
396601,Brisbane
396602,Brisbane
396603,Brisbane
396604,Brisbane
396605,Brisbane
396606,Brisbane
396607,Brisbane
396608,Melbourne
396609,Brisbane
396610,Brisbane
396611,Brisbane
396612,Sydney
396613,Brisbane
396614,Brisbane
396615,Brisbane
396616,Brisbane
396617,Brisbane
396618,Brisbane
396619,Brisbane
396620,Sydney
396621,Brisbane
396622,Brisbane
396623,Brisbane
396624,Brisbane
396625,Brisbane
396626,Sydney
396627,Brisbane
396628,Brisbane
396629,Brisbane
396630,Brisbane
396631,Brisbane
396632,Brisbane
396633,Brisbane
396634,Brisbane
396635,Brisbane
396636,Brisbane
396637,Brisbane
396638,Brisbane
396639,Brisbane
396640,Brisbane
396641,Brisbane
396642,Brisbane
396643,Brisbane
396644,Brisbane
396645,Brisbane
396646,Brisbane
396647,Brisbane
396648,Sydney
396649,Brisbane
396650,Brisbane
396651,Brisbane
396652,Brisbane
396653,Brisbane
396654,Melbourne
396655,Brisbane
396656,Brisbane
396657,Brisbane
396658,Brisbane
396659,Brisbane
396660,Brisbane
396661,Brisbane
396662,Brisbane
396663,Brisbane
396664,Brisbane
396665,Brisbane
396666,Brisbane
396667,Brisbane
396668,Sydney
396669,Brisbane
396670,Brisbane
396671,Brisbane
396672,Brisbane
396673,Brisbane
396674,Brisbane
396675,Brisbane
396676,Brisbane
396677,Brisbane
396678,Brisbane
396679,Brisbane
396680,Brisbane
396681,Brisbane
396682,Brisbane
396683,Brisbane
396684,Brisbane
396685,Brisbane
396686,Brisbane
396687,Brisbane
396688,Brisbane
396689,Brisbane
396690,Brisbane
396691,Brisbane
396692,Brisbane
396693,Brisbane
396694,Brisbane
396695,Brisbane
396696,Brisbane
396697,Brisbane
396698,Brisbane
396699,Brisbane
396700,Brisbane
396701,Brisbane
396702,Brisbane
396703,Brisbane
396704,Brisbane
396705,Brisbane
396706,Brisbane
396707,Brisbane
396708,Brisbane
396709,Brisbane
396710,Brisbane
396711,Brisbane
396712,Brisbane
396713,Brisbane
396714,Brisbane
396715,Brisbane
396716,Brisbane
396717,Brisbane
396718,Brisbane
396719,Brisbane
396720,Brisbane
396721,Brisbane
396722,Brisbane
396723,Brisbane
396724,Brisbane
396725,Brisbane
396726,Brisbane
396727,Brisbane
396728,Brisbane
396729,Brisbane
396730,Brisbane
396731,Sydney
396732,Brisbane
396733,Brisbane
396734,Melbourne
396735,Brisbane
396736,Brisbane
396737,Brisbane
396738,Brisbane
396739,Brisbane
396740,Brisbane
396741,Brisbane
396742,Sydney
396743,Brisbane
396744,Brisbane
396745,Sydney
396746,Brisbane
396747,Perth
396748,Brisbane
396749,Brisbane
396750,Brisbane
396751,Sydney
396752,Brisbane
396753,Brisbane
396754,Brisbane
396755,Brisbane
396756,Melbourne
396757,Sydney
396758,Brisbane
396759,Brisbane
396760,Brisbane
396761,Melbourne
396762,Brisbane
396763,Brisbane
396764,Brisbane
396765,Brisbane
396766,Brisbane
396767,Brisbane
396768,Brisbane
396769,Brisbane
396770,Brisbane
396771,Brisbane
396772,Brisbane
396773,Brisbane
396774,Brisbane
396775,Brisbane
396776,Perth
396777,Brisbane
396778,Brisbane
396779,Brisbane
396780,Brisbane
396781,Brisbane
396782,Brisbane
396783,Brisbane
396784,Melbourne
396785,Melbourne
396786,Brisbane
396787,Brisbane
396788,Brisbane
396789,Brisbane
396790,Brisbane
396791,Brisbane
396792,Brisbane
396793,Brisbane
396794,Brisbane
396795,Brisbane
396796,Brisbane
396797,Brisbane
396798,Brisbane
396799,Brisbane
396800,Brisbane
396801,Brisbane
396802,Brisbane
396803,Brisbane
396804,Brisbane
396805,Brisbane
396806,Brisbane
396807,Brisbane
396808,Sydney
396809,Brisbane
396810,Brisbane
396811,Brisbane
396812,Brisbane
396813,Brisbane
396814,Brisbane
396815,Brisbane
396816,Brisbane
396817,Brisbane
396818,Brisbane
396819,Brisbane
396820,Brisbane
396821,Brisbane
396822,Brisbane
396823,Brisbane
396824,Brisbane
396825,Perth
396826,Brisbane
396827,Brisbane
396828,Brisbane
396829,Melbourne
396830,Brisbane
396831,Brisbane
396832,Perth
396833,Brisbane
396834,Brisbane
396835,Brisbane
396836,Brisbane
396837,Brisbane
396838,Brisbane
396839,Perth
396840,Brisbane
396841,Brisbane
396842,Brisbane
396843,Brisbane
396844,Brisbane
396845,Brisbane
396846,Brisbane
396847,Brisbane
396848,Brisbane
396849,Brisbane
396850,Brisbane
396851,Brisbane
396852,Brisbane
396853,Brisbane
396854,Brisbane
396855,Brisbane
396856,Brisbane
396857,Brisbane
396858,Brisbane
396859,Brisbane
396860,Brisbane
396861,Brisbane
396862,Brisbane
396863,Brisbane
396864,Brisbane
396865,Melbourne
396866,Brisbane
396867,Brisbane
396868,Brisbane
396869,Sydney
396870,Brisbane
396871,Brisbane
396872,Brisbane
396873,Brisbane
396874,Brisbane
396875,Brisbane
396876,Brisbane
396877,Brisbane
396878,Brisbane
396879,Brisbane
396880,Brisbane
396881,Brisbane
396882,Brisbane
396883,Brisbane
396884,Brisbane
396885,Brisbane
396886,Brisbane
396887,Brisbane
396888,Brisbane
396889,Brisbane
396890,Brisbane
396891,Brisbane
396892,Brisbane
396893,Brisbane
396894,Brisbane
396895,Brisbane
396896,Brisbane
396897,Brisbane
396898,Perth
396899,Brisbane
396900,Brisbane
396901,Brisbane
396902,Brisbane
396903,Brisbane
396904,Brisbane
396905,Perth
396906,Brisbane
396907,Brisbane
396908,Brisbane
396909,Brisbane
396910,Sydney
396911,Brisbane
396912,Brisbane
396913,Brisbane
396914,Brisbane
396915,Brisbane
396916,Brisbane
396917,Brisbane
396918,Brisbane
396919,Brisbane
396920,Brisbane
396921,Brisbane
396922,Brisbane
396923,Brisbane
396924,Brisbane
396925,Brisbane
396926,Brisbane
396927,Brisbane
396928,Brisbane
396929,Brisbane
396930,Brisbane
396931,Brisbane
396932,Brisbane
396933,Brisbane
396934,Sydney
396935,Brisbane
396936,Brisbane
396937,Brisbane
396938,Brisbane
396939,Brisbane
396940,Brisbane
396941,Brisbane
396942,Brisbane
396943,Brisbane
396944,Sydney
396945,Brisbane
396946,Sydney
396947,Brisbane
396948,Brisbane
396949,Brisbane
396950,Sydney
396951,Perth
396952,Brisbane
396953,Brisbane
396954,Brisbane
396955,Brisbane
396956,Perth
396957,Brisbane
396958,Brisbane
396959,Brisbane
396960,Brisbane
396961,Brisbane
396962,Brisbane
396963,Brisbane
396964,Brisbane
396965,Brisbane
396966,Brisbane
396967,Brisbane
396968,Brisbane
396969,Brisbane
396970,Brisbane
396971,Brisbane
396972,Brisbane
396973,Brisbane
396974,Brisbane
396975,Brisbane
396976,Brisbane
396977,Brisbane
396978,Brisbane
396979,Brisbane
396980,Melbourne
396981,Brisbane
396982,Brisbane
396983,Brisbane
396984,Brisbane
396985,Brisbane
396986,Brisbane
396987,Brisbane
396988,Brisbane
396989,Brisbane
396990,Brisbane
396991,Brisbane
396992,Brisbane
396993,Brisbane
396994,Brisbane
396995,Brisbane
396996,Brisbane
396997,Brisbane
396998,Brisbane
396999,Brisbane
397000,Brisbane
397001,Perth
397002,Brisbane
397003,Brisbane
397004,Brisbane
397005,Brisbane
397006,Sydney
397007,Brisbane
397008,Brisbane
397009,Brisbane
397010,Brisbane
397011,Sydney
397012,Perth
397013,Brisbane
397014,Brisbane
397015,Brisbane
397016,Brisbane
397017,Brisbane
397018,Brisbane
397019,Brisbane
397020,Brisbane
397021,Brisbane
397022,Brisbane
397023,Brisbane
397024,Brisbane
397025,Brisbane
397026,Brisbane
397027,Brisbane
397028,Brisbane
397029,Brisbane
397030,Brisbane
397031,Melbourne
397032,Brisbane
397033,Sydney
397034,Brisbane
397035,Brisbane
397036,Brisbane
397037,Perth
397038,Brisbane
397039,Brisbane
397040,Brisbane
397041,Brisbane
397042,Perth
397043,Sydney
397044,Brisbane
397045,Brisbane
397046,Brisbane
397047,Brisbane
397048,Brisbane
397049,Brisbane
397050,Brisbane
397051,Sydney
397052,Brisbane
397053,Brisbane
397054,Brisbane
397055,Brisbane
397056,Brisbane
397057,Brisbane
397058,Brisbane
397059,Brisbane
397060,Brisbane
397061,Brisbane
397062,Brisbane
397063,Brisbane
397064,Brisbane
397065,Brisbane
397066,Melbourne
397067,Brisbane
397068,Brisbane
397069,Brisbane
397070,Brisbane
397071,Brisbane
397072,Brisbane
397073,Brisbane
397074,Brisbane
397075,Brisbane
397076,Brisbane
397077,Brisbane
397078,Brisbane
397079,Brisbane
397080,Brisbane
397081,Sydney
397082,Brisbane
397083,Brisbane
397084,Perth
397085,Brisbane
397086,Brisbane
397087,Sydney
397088,Brisbane
397089,Brisbane
397090,Brisbane
397091,Brisbane
397092,Brisbane
397093,Sydney
397094,Brisbane
397095,Brisbane
397096,Brisbane
397097,Brisbane
397098,Brisbane
397099,Brisbane
397100,Brisbane
397101,Brisbane
397102,Brisbane
397103,Brisbane
397104,Melbourne
397105,Brisbane
397106,Brisbane
397107,Brisbane
397108,Brisbane
397109,Brisbane
397110,Brisbane
397111,Brisbane
397112,Brisbane
397113,Brisbane
397114,Brisbane
397115,Brisbane
397116,Sydney
397117,Brisbane
397118,Brisbane
397119,Brisbane
397120,Brisbane
397121,Brisbane
397122,Brisbane
397123,Brisbane
397124,Melbourne
397125,Brisbane
397126,Brisbane
397127,Brisbane
397128,Brisbane
397129,Brisbane
397130,Brisbane
397131,Brisbane
397132,Brisbane
397133,Brisbane
397134,Brisbane
397135,Brisbane
397136,Brisbane
397137,Sydney
397138,Brisbane
397139,Brisbane
397140,Brisbane
397141,Brisbane
397142,Brisbane
397143,Melbourne
397144,Brisbane
397145,Brisbane
397146,Brisbane
397147,Brisbane
397148,Brisbane
397149,Brisbane
397150,Brisbane
397151,Brisbane
397152,Brisbane
397153,Perth
397154,Brisbane
397155,Brisbane
397156,Brisbane
397157,Brisbane
397158,Brisbane
397159,Brisbane
397160,Brisbane
397161,Brisbane
397162,Brisbane
397163,Sydney
397164,Brisbane
397165,Brisbane
397166,Brisbane
397167,Brisbane
397168,Brisbane
397169,Brisbane
397170,Brisbane
397171,Brisbane
397172,Brisbane
397173,Sydney
397174,Brisbane
397175,Brisbane
397176,Brisbane
397177,Brisbane
397178,Brisbane
397179,Brisbane
397180,Brisbane
397181,Perth
397182,Brisbane
397183,Brisbane
397184,Brisbane
397185,Perth
397186,Brisbane
397187,Brisbane
397188,Brisbane
397189,Sydney
397190,Brisbane
397191,Brisbane
397192,Brisbane
397193,Brisbane
397194,Brisbane
397195,Brisbane
397196,Brisbane
397197,Brisbane
397198,Brisbane
397199,Perth
397200,Brisbane
397201,Brisbane
397202,Melbourne
397203,Brisbane
397204,Brisbane
397205,Brisbane
397206,Perth
397207,Brisbane
397208,Brisbane
397209,Brisbane
397210,Brisbane
397211,Brisbane
397212,Brisbane
397213,Brisbane
397214,Brisbane
397215,Brisbane
397216,Brisbane
397217,Brisbane
397218,Brisbane
397219,Brisbane
397220,Brisbane
397221,Brisbane
397222,Brisbane
397223,Brisbane
397224,Brisbane
397225,Brisbane
397226,Brisbane
397227,Brisbane
397228,Brisbane
397229,Brisbane
397230,Brisbane
397231,Brisbane
397232,Brisbane
397233,Brisbane
397234,Brisbane
397235,Brisbane
397236,Brisbane
397237,Brisbane
397238,Brisbane
397239,Brisbane
397240,Brisbane
397241,Brisbane
397242,Brisbane
397243,Brisbane
397244,Brisbane
397245,Brisbane
397246,Melbourne
397247,Perth
397248,Brisbane
397249,Brisbane
397250,Brisbane
397251,Brisbane
397252,Brisbane
397253,Brisbane
397254,Brisbane
397255,Brisbane
397256,Brisbane
397257,Brisbane
397258,Melbourne
397259,Brisbane
397260,Brisbane
397261,Brisbane
397262,Brisbane
397263,Melbourne
397264,Sydney
397265,Brisbane
397266,Perth
397267,Brisbane
397268,Brisbane
397269,Brisbane
397270,Brisbane
397271,Brisbane
397272,Brisbane
397273,Brisbane
397274,Brisbane
397275,Brisbane
397276,Brisbane
397277,Brisbane
397278,Brisbane
397279,Brisbane
397280,Brisbane
397281,Brisbane
397282,Brisbane
397283,Brisbane
397284,Brisbane
397285,Perth
397286,Brisbane
397287,Brisbane
397288,Brisbane
397289,Brisbane
397290,Brisbane
397291,Brisbane
397292,Brisbane
397293,Brisbane
397294,Brisbane
397295,Brisbane
397296,Brisbane
397297,Brisbane
397298,Brisbane
397299,Brisbane
397300,Brisbane
397301,Perth
397302,Brisbane
397303,Brisbane
397304,Brisbane
397305,Brisbane
397306,Brisbane
397307,Brisbane
397308,Perth
397309,Brisbane
397310,Brisbane
397311,Brisbane
397312,Brisbane
397313,Brisbane
397314,Brisbane
397315,Brisbane
397316,Brisbane
397317,Brisbane
397318,Brisbane
397319,Brisbane
397320,Brisbane
397321,Brisbane
397322,Brisbane
397323,Sydney
397324,Brisbane
397325,Brisbane
397326,Sydney
397327,Brisbane
397328,Brisbane
397329,Brisbane
397330,Brisbane
397331,Brisbane
397332,Brisbane
397333,Brisbane
397334,Brisbane
397335,Sydney
397336,Sydney
397337,Brisbane
397338,Brisbane
397339,Brisbane
397340,Brisbane
397341,Brisbane
397342,Brisbane
397343,Brisbane
397344,Brisbane
397345,Brisbane
397346,Brisbane
397347,Brisbane
397348,Brisbane
397349,Brisbane
397350,Brisbane
397351,Brisbane
397352,Sydney
397353,Brisbane
397354,Brisbane
397355,Brisbane
397356,Brisbane
397357,Brisbane
397358,Brisbane
397359,Brisbane
397360,Perth
397361,Brisbane
397362,Brisbane
397363,Brisbane
397364,Brisbane
397365,Brisbane
397366,Brisbane
397367,Brisbane
397368,Brisbane
397369,Brisbane
397370,Brisbane
397371,Brisbane
397372,Brisbane
397373,Brisbane
397374,Brisbane
397375,Brisbane
397376,Sydney
397377,Brisbane
397378,Brisbane
397379,Brisbane
397380,Brisbane
397381,Brisbane
397382,Brisbane
397383,Sydney
397384,Brisbane
397385,Brisbane
397386,Sydney
397387,Sydney
397388,Brisbane
397389,Brisbane
397390,Sydney
397391,Brisbane
397392,Brisbane
397393,Brisbane
397394,Brisbane
397395,Brisbane
397396,Brisbane
397397,Brisbane
397398,Brisbane
397399,Brisbane
397400,Brisbane
397401,Brisbane
397402,Brisbane
397403,Brisbane
397404,Brisbane
397405,Brisbane
397406,Brisbane
397407,Brisbane
397408,Brisbane
397409,Brisbane
397410,Perth
397411,Brisbane
397412,Brisbane
397413,Brisbane
397414,Melbourne
397415,Brisbane
397416,Perth
397417,Brisbane
397418,Sydney
397419,Brisbane
397420,Brisbane
397421,Brisbane
397422,Brisbane
397423,Brisbane
397424,Brisbane
397425,Brisbane
397426,Brisbane
397427,Brisbane
397428,Brisbane
397429,Brisbane
397430,Brisbane
397431,Brisbane
397432,Melbourne
397433,Brisbane
397434,Brisbane
397435,Sydney
397436,Brisbane
397437,Brisbane
397438,Brisbane
397439,Brisbane
397440,Brisbane
397441,Brisbane
397442,Brisbane
397443,Brisbane
397444,Brisbane
397445,Brisbane
397446,Brisbane
397447,Brisbane
397448,Brisbane
397449,Brisbane
397450,Brisbane
397451,Melbourne
397452,Brisbane
397453,Brisbane
397454,Sydney
397455,Sydney
397456,Brisbane
397457,Brisbane
397458,Brisbane
397459,Brisbane
397460,Brisbane
397461,Brisbane
397462,Sydney
397463,Brisbane
397464,Brisbane
397465,Brisbane
397466,Brisbane
397467,Brisbane
397468,Brisbane
397469,Brisbane
397470,Sydney
397471,Brisbane
397472,Brisbane
397473,Brisbane
397474,Brisbane
397475,Brisbane
397476,Brisbane
397477,Brisbane
397478,Brisbane
397479,Brisbane
397480,Brisbane
397481,Brisbane
397482,Melbourne
397483,Brisbane
397484,Brisbane
397485,Brisbane
397486,Brisbane
397487,Brisbane
397488,Brisbane
397489,Brisbane
397490,Brisbane
397491,Sydney
397492,Melbourne
397493,Brisbane
397494,Brisbane
397495,Brisbane
397496,Brisbane
397497,Brisbane
397498,Brisbane
397499,Brisbane
397500,Brisbane
397501,Brisbane
397502,Brisbane
397503,Brisbane
397504,Brisbane
397505,Brisbane
397506,Brisbane
397507,Brisbane
397508,Brisbane
397509,Brisbane
397510,Brisbane
397511,Brisbane
397512,Brisbane
397513,Brisbane
397514,Brisbane
397515,Brisbane
397516,Brisbane
397517,Brisbane
397518,Brisbane
397519,Brisbane
397520,Brisbane
397521,Sydney
397522,Brisbane
397523,Brisbane
397524,Brisbane
397525,Brisbane
397526,Brisbane
397527,Brisbane
397528,Brisbane
397529,Melbourne
397530,Brisbane
397531,Brisbane
397532,Brisbane
397533,Brisbane
397534,Perth
397535,Melbourne
397536,Brisbane
397537,Brisbane
397538,Brisbane
397539,Brisbane
397540,Brisbane
397541,Brisbane
397542,Brisbane
397543,Brisbane
397544,Brisbane
397545,Brisbane
397546,Brisbane
397547,Brisbane
397548,Brisbane
397549,Brisbane
397550,Brisbane
397551,Sydney
397552,Brisbane
397553,Brisbane
397554,Brisbane
397555,Brisbane
397556,Brisbane
397557,Brisbane
397558,Brisbane
397559,Brisbane
397560,Brisbane
397561,Brisbane
397562,Perth
397563,Brisbane
397564,Brisbane
397565,Brisbane
397566,Brisbane
397567,Brisbane
397568,Brisbane
397569,Brisbane
397570,Sydney
397571,Brisbane
397572,Melbourne
397573,Brisbane
397574,Brisbane
397575,Brisbane
397576,Brisbane
397577,Brisbane
397578,Brisbane
397579,Brisbane
397580,Brisbane
397581,Brisbane
397582,Brisbane
397583,Brisbane
397584,Brisbane
397585,Brisbane
397586,Melbourne
397587,Brisbane
397588,Brisbane
397589,Perth
397590,Brisbane
397591,Brisbane
397592,Brisbane
397593,Brisbane
397594,Brisbane
397595,Brisbane
397596,Perth
397597,Brisbane
397598,Brisbane
397599,Brisbane
397600,Brisbane
397601,Brisbane
397602,Brisbane
397603,Brisbane
397604,Melbourne
397605,Brisbane
397606,Perth
397607,Melbourne
397608,Brisbane
397609,Brisbane
397610,Brisbane
397611,Brisbane
397612,Brisbane
397613,Brisbane
397614,Brisbane
397615,Brisbane
397616,Brisbane
397617,Perth
397618,Brisbane
397619,Brisbane
397620,Brisbane
397621,Brisbane
397622,Brisbane
397623,Brisbane
397624,Brisbane
397625,Brisbane
397626,Brisbane
397627,Brisbane
397628,Brisbane
397629,Brisbane
397630,Brisbane
397631,Brisbane
397632,Brisbane
397633,Brisbane
397634,Brisbane
397635,Brisbane
397636,Brisbane
397637,Brisbane
397638,Brisbane
397639,Brisbane
397640,Brisbane
397641,Brisbane
397642,Brisbane
397643,Brisbane
397644,Brisbane
397645,Brisbane
397646,Brisbane
397647,Brisbane
397648,Brisbane
397649,Brisbane
397650,Melbourne
397651,Brisbane
397652,Brisbane
397653,Brisbane
397654,Brisbane
397655,Brisbane
397656,Brisbane
397657,Brisbane
397658,Perth
397659,Melbourne
397660,Brisbane
397661,Brisbane
397662,Brisbane
397663,Brisbane
397664,Brisbane
397665,Brisbane
397666,Brisbane
397667,Brisbane
397668,Brisbane
397669,Brisbane
397670,Brisbane
397671,Brisbane
397672,Brisbane
397673,Brisbane
397674,Sydney
397675,Brisbane
397676,Brisbane
397677,Brisbane
397678,Brisbane
397679,Brisbane
397680,Brisbane
397681,Brisbane
397682,Brisbane
397683,Brisbane
397684,Brisbane
397685,Brisbane
397686,Brisbane
397687,Brisbane
397688,Brisbane
397689,Brisbane
397690,Brisbane
397691,Brisbane
397692,Brisbane
397693,Brisbane
397694,Brisbane
397695,Brisbane
397696,Brisbane
397697,Melbourne
397698,Brisbane
397699,Brisbane
397700,Brisbane
397701,Brisbane
397702,Brisbane
397703,Sydney
397704,Brisbane
397705,Brisbane
397706,Brisbane
397707,Perth
397708,Brisbane
397709,Brisbane
397710,Brisbane
397711,Brisbane
397712,Brisbane
397713,Brisbane
397714,Brisbane
397715,Brisbane
397716,Brisbane
397717,Brisbane
397718,Brisbane
397719,Brisbane
397720,Brisbane
397721,Brisbane
397722,Brisbane
397723,Brisbane
397724,Brisbane
397725,Brisbane
397726,Brisbane
397727,Brisbane
397728,Brisbane
397729,Brisbane
397730,Brisbane
397731,Brisbane
397732,Melbourne
397733,Brisbane
397734,Brisbane
397735,Brisbane
397736,Brisbane
397737,Brisbane
397738,Brisbane
397739,Brisbane
397740,Brisbane
397741,Brisbane
397742,Brisbane
397743,Brisbane
397744,Brisbane
397745,Melbourne
397746,Brisbane
397747,Perth
397748,Brisbane
397749,Brisbane
397750,Brisbane
397751,Brisbane
397752,Brisbane
397753,Brisbane
397754,Brisbane
397755,Brisbane
397756,Brisbane
397757,Brisbane
397758,Brisbane
397759,Brisbane
397760,Brisbane
397761,Sydney
397762,Brisbane
397763,Brisbane
397764,Brisbane
397765,Brisbane
397766,Brisbane
397767,Brisbane
397768,Brisbane
397769,Brisbane
397770,Brisbane
397771,Brisbane
397772,Brisbane
397773,Brisbane
397774,Brisbane
397775,Brisbane
397776,Brisbane
397777,Brisbane
397778,Brisbane
397779,Brisbane
397780,Brisbane
397781,Perth
397782,Brisbane
397783,Melbourne
397784,Brisbane
397785,Brisbane
397786,Brisbane
397787,Brisbane
397788,Brisbane
397789,Brisbane
397790,Brisbane
397791,Brisbane
397792,Brisbane
397793,Brisbane
397794,Brisbane
397795,Brisbane
397796,Brisbane
397797,Brisbane
397798,Perth
397799,Brisbane
397800,Brisbane
397801,Brisbane
397802,Brisbane
397803,Brisbane
397804,Melbourne
397805,Sydney
397806,Sydney
397807,Brisbane
397808,Brisbane
397809,Brisbane
397810,Brisbane
397811,Brisbane
397812,Perth
397813,Brisbane
397814,Brisbane
397815,Brisbane
397816,Perth
397817,Melbourne
397818,Brisbane
397819,Brisbane
397820,Brisbane
397821,Brisbane
397822,Brisbane
397823,Brisbane
397824,Brisbane
397825,Brisbane
397826,Brisbane
397827,Sydney
397828,Brisbane
397829,Brisbane
397830,Brisbane
397831,Sydney
397832,Brisbane
397833,Brisbane
397834,Brisbane
397835,Brisbane
397836,Brisbane
397837,Brisbane
397838,Brisbane
397839,Brisbane
397840,Sydney
397841,Brisbane
397842,Perth
397843,Brisbane
397844,Brisbane
397845,Brisbane
397846,Brisbane
397847,Brisbane
397848,Brisbane
397849,Brisbane
397850,Brisbane
397851,Brisbane
397852,Brisbane
397853,Brisbane
397854,Brisbane
397855,Brisbane
397856,Brisbane
397857,Brisbane
397858,Brisbane
397859,Sydney
397860,Brisbane
397861,Brisbane
397862,Brisbane
397863,Brisbane
397864,Brisbane
397865,Brisbane
397866,Brisbane
397867,Brisbane
397868,Brisbane
397869,Brisbane
397870,Brisbane
397871,Brisbane
397872,Perth
397873,Perth
397874,Brisbane
397875,Brisbane
397876,Brisbane
397877,Brisbane
397878,Brisbane
397879,Brisbane
397880,Brisbane
397881,Brisbane
397882,Brisbane
397883,Sydney
397884,Brisbane
397885,Brisbane
397886,Brisbane
397887,Brisbane
397888,Brisbane
397889,Brisbane
397890,Brisbane
397891,Perth
397892,Brisbane
397893,Brisbane
397894,Brisbane
397895,Brisbane
397896,Brisbane
397897,Brisbane
397898,Brisbane
397899,Brisbane
397900,Brisbane
397901,Brisbane
397902,Brisbane
397903,Brisbane
397904,Brisbane
397905,Sydney
397906,Brisbane
397907,Brisbane
397908,Sydney
397909,Brisbane
397910,Brisbane
397911,Brisbane
397912,Brisbane
397913,Sydney
397914,Brisbane
397915,Brisbane
397916,Brisbane
397917,Brisbane
397918,Brisbane
397919,Brisbane
397920,Brisbane
397921,Brisbane
397922,Brisbane
397923,Brisbane
397924,Brisbane
397925,Brisbane
397926,Brisbane
397927,Brisbane
397928,Brisbane
397929,Brisbane
397930,Brisbane
397931,Brisbane
397932,Brisbane
397933,Sydney
397934,Brisbane
397935,Brisbane
397936,Brisbane
397937,Brisbane
397938,Brisbane
397939,Brisbane
397940,Brisbane
397941,Brisbane
397942,Melbourne
397943,Brisbane
397944,Brisbane
397945,Brisbane
397946,Brisbane
397947,Brisbane
397948,Brisbane
397949,Brisbane
397950,Brisbane
397951,Brisbane
397952,Brisbane
397953,Brisbane
397954,Brisbane
397955,Brisbane
397956,Brisbane
397957,Brisbane
397958,Brisbane
397959,Brisbane
397960,Brisbane
397961,Brisbane
397962,Brisbane
397963,Brisbane
397964,Brisbane
397965,Perth
397966,Brisbane
397967,Brisbane
397968,Brisbane
397969,Brisbane
397970,Perth
397971,Brisbane
397972,Brisbane
397973,Brisbane
397974,Brisbane
397975,Brisbane
397976,Brisbane
397977,Perth
397978,Brisbane
397979,Sydney
397980,Brisbane
397981,Melbourne
397982,Brisbane
397983,Melbourne
397984,Brisbane
397985,Brisbane
397986,Brisbane
397987,Brisbane
397988,Brisbane
397989,Brisbane
397990,Melbourne
397991,Brisbane
397992,Brisbane
397993,Brisbane
397994,Brisbane
397995,Brisbane
397996,Brisbane
397997,Brisbane
397998,Brisbane
397999,Brisbane
398000,Brisbane
398001,Brisbane
398002,Brisbane
398003,Brisbane
398004,Melbourne
398005,Brisbane
398006,Brisbane
398007,Melbourne
398008,Brisbane
398009,Brisbane
398010,Brisbane
398011,Brisbane
398012,Brisbane
398013,Brisbane
398014,Brisbane
398015,Sydney
398016,Brisbane
398017,Brisbane
398018,Melbourne
398019,Brisbane
398020,Brisbane
398021,Brisbane
398022,Brisbane
398023,Brisbane
398024,Sydney
398025,Brisbane
398026,Brisbane
398027,Brisbane
398028,Brisbane
398029,Brisbane
398030,Brisbane
398031,Brisbane
398032,Brisbane
398033,Melbourne
398034,Brisbane
398035,Brisbane
398036,Brisbane
398037,Brisbane
398038,Brisbane
398039,Brisbane
398040,Brisbane
398041,Brisbane
398042,Brisbane
398043,Brisbane
398044,Brisbane
398045,Brisbane
398046,Brisbane
398047,Brisbane
398048,Brisbane
398049,Brisbane
398050,Brisbane
398051,Brisbane
398052,Brisbane
398053,Brisbane
398054,Brisbane
398055,Perth
398056,Brisbane
398057,Brisbane
398058,Brisbane
398059,Brisbane
398060,Brisbane
398061,Brisbane
398062,Brisbane
398063,Brisbane
398064,Brisbane
398065,Brisbane
398066,Brisbane
398067,Brisbane
398068,Brisbane
398069,Brisbane
398070,Brisbane
398071,Brisbane
398072,Brisbane
398073,Brisbane
398074,Brisbane
398075,Brisbane
398076,Sydney
398077,Brisbane
398078,Brisbane
398079,Brisbane
398080,Brisbane
398081,Brisbane
398082,Brisbane
398083,Brisbane
398084,Brisbane
398085,Brisbane
398086,Brisbane
398087,Sydney
398088,Brisbane
398089,Brisbane
398090,Brisbane
398091,Melbourne
398092,Brisbane
398093,Brisbane
398094,Brisbane
398095,Perth
398096,Brisbane
398097,Brisbane
398098,Sydney
398099,Brisbane
398100,Brisbane
398101,Brisbane
398102,Brisbane
398103,Brisbane
398104,Brisbane
398105,Brisbane
398106,Brisbane
398107,Brisbane
398108,Brisbane
398109,Brisbane
398110,Brisbane
398111,Brisbane
398112,Brisbane
398113,Brisbane
398114,Brisbane
398115,Brisbane
398116,Brisbane
398117,Brisbane
398118,Brisbane
398119,Brisbane
398120,Brisbane
398121,Sydney
398122,Brisbane
398123,Brisbane
398124,Melbourne
398125,Brisbane
398126,Brisbane
398127,Brisbane
398128,Melbourne
398129,Brisbane
398130,Brisbane
398131,Brisbane
398132,Brisbane
398133,Brisbane
398134,Brisbane
398135,Brisbane
398136,Brisbane
398137,Brisbane
398138,Brisbane
398139,Brisbane
398140,Brisbane
398141,Brisbane
398142,Brisbane
398143,Brisbane
398144,Brisbane
398145,Brisbane
398146,Melbourne
398147,Brisbane
398148,Brisbane
398149,Brisbane
398150,Brisbane
398151,Brisbane
398152,Brisbane
398153,Brisbane
398154,Perth
398155,Brisbane
398156,Brisbane
398157,Brisbane
398158,Brisbane
398159,Brisbane
398160,Brisbane
398161,Brisbane
398162,Brisbane
398163,Perth
398164,Brisbane
398165,Brisbane
398166,Brisbane
398167,Brisbane
398168,Sydney
398169,Brisbane
398170,Brisbane
398171,Brisbane
398172,Brisbane
398173,Perth
398174,Brisbane
398175,Brisbane
398176,Brisbane
398177,Brisbane
398178,Brisbane
398179,Brisbane
398180,Brisbane
398181,Brisbane
398182,Brisbane
398183,Brisbane
398184,Brisbane
398185,Brisbane
398186,Brisbane
398187,Brisbane
398188,Sydney
398189,Brisbane
398190,Brisbane
398191,Brisbane
398192,Brisbane
398193,Brisbane
398194,Brisbane
398195,Brisbane
398196,Perth
398197,Brisbane
398198,Brisbane
398199,Brisbane
398200,Brisbane
398201,Brisbane
398202,Brisbane
398203,Brisbane
398204,Brisbane
398205,Brisbane
398206,Brisbane
398207,Brisbane
398208,Brisbane
398209,Perth
398210,Brisbane
398211,Sydney
398212,Brisbane
398213,Brisbane
398214,Sydney
398215,Sydney
398216,Sydney
398217,Brisbane
398218,Melbourne
398219,Brisbane
398220,Brisbane
398221,Brisbane
398222,Brisbane
398223,Brisbane
398224,Sydney
398225,Brisbane
398226,Brisbane
398227,Brisbane
398228,Brisbane
398229,Brisbane
398230,Brisbane
398231,Brisbane
398232,Brisbane
398233,Brisbane
398234,Brisbane
398235,Brisbane
398236,Brisbane
398237,Perth
398238,Brisbane
398239,Brisbane
398240,Sydney
398241,Brisbane
398242,Brisbane
398243,Brisbane
398244,Brisbane
398245,Brisbane
398246,Brisbane
398247,Brisbane
398248,Brisbane
398249,Brisbane
398250,Melbourne
398251,Sydney
398252,Brisbane
398253,Brisbane
398254,Brisbane
398255,Brisbane
398256,Brisbane
398257,Brisbane
398258,Brisbane
398259,Brisbane
398260,Brisbane
398261,Brisbane
398262,Brisbane
398263,Brisbane
398264,Brisbane
398265,Brisbane
398266,Brisbane
398267,Brisbane
398268,Brisbane
398269,Brisbane
398270,Melbourne
398271,Brisbane
398272,Brisbane
398273,Brisbane
398274,Brisbane
398275,Brisbane
398276,Brisbane
398277,Brisbane
398278,Brisbane
398279,Brisbane
398280,Brisbane
398281,Brisbane
398282,Brisbane
398283,Sydney
398284,Brisbane
398285,Brisbane
398286,Brisbane
398287,Brisbane
398288,Brisbane
398289,Brisbane
398290,Sydney
398291,Brisbane
398292,Perth
398293,Brisbane
398294,Brisbane
398295,Brisbane
398296,Perth
398297,Sydney
398298,Brisbane
398299,Brisbane
398300,Brisbane
398301,Brisbane
398302,Brisbane
398303,Brisbane
398304,Brisbane
398305,Brisbane
398306,Brisbane
398307,Brisbane
398308,Brisbane
398309,Brisbane
398310,Brisbane
398311,Perth
398312,Brisbane
398313,Brisbane
398314,Brisbane
398315,Brisbane
398316,Brisbane
398317,Brisbane
398318,Brisbane
398319,Brisbane
398320,Brisbane
398321,Brisbane
398322,Brisbane
398323,Brisbane
398324,Brisbane
398325,Brisbane
398326,Brisbane
398327,Brisbane
398328,Brisbane
398329,Brisbane
398330,Brisbane
398331,Brisbane
398332,Brisbane
398333,Brisbane
398334,Brisbane
398335,Brisbane
398336,Sydney
398337,Brisbane
398338,Brisbane
398339,Brisbane
398340,Brisbane
398341,Brisbane
398342,Brisbane
398343,Brisbane
398344,Brisbane
398345,Brisbane
398346,Brisbane
398347,Brisbane
398348,Brisbane
398349,Brisbane
398350,Brisbane
398351,Brisbane
398352,Brisbane
398353,Brisbane
398354,Brisbane
398355,Brisbane
398356,Brisbane
398357,Brisbane
398358,Perth
398359,Brisbane
398360,Brisbane
398361,Brisbane
398362,Sydney
398363,Brisbane
398364,Brisbane
398365,Perth
398366,Brisbane
398367,Brisbane
398368,Brisbane
398369,Brisbane
398370,Sydney
398371,Brisbane
398372,Perth
398373,Brisbane
398374,Brisbane
398375,Sydney
398376,Brisbane
398377,Sydney
398378,Brisbane
398379,Brisbane
398380,Brisbane
398381,Brisbane
398382,Brisbane
398383,Brisbane
398384,Brisbane
398385,Brisbane
398386,Brisbane
398387,Brisbane
398388,Brisbane
398389,Brisbane
398390,Brisbane
398391,Brisbane
398392,Brisbane
398393,Brisbane
398394,Brisbane
398395,Brisbane
398396,Brisbane
398397,Brisbane
398398,Brisbane
398399,Brisbane
398400,Brisbane
398401,Brisbane
398402,Brisbane
398403,Brisbane
398404,Sydney
398405,Perth
398406,Sydney
398407,Brisbane
398408,Brisbane
398409,Sydney
398410,Brisbane
398411,Brisbane
398412,Brisbane
398413,Brisbane
398414,Brisbane
398415,Sydney
398416,Brisbane
398417,Brisbane
398418,Sydney
398419,Brisbane
398420,Brisbane
398421,Brisbane
398422,Brisbane
398423,Brisbane
398424,Brisbane
398425,Brisbane
398426,Brisbane
398427,Brisbane
398428,Brisbane
398429,Brisbane
398430,Brisbane
398431,Brisbane
398432,Brisbane
398433,Brisbane
398434,Brisbane
398435,Brisbane
398436,Brisbane
398437,Brisbane
398438,Brisbane
398439,Brisbane
398440,Brisbane
398441,Brisbane
398442,Brisbane
398443,Brisbane
398444,Brisbane
398445,Perth
398446,Brisbane
398447,Brisbane
398448,Brisbane
398449,Brisbane
398450,Brisbane
398451,Brisbane
398452,Brisbane
398453,Brisbane
398454,Brisbane
398455,Brisbane
398456,Sydney
398457,Brisbane
398458,Brisbane
398459,Brisbane
398460,Brisbane
398461,Brisbane
398462,Sydney
398463,Sydney
398464,Brisbane
398465,Brisbane
398466,Brisbane
398467,Brisbane
398468,Brisbane
398469,Perth
398470,Brisbane
398471,Brisbane
398472,Brisbane
398473,Brisbane
398474,Brisbane
398475,Brisbane
398476,Brisbane
398477,Brisbane
398478,Brisbane
398479,Brisbane
398480,Brisbane
398481,Brisbane
398482,Brisbane
398483,Brisbane
398484,Sydney
398485,Brisbane
398486,Brisbane
398487,Brisbane
398488,Brisbane
398489,Perth
398490,Brisbane
398491,Brisbane
398492,Perth
398493,Brisbane
398494,Brisbane
398495,Perth
398496,Melbourne
398497,Brisbane
398498,Brisbane
398499,Brisbane
398500,Brisbane
398501,Brisbane
398502,Brisbane
398503,Brisbane
398504,Brisbane
398505,Brisbane
398506,Brisbane
398507,Brisbane
398508,Brisbane
398509,Brisbane
398510,Brisbane
398511,Brisbane
398512,Brisbane
398513,Brisbane
398514,Brisbane
398515,Brisbane
398516,Brisbane
398517,Brisbane
398518,Brisbane
398519,Brisbane
398520,Brisbane
398521,Brisbane
398522,Brisbane
398523,Brisbane
398524,Brisbane
398525,Brisbane
398526,Brisbane
398527,Brisbane
398528,Brisbane
398529,Brisbane
398530,Brisbane
398531,Brisbane
398532,Brisbane
398533,Brisbane
398534,Brisbane
398535,Perth
398536,Brisbane
398537,Brisbane
398538,Brisbane
398539,Brisbane
398540,Brisbane
398541,Brisbane
398542,Melbourne
398543,Brisbane
398544,Brisbane
398545,Perth
398546,Brisbane
398547,Brisbane
398548,Brisbane
398549,Brisbane
398550,Brisbane
398551,Brisbane
398552,Brisbane
398553,Brisbane
398554,Brisbane
398555,Brisbane
398556,Brisbane
398557,Brisbane
398558,Brisbane
398559,Brisbane
398560,Brisbane
398561,Brisbane
398562,Brisbane
398563,Brisbane
398564,Sydney
398565,Brisbane
398566,Brisbane
398567,Brisbane
398568,Brisbane
398569,Brisbane
398570,Brisbane
398571,Brisbane
398572,Brisbane
398573,Brisbane
398574,Brisbane
398575,Brisbane
398576,Brisbane
398577,Brisbane
398578,Brisbane
398579,Brisbane
398580,Brisbane
398581,Brisbane
398582,Brisbane
398583,Brisbane
398584,Brisbane
398585,Brisbane
398586,Brisbane
398587,Brisbane
398588,Brisbane
398589,Brisbane
398590,Brisbane
398591,Brisbane
398592,Brisbane
398593,Brisbane
398594,Brisbane
398595,Brisbane
398596,Brisbane
398597,Brisbane
398598,Brisbane
398599,Brisbane
398600,Melbourne
398601,Brisbane
398602,Brisbane
398603,Brisbane
398604,Brisbane
398605,Brisbane
398606,Brisbane
398607,Brisbane
398608,Brisbane
398609,Brisbane
398610,Brisbane
398611,Brisbane
398612,Brisbane
398613,Brisbane
398614,Brisbane
398615,Brisbane
398616,Brisbane
398617,Brisbane
398618,Melbourne
398619,Brisbane
398620,Brisbane
398621,Brisbane
398622,Brisbane
398623,Brisbane
398624,Sydney
398625,Brisbane
398626,Brisbane
398627,Brisbane
398628,Sydney
398629,Brisbane
398630,Brisbane
398631,Brisbane
398632,Brisbane
398633,Brisbane
398634,Brisbane
398635,Brisbane
398636,Brisbane
398637,Brisbane
398638,Brisbane
398639,Brisbane
398640,Brisbane
398641,Brisbane
398642,Brisbane
398643,Brisbane
398644,Brisbane
398645,Brisbane
398646,Brisbane
398647,Brisbane
398648,Brisbane
398649,Brisbane
398650,Melbourne
398651,Brisbane
398652,Brisbane
398653,Brisbane
398654,Brisbane
398655,Brisbane
398656,Brisbane
398657,Brisbane
398658,Brisbane
398659,Melbourne
398660,Brisbane
398661,Brisbane
398662,Brisbane
398663,Brisbane
398664,Brisbane
398665,Brisbane
398666,Sydney
398667,Brisbane
398668,Brisbane
398669,Brisbane
398670,Perth
398671,Sydney
398672,Brisbane
398673,Brisbane
398674,Brisbane
398675,Brisbane
398676,Brisbane
398677,Brisbane
398678,Brisbane
398679,Brisbane
398680,Brisbane
398681,Brisbane
398682,Brisbane
398683,Brisbane
398684,Brisbane
398685,Brisbane
398686,Perth
398687,Brisbane
398688,Sydney
398689,Brisbane
398690,Brisbane
398691,Brisbane
398692,Brisbane
398693,Melbourne
398694,Brisbane
398695,Brisbane
398696,Perth
398697,Melbourne
398698,Brisbane
398699,Brisbane
398700,Sydney
398701,Brisbane
398702,Brisbane
398703,Brisbane
398704,Brisbane
398705,Brisbane
398706,Brisbane
398707,Brisbane
398708,Brisbane
398709,Brisbane
398710,Brisbane
398711,Brisbane
398712,Brisbane
398713,Brisbane
398714,Melbourne
398715,Sydney
398716,Brisbane
398717,Brisbane
398718,Brisbane
398719,Brisbane
398720,Brisbane
398721,Brisbane
398722,Brisbane
398723,Brisbane
398724,Brisbane
398725,Brisbane
398726,Brisbane
398727,Brisbane
398728,Brisbane
398729,Brisbane
398730,Brisbane
398731,Brisbane
398732,Brisbane
398733,Melbourne
398734,Brisbane
398735,Sydney
398736,Brisbane
398737,Brisbane
398738,Perth
398739,Brisbane
398740,Brisbane
398741,Brisbane
398742,Brisbane
398743,Brisbane
398744,Sydney
398745,Brisbane
398746,Brisbane
398747,Brisbane
398748,Brisbane
398749,Brisbane
398750,Brisbane
398751,Brisbane
398752,Brisbane
398753,Brisbane
398754,Brisbane
398755,Sydney
398756,Brisbane
398757,Brisbane
398758,Brisbane
398759,Sydney
398760,Sydney
398761,Brisbane
398762,Brisbane
398763,Brisbane
398764,Brisbane
398765,Brisbane
398766,Brisbane
398767,Brisbane
398768,Brisbane
398769,Brisbane
398770,Brisbane
398771,Brisbane
398772,Brisbane
398773,Brisbane
398774,Perth
398775,Brisbane
398776,Brisbane
398777,Brisbane
398778,Brisbane
398779,Melbourne
398780,Sydney
398781,Brisbane
398782,Perth
398783,Brisbane
398784,Brisbane
398785,Brisbane
398786,Brisbane
398787,Sydney
398788,Brisbane
398789,Melbourne
398790,Brisbane
398791,Brisbane
398792,Brisbane
398793,Brisbane
398794,Brisbane
398795,Brisbane
398796,Brisbane
398797,Brisbane
398798,Melbourne
398799,Brisbane
398800,Brisbane
398801,Brisbane
398802,Brisbane
398803,Brisbane
398804,Sydney
398805,Brisbane
398806,Brisbane
398807,Brisbane
398808,Brisbane
398809,Brisbane
398810,Brisbane
398811,Brisbane
398812,Brisbane
398813,Brisbane
398814,Brisbane
398815,Brisbane
398816,Brisbane
398817,Brisbane
398818,Brisbane
398819,Brisbane
398820,Brisbane
398821,Brisbane
398822,Perth
398823,Brisbane
398824,Brisbane
398825,Brisbane
398826,Brisbane
398827,Brisbane
398828,Brisbane
398829,Brisbane
398830,Brisbane
398831,Brisbane
398832,Brisbane
398833,Brisbane
398834,Melbourne
398835,Brisbane
398836,Brisbane
398837,Perth
398838,Brisbane
398839,Brisbane
398840,Brisbane
398841,Brisbane
398842,Brisbane
398843,Brisbane
398844,Sydney
398845,Brisbane
398846,Brisbane
398847,Brisbane
398848,Melbourne
398849,Brisbane
398850,Brisbane
398851,Brisbane
398852,Brisbane
398853,Brisbane
398854,Brisbane
398855,Perth
398856,Brisbane
398857,Brisbane
398858,Brisbane
398859,Brisbane
398860,Brisbane
398861,Sydney
398862,Brisbane
398863,Brisbane
398864,Brisbane
398865,Brisbane
398866,Brisbane
398867,Brisbane
398868,Brisbane
398869,Brisbane
398870,Brisbane
398871,Brisbane
398872,Melbourne
398873,Perth
398874,Brisbane
398875,Perth
398876,Brisbane
398877,Brisbane
398878,Brisbane
398879,Perth
398880,Brisbane
398881,Brisbane
398882,Perth
398883,Brisbane
398884,Brisbane
398885,Brisbane
398886,Brisbane
398887,Brisbane
398888,Brisbane
398889,Brisbane
398890,Sydney
398891,Brisbane
398892,Perth
398893,Brisbane
398894,Brisbane
398895,Brisbane
398896,Brisbane
398897,Brisbane
398898,Melbourne
398899,Brisbane
398900,Brisbane
398901,Brisbane
398902,Brisbane
398903,Brisbane
398904,Brisbane
398905,Brisbane
398906,Perth
398907,Brisbane
398908,Brisbane
398909,Brisbane
398910,Brisbane
398911,Brisbane
398912,Brisbane
398913,Brisbane
398914,Brisbane
398915,Brisbane
398916,Brisbane
398917,Brisbane
398918,Brisbane
398919,Brisbane
398920,Brisbane
398921,Brisbane
398922,Brisbane
398923,Brisbane
398924,Brisbane
398925,Brisbane
398926,Brisbane
398927,Brisbane
398928,Brisbane
398929,Brisbane
398930,Brisbane
398931,Brisbane
398932,Brisbane
398933,Brisbane
398934,Brisbane
398935,Brisbane
398936,Brisbane
398937,Brisbane
398938,Brisbane
398939,Brisbane
398940,Brisbane
398941,Brisbane
398942,Brisbane
398943,Melbourne
398944,Brisbane
398945,Brisbane
398946,Brisbane
398947,Brisbane
398948,Brisbane
398949,Brisbane
398950,Brisbane
398951,Brisbane
398952,Brisbane
398953,Sydney
398954,Melbourne
398955,Brisbane
398956,Brisbane
398957,Brisbane
398958,Brisbane
398959,Brisbane
398960,Brisbane
398961,Brisbane
398962,Brisbane
398963,Brisbane
398964,Brisbane
398965,Brisbane
398966,Brisbane
398967,Sydney
398968,Perth
398969,Melbourne
398970,Brisbane
398971,Brisbane
398972,Melbourne
398973,Brisbane
398974,Brisbane
398975,Brisbane
398976,Melbourne
398977,Brisbane
398978,Brisbane
398979,Brisbane
398980,Brisbane
398981,Brisbane
398982,Brisbane
398983,Brisbane
398984,Melbourne
398985,Brisbane
398986,Brisbane
398987,Brisbane
398988,Brisbane
398989,Brisbane
398990,Brisbane
398991,Brisbane
398992,Brisbane
398993,Brisbane
398994,Brisbane
398995,Sydney
398996,Brisbane
398997,Perth
398998,Brisbane
398999,Brisbane
399000,Brisbane
399001,Brisbane
399002,Sydney
399003,Brisbane
399004,Brisbane
399005,Brisbane
399006,Brisbane
399007,Brisbane
399008,Melbourne
399009,Brisbane
399010,Brisbane
399011,Brisbane
399012,Brisbane
399013,Brisbane
399014,Brisbane
399015,Brisbane
399016,Brisbane
399017,Brisbane
399018,Brisbane
399019,Brisbane
399020,Brisbane
399021,Brisbane
399022,Brisbane
399023,Brisbane
399024,Brisbane
399025,Brisbane
399026,Brisbane
399027,Brisbane
399028,Brisbane
399029,Brisbane
399030,Brisbane
399031,Brisbane
399032,Brisbane
399033,Brisbane
399034,Brisbane
399035,Brisbane
399036,Brisbane
399037,Brisbane
399038,Brisbane
399039,Brisbane
399040,Brisbane
399041,Brisbane
399042,Brisbane
399043,Brisbane
399044,Brisbane
399045,Brisbane
399046,Perth
399047,Brisbane
399048,Brisbane
399049,Brisbane
399050,Sydney
399051,Brisbane
399052,Brisbane
399053,Brisbane
399054,Brisbane
399055,Brisbane
399056,Brisbane
399057,Brisbane
399058,Brisbane
399059,Brisbane
399060,Melbourne
399061,Brisbane
399062,Brisbane
399063,Brisbane
399064,Brisbane
399065,Brisbane
399066,Perth
399067,Brisbane
399068,Brisbane
399069,Perth
399070,Brisbane
399071,Brisbane
399072,Brisbane
399073,Brisbane
399074,Brisbane
399075,Brisbane
399076,Brisbane
399077,Brisbane
399078,Brisbane
399079,Brisbane
399080,Brisbane
399081,Brisbane
399082,Brisbane
399083,Brisbane
399084,Brisbane
399085,Brisbane
399086,Brisbane
399087,Brisbane
399088,Brisbane
399089,Sydney
399090,Brisbane
399091,Sydney
399092,Brisbane
399093,Brisbane
399094,Brisbane
399095,Brisbane
399096,Perth
399097,Brisbane
399098,Brisbane
399099,Brisbane
399100,Brisbane
399101,Melbourne
399102,Brisbane
399103,Brisbane
399104,Brisbane
399105,Brisbane
399106,Brisbane
399107,Brisbane
399108,Brisbane
399109,Brisbane
399110,Brisbane
399111,Brisbane
399112,Brisbane
399113,Brisbane
399114,Brisbane
399115,Brisbane
399116,Brisbane
399117,Perth
399118,Brisbane
399119,Brisbane
399120,Brisbane
399121,Brisbane
399122,Brisbane
399123,Perth
399124,Sydney
399125,Brisbane
399126,Brisbane
399127,Brisbane
399128,Brisbane
399129,Brisbane
399130,Brisbane
399131,Brisbane
399132,Brisbane
399133,Brisbane
399134,Brisbane
399135,Brisbane
399136,Sydney
399137,Brisbane
399138,Perth
399139,Brisbane
399140,Brisbane
399141,Brisbane
399142,Brisbane
399143,Perth
399144,Brisbane
399145,Sydney
399146,Brisbane
399147,Brisbane
399148,Perth
399149,Brisbane
399150,Brisbane
399151,Brisbane
399152,Brisbane
399153,Brisbane
399154,Brisbane
399155,Brisbane
399156,Brisbane
399157,Brisbane
399158,Brisbane
399159,Brisbane
399160,Brisbane
399161,Brisbane
399162,Brisbane
399163,Brisbane
399164,Sydney
399165,Brisbane
399166,Brisbane
399167,Brisbane
399168,Brisbane
399169,Brisbane
399170,Brisbane
399171,Brisbane
399172,Brisbane
399173,Brisbane
399174,Brisbane
399175,Brisbane
399176,Brisbane
399177,Brisbane
399178,Brisbane
399179,Brisbane
399180,Brisbane
399181,Brisbane
399182,Brisbane
399183,Perth
399184,Brisbane
399185,Brisbane
399186,Brisbane
399187,Brisbane
399188,Brisbane
399189,Brisbane
399190,Brisbane
399191,Brisbane
399192,Perth
399193,Perth
399194,Brisbane
399195,Brisbane
399196,Brisbane
399197,Brisbane
399198,Brisbane
399199,Brisbane
399200,Brisbane
399201,Brisbane
399202,Brisbane
399203,Brisbane
399204,Perth
399205,Brisbane
399206,Brisbane
399207,Sydney
399208,Brisbane
399209,Brisbane
399210,Brisbane
399211,Brisbane
399212,Brisbane
399213,Brisbane
399214,Brisbane
399215,Brisbane
399216,Brisbane
399217,Brisbane
399218,Sydney
399219,Brisbane
399220,Brisbane
399221,Sydney
399222,Brisbane
399223,Perth
399224,Brisbane
399225,Brisbane
399226,Melbourne
399227,Brisbane
399228,Brisbane
399229,Brisbane
399230,Brisbane
399231,Brisbane
399232,Brisbane
399233,Brisbane
399234,Brisbane
399235,Brisbane
399236,Brisbane
399237,Brisbane
399238,Brisbane
399239,Brisbane
399240,Brisbane
399241,Brisbane
399242,Brisbane
399243,Sydney
399244,Brisbane
399245,Brisbane
399246,Brisbane
399247,Brisbane
399248,Brisbane
399249,Brisbane
399250,Brisbane
399251,Brisbane
399252,Brisbane
399253,Sydney
399254,Brisbane
399255,Brisbane
399256,Brisbane
399257,Brisbane
399258,Brisbane
399259,Brisbane
399260,Sydney
399261,Brisbane
399262,Brisbane
399263,Brisbane
399264,Brisbane
399265,Melbourne
399266,Brisbane
399267,Melbourne
399268,Brisbane
399269,Brisbane
399270,Brisbane
399271,Sydney
399272,Brisbane
399273,Brisbane
399274,Brisbane
399275,Brisbane
399276,Brisbane
399277,Brisbane
399278,Brisbane
399279,Sydney
399280,Brisbane
399281,Brisbane
399282,Brisbane
399283,Brisbane
399284,Brisbane
399285,Perth
399286,Brisbane
399287,Brisbane
399288,Brisbane
399289,Brisbane
399290,Brisbane
399291,Brisbane
399292,Brisbane
399293,Brisbane
399294,Brisbane
399295,Brisbane
399296,Brisbane
399297,Brisbane
399298,Brisbane
399299,Sydney
399300,Brisbane
399301,Brisbane
399302,Brisbane
399303,Perth
399304,Brisbane
399305,Brisbane
399306,Brisbane
399307,Melbourne
399308,Brisbane
399309,Brisbane
399310,Brisbane
399311,Brisbane
399312,Brisbane
399313,Brisbane
399314,Sydney
399315,Brisbane
399316,Brisbane
399317,Brisbane
399318,Brisbane
399319,Brisbane
399320,Brisbane
399321,Brisbane
399322,Brisbane
399323,Brisbane
399324,Brisbane
399325,Brisbane
399326,Brisbane
399327,Brisbane
399328,Brisbane
399329,Brisbane
399330,Brisbane
399331,Brisbane
399332,Brisbane
399333,Brisbane
399334,Sydney
399335,Brisbane
399336,Brisbane
399337,Sydney
399338,Brisbane
399339,Brisbane
399340,Brisbane
399341,Brisbane
399342,Brisbane
399343,Brisbane
399344,Brisbane
399345,Perth
399346,Brisbane
399347,Perth
399348,Brisbane
399349,Sydney
399350,Brisbane
399351,Brisbane
399352,Brisbane
399353,Perth
399354,Brisbane
399355,Brisbane
399356,Brisbane
399357,Brisbane
399358,Brisbane
399359,Brisbane
399360,Brisbane
399361,Brisbane
399362,Brisbane
399363,Perth
399364,Sydney
399365,Brisbane
399366,Brisbane
399367,Brisbane
399368,Brisbane
399369,Brisbane
399370,Brisbane
399371,Brisbane
399372,Brisbane
399373,Brisbane
399374,Brisbane
399375,Brisbane
399376,Brisbane
399377,Brisbane
399378,Brisbane
399379,Brisbane
399380,Brisbane
399381,Brisbane
399382,Brisbane
399383,Brisbane
399384,Brisbane
399385,Brisbane
399386,Brisbane
399387,Brisbane
399388,Brisbane
399389,Brisbane
399390,Brisbane
399391,Brisbane
399392,Brisbane
399393,Brisbane
399394,Brisbane
399395,Brisbane
399396,Brisbane
399397,Brisbane
399398,Brisbane
399399,Brisbane
399400,Brisbane
399401,Brisbane
399402,Brisbane
399403,Brisbane
399404,Brisbane
399405,Brisbane
399406,Brisbane
399407,Brisbane
399408,Sydney
399409,Brisbane
399410,Brisbane
399411,Brisbane
399412,Brisbane
399413,Brisbane
399414,Brisbane
399415,Brisbane
399416,Brisbane
399417,Brisbane
399418,Brisbane
399419,Brisbane
399420,Brisbane
399421,Brisbane
399422,Brisbane
399423,Brisbane
399424,Perth
399425,Brisbane
399426,Brisbane
399427,Brisbane
399428,Brisbane
399429,Brisbane
399430,Brisbane
399431,Brisbane
399432,Brisbane
399433,Brisbane
399434,Brisbane
399435,Brisbane
399436,Brisbane
399437,Brisbane
399438,Brisbane
399439,Brisbane
399440,Brisbane
399441,Brisbane
399442,Brisbane
399443,Sydney
399444,Brisbane
399445,Brisbane
399446,Brisbane
399447,Brisbane
399448,Brisbane
399449,Perth
399450,Brisbane
399451,Brisbane
399452,Brisbane
399453,Brisbane
399454,Brisbane
399455,Melbourne
399456,Brisbane
399457,Brisbane
399458,Brisbane
399459,Brisbane
399460,Brisbane
399461,Brisbane
399462,Perth
399463,Brisbane
399464,Brisbane
399465,Brisbane
399466,Brisbane
399467,Sydney
399468,Brisbane
399469,Brisbane
399470,Melbourne
399471,Brisbane
399472,Brisbane
399473,Perth
399474,Brisbane
399475,Brisbane
399476,Brisbane
399477,Brisbane
399478,Sydney
399479,Brisbane
399480,Brisbane
399481,Brisbane
399482,Brisbane
399483,Brisbane
399484,Brisbane
399485,Brisbane
399486,Perth
399487,Brisbane
399488,Sydney
399489,Brisbane
399490,Brisbane
399491,Brisbane
399492,Brisbane
399493,Brisbane
399494,Brisbane
399495,Brisbane
399496,Brisbane
399497,Brisbane
399498,Brisbane
399499,Melbourne
399500,Brisbane
399501,Brisbane
399502,Brisbane
399503,Melbourne
399504,Brisbane
399505,Brisbane
399506,Brisbane
399507,Brisbane
399508,Brisbane
399509,Brisbane
399510,Brisbane
399511,Brisbane
399512,Brisbane
399513,Perth
399514,Brisbane
399515,Brisbane
399516,Brisbane
399517,Perth
399518,Brisbane
399519,Brisbane
399520,Brisbane
399521,Brisbane
399522,Brisbane
399523,Brisbane
399524,Brisbane
399525,Sydney
399526,Brisbane
399527,Brisbane
399528,Brisbane
399529,Brisbane
399530,Brisbane
399531,Brisbane
399532,Brisbane
399533,Brisbane
399534,Brisbane
399535,Brisbane
399536,Brisbane
399537,Perth
399538,Brisbane
399539,Brisbane
399540,Brisbane
399541,Brisbane
399542,Brisbane
399543,Brisbane
399544,Brisbane
399545,Brisbane
399546,Brisbane
399547,Sydney
399548,Brisbane
399549,Brisbane
399550,Brisbane
399551,Brisbane
399552,Brisbane
399553,Brisbane
399554,Brisbane
399555,Brisbane
399556,Brisbane
399557,Brisbane
399558,Brisbane
399559,Brisbane
399560,Brisbane
399561,Brisbane
399562,Brisbane
399563,Melbourne
399564,Brisbane
399565,Brisbane
399566,Brisbane
399567,Brisbane
399568,Brisbane
399569,Brisbane
399570,Brisbane
399571,Brisbane
399572,Brisbane
399573,Brisbane
399574,Brisbane
399575,Brisbane
399576,Melbourne
399577,Brisbane
399578,Brisbane
399579,Brisbane
399580,Brisbane
399581,Brisbane
399582,Brisbane
399583,Brisbane
399584,Brisbane
399585,Brisbane
399586,Brisbane
399587,Brisbane
399588,Brisbane
399589,Brisbane
399590,Brisbane
399591,Brisbane
399592,Brisbane
399593,Brisbane
399594,Brisbane
399595,Brisbane
399596,Brisbane
399597,Brisbane
399598,Brisbane
399599,Brisbane
399600,Brisbane
399601,Brisbane
399602,Brisbane
399603,Perth
399604,Brisbane
399605,Brisbane
399606,Brisbane
399607,Brisbane
399608,Brisbane
399609,Brisbane
399610,Brisbane
399611,Brisbane
399612,Brisbane
399613,Brisbane
399614,Brisbane
399615,Brisbane
399616,Brisbane
399617,Sydney
399618,Brisbane
399619,Perth
399620,Brisbane
399621,Brisbane
399622,Brisbane
399623,Brisbane
399624,Brisbane
399625,Brisbane
399626,Brisbane
399627,Brisbane
399628,Brisbane
399629,Brisbane
399630,Brisbane
399631,Sydney
399632,Brisbane
399633,Brisbane
399634,Brisbane
399635,Brisbane
399636,Brisbane
399637,Brisbane
399638,Brisbane
399639,Brisbane
399640,Brisbane
399641,Brisbane
399642,Perth
399643,Brisbane
399644,Brisbane
399645,Brisbane
399646,Brisbane
399647,Brisbane
399648,Brisbane
399649,Brisbane
399650,Brisbane
399651,Brisbane
399652,Brisbane
399653,Brisbane
399654,Brisbane
399655,Brisbane
399656,Brisbane
399657,Brisbane
399658,Brisbane
399659,Brisbane
399660,Brisbane
399661,Brisbane
399662,Melbourne
399663,Brisbane
399664,Brisbane
399665,Sydney
399666,Brisbane
399667,Brisbane
399668,Brisbane
399669,Brisbane
399670,Brisbane
399671,Brisbane
399672,Brisbane
399673,Brisbane
399674,Brisbane
399675,Brisbane
399676,Brisbane
399677,Brisbane
399678,Brisbane
399679,Brisbane
399680,Brisbane
399681,Perth
399682,Brisbane
399683,Brisbane
399684,Brisbane
399685,Brisbane
399686,Brisbane
399687,Brisbane
399688,Brisbane
399689,Brisbane
399690,Brisbane
399691,Brisbane
399692,Brisbane
399693,Brisbane
399694,Brisbane
399695,Brisbane
399696,Brisbane
399697,Brisbane
399698,Perth
399699,Sydney
399700,Brisbane
399701,Brisbane
399702,Brisbane
399703,Brisbane
399704,Brisbane
399705,Brisbane
399706,Brisbane
399707,Brisbane
399708,Brisbane
399709,Brisbane
399710,Perth
399711,Brisbane
399712,Brisbane
399713,Brisbane
399714,Brisbane
399715,Brisbane
399716,Brisbane
399717,Brisbane
399718,Melbourne
399719,Brisbane
399720,Brisbane
399721,Brisbane
399722,Brisbane
399723,Brisbane
399724,Brisbane
399725,Brisbane
399726,Brisbane
399727,Brisbane
399728,Brisbane
399729,Perth
399730,Brisbane
399731,Brisbane
399732,Brisbane
399733,Sydney
399734,Brisbane
399735,Brisbane
399736,Brisbane
399737,Brisbane
399738,Brisbane
399739,Brisbane
399740,Brisbane
399741,Brisbane
399742,Brisbane
399743,Brisbane
399744,Brisbane
399745,Brisbane
399746,Brisbane
399747,Brisbane
399748,Brisbane
399749,Brisbane
399750,Sydney
399751,Brisbane
399752,Brisbane
399753,Brisbane
399754,Perth
399755,Brisbane
399756,Brisbane
399757,Brisbane
399758,Brisbane
399759,Brisbane
399760,Perth
399761,Brisbane
399762,Melbourne
399763,Brisbane
399764,Sydney
399765,Brisbane
399766,Brisbane
399767,Brisbane
399768,Brisbane
399769,Brisbane
399770,Brisbane
399771,Brisbane
399772,Brisbane
399773,Brisbane
399774,Brisbane
399775,Brisbane
399776,Brisbane
399777,Brisbane
399778,Brisbane
399779,Brisbane
399780,Brisbane
399781,Brisbane
399782,Perth
399783,Brisbane
399784,Brisbane
399785,Brisbane
399786,Brisbane
399787,Sydney
399788,Brisbane
399789,Brisbane
399790,Brisbane
399791,Brisbane
399792,Brisbane
399793,Brisbane
399794,Brisbane
399795,Perth
399796,Brisbane
399797,Brisbane
399798,Perth
399799,Brisbane
399800,Brisbane
399801,Brisbane
399802,Brisbane
399803,Brisbane
399804,Perth
399805,Brisbane
399806,Perth
399807,Brisbane
399808,Brisbane
399809,Brisbane
399810,Brisbane
399811,Brisbane
399812,Perth
399813,Brisbane
399814,Brisbane
399815,Brisbane
399816,Brisbane
399817,Brisbane
399818,Brisbane
399819,Brisbane
399820,Brisbane
399821,Brisbane
399822,Brisbane
399823,Melbourne
399824,Brisbane
399825,Brisbane
399826,Brisbane
399827,Brisbane
399828,Brisbane
399829,Brisbane
399830,Sydney
399831,Brisbane
399832,Brisbane
399833,Brisbane
399834,Brisbane
399835,Brisbane
399836,Perth
399837,Brisbane
399838,Brisbane
399839,Brisbane
399840,Brisbane
399841,Brisbane
399842,Brisbane
399843,Melbourne
399844,Brisbane
399845,Brisbane
399846,Brisbane
399847,Brisbane
399848,Brisbane
399849,Brisbane
399850,Brisbane
399851,Brisbane
399852,Brisbane
399853,Brisbane
399854,Brisbane
399855,Brisbane
399856,Brisbane
399857,Brisbane
399858,Brisbane
399859,Melbourne
399860,Brisbane
399861,Sydney
399862,Brisbane
399863,Brisbane
399864,Brisbane
399865,Brisbane
399866,Brisbane
399867,Brisbane
399868,Brisbane
399869,Brisbane
399870,Brisbane
399871,Brisbane
399872,Brisbane
399873,Perth
399874,Perth
399875,Brisbane
399876,Brisbane
399877,Brisbane
399878,Brisbane
399879,Sydney
399880,Brisbane
399881,Brisbane
399882,Brisbane
399883,Brisbane
399884,Brisbane
399885,Brisbane
399886,Brisbane
399887,Sydney
399888,Brisbane
399889,Brisbane
399890,Brisbane
399891,Brisbane
399892,Brisbane
399893,Brisbane
399894,Brisbane
399895,Brisbane
399896,Brisbane
399897,Brisbane
399898,Brisbane
399899,Brisbane
399900,Brisbane
399901,Brisbane
399902,Brisbane
399903,Brisbane
399904,Sydney
399905,Brisbane
399906,Brisbane
399907,Brisbane
399908,Brisbane
399909,Brisbane
399910,Brisbane
399911,Brisbane
399912,Brisbane
399913,Brisbane
399914,Brisbane
399915,Brisbane
399916,Brisbane
399917,Brisbane
399918,Brisbane
399919,Brisbane
399920,Sydney
399921,Brisbane
399922,Brisbane
399923,Brisbane
399924,Brisbane
399925,Brisbane
399926,Brisbane
399927,Brisbane
399928,Brisbane
399929,Brisbane
399930,Brisbane
399931,Brisbane
399932,Brisbane
399933,Brisbane
399934,Brisbane
399935,Brisbane
399936,Brisbane
399937,Brisbane
399938,Melbourne
399939,Brisbane
399940,Brisbane
399941,Brisbane
399942,Brisbane
399943,Brisbane
399944,Brisbane
399945,Brisbane
399946,Brisbane
399947,Brisbane
399948,Brisbane
399949,Melbourne
399950,Brisbane
399951,Sydney
399952,Brisbane
399953,Brisbane
399954,Brisbane
399955,Brisbane
399956,Brisbane
399957,Brisbane
399958,Brisbane
399959,Brisbane
399960,Melbourne
399961,Brisbane
399962,Brisbane
399963,Brisbane
399964,Brisbane
399965,Brisbane
399966,Brisbane
399967,Brisbane
399968,Brisbane
399969,Brisbane
399970,Brisbane
399971,Brisbane
399972,Perth
399973,Brisbane
399974,Brisbane
399975,Brisbane
399976,Brisbane
399977,Brisbane
399978,Brisbane
399979,Brisbane
399980,Brisbane
399981,Brisbane
399982,Brisbane
399983,Brisbane
399984,Brisbane
399985,Brisbane
399986,Brisbane
399987,Brisbane
399988,Brisbane
399989,Brisbane
399990,Brisbane
399991,Brisbane
399992,Brisbane
399993,Brisbane
399994,Brisbane
399995,Brisbane
399996,Brisbane
399997,Brisbane
399998,Brisbane
399999,Brisbane
3100000,Brisbane
3100001,Brisbane
3100002,Brisbane
3100003,Brisbane
3100004,Brisbane
3100005,Brisbane
3100006,Brisbane
3100007,Brisbane
3100008,Brisbane
3100009,Brisbane
3100010,Brisbane
3100011,Brisbane
3100012,Brisbane
3100013,Brisbane
3100014,Brisbane
3100015,Brisbane
3100016,Brisbane
3100017,Perth
3100018,Brisbane
3100019,Brisbane
3100020,Brisbane
3100021,Brisbane
3100022,Brisbane
3100023,Brisbane
3100024,Brisbane
3100025,Brisbane
3100026,Brisbane
3100027,Brisbane
3100028,Brisbane
3100029,Brisbane
3100030,Brisbane
3100031,Brisbane
3100032,Brisbane
3100033,Brisbane
3100034,Brisbane
3100035,Brisbane
3100036,Brisbane
3100037,Brisbane
3100038,Brisbane
3100039,Melbourne
3100040,Brisbane
3100041,Brisbane
3100042,Brisbane
3100043,Brisbane
3100044,Brisbane
3100045,Brisbane
3100046,Brisbane
3100047,Sydney
3100048,Brisbane
3100049,Brisbane
3100050,Brisbane
3100051,Brisbane
3100052,Brisbane
3100053,Brisbane
3100054,Brisbane
3100055,Brisbane
3100056,Brisbane
3100057,Brisbane
3100058,Brisbane
3100059,Brisbane
3100060,Brisbane
3100061,Brisbane
3100062,Brisbane
3100063,Brisbane
3100064,Brisbane
3100065,Brisbane
3100066,Melbourne
3100067,Brisbane
3100068,Brisbane
3100069,Brisbane
3100070,Brisbane
3100071,Sydney
3100072,Brisbane
3100073,Brisbane
3100074,Brisbane
3100075,Brisbane
3100076,Brisbane
3100077,Brisbane
3100078,Brisbane
3100079,Brisbane
3100080,Brisbane
3100081,Brisbane
3100082,Brisbane
3100083,Brisbane
3100084,Brisbane
3100085,Brisbane
3100086,Brisbane
3100087,Brisbane
3100088,Brisbane
3100089,Brisbane
3100090,Brisbane
3100091,Brisbane
3100092,Brisbane
3100093,Brisbane
3100094,Brisbane
3100095,Brisbane
3100096,Brisbane
3100097,Brisbane
3100098,Brisbane
3100099,Brisbane
3100100,Brisbane
3100101,Brisbane
3100102,Brisbane
3100103,Brisbane
3100104,Brisbane
3100105,Brisbane
3100106,Brisbane
3100107,Brisbane
3100108,Brisbane
3100109,Brisbane
3100110,Brisbane
3100111,Brisbane
3100112,Brisbane
3100113,Brisbane
3100114,Brisbane
3100115,Brisbane
3100116,Brisbane
3100117,Brisbane
3100118,Brisbane
3100119,Brisbane
3100120,Brisbane
3100121,Brisbane
3100122,Brisbane
3100123,Brisbane
3100124,Brisbane
3100125,Brisbane
3100126,Brisbane
3100127,Brisbane
3100128,Brisbane
3100129,Brisbane
3100130,Brisbane
3100131,Sydney
3100132,Brisbane
3100133,Brisbane
3100134,Brisbane
3100135,Brisbane
3100136,Brisbane
3100137,Brisbane
3100138,Brisbane
3100139,Brisbane
3100140,Brisbane
3100141,Brisbane
3100142,Brisbane
3100143,Brisbane
3100144,Brisbane
3100145,Brisbane
3100146,Brisbane
3100147,Brisbane
3100148,Brisbane
3100149,Brisbane
3100150,Brisbane
3100151,Perth
3100152,Perth
3100153,Brisbane
3100154,Brisbane
3100155,Brisbane
3100156,Brisbane
3100157,Brisbane
3100158,Brisbane
3100159,Brisbane
3100160,Brisbane
3100161,Brisbane
3100162,Brisbane
3100163,Brisbane
3100164,Brisbane
3100165,Brisbane
3100166,Brisbane
3100167,Brisbane
3100168,Brisbane
3100169,Brisbane
3100170,Brisbane
3100171,Brisbane
3100172,Brisbane
3100173,Brisbane
3100174,Brisbane
3100175,Brisbane
3100176,Sydney
3100177,Brisbane
3100178,Brisbane
3100179,Brisbane
3100180,Brisbane
3100181,Brisbane
3100182,Brisbane
3100183,Brisbane
3100184,Brisbane
3100185,Brisbane
3100186,Brisbane
3100187,Brisbane
3100188,Brisbane
3100189,Brisbane
3100190,Brisbane
3100191,Melbourne
3100192,Brisbane
3100193,Brisbane
3100194,Brisbane
3100195,Brisbane
3100196,Brisbane
3100197,Brisbane
3100198,Brisbane
3100199,Brisbane
3100200,Brisbane
3100201,Brisbane
3100202,Brisbane
3100203,Brisbane
3100204,Brisbane
3100205,Brisbane
3100206,Brisbane
3100207,Brisbane
3100208,Brisbane
3100209,Brisbane
3100210,Brisbane
3100211,Brisbane
3100212,Brisbane
3100213,Brisbane
3100214,Brisbane
3100215,Brisbane
3100216,Brisbane
3100217,Brisbane
3100218,Brisbane
3100219,Brisbane
3100220,Brisbane
3100221,Brisbane
3100222,Brisbane
3100223,Brisbane
3100224,Brisbane
3100225,Brisbane
3100226,Brisbane
3100227,Brisbane
3100228,Brisbane
3100229,Brisbane
3100230,Brisbane
3100231,Perth
3100232,Brisbane
3100233,Brisbane
3100234,Brisbane
3100235,Brisbane
3100236,Brisbane
3100237,Brisbane
3100238,Brisbane
3100239,Brisbane
3100240,Brisbane
3100241,Brisbane
3100242,Brisbane
3100243,Brisbane
3100244,Brisbane
3100245,Brisbane
3100246,Brisbane
3100247,Brisbane
3100248,Brisbane
3100249,Brisbane
3100250,Brisbane
3100251,Brisbane
3100252,Brisbane
3100253,Brisbane
3100254,Brisbane
3100255,Brisbane
3100256,Brisbane
3100257,Brisbane
3100258,Brisbane
3100259,Brisbane
3100260,Brisbane
3100261,Brisbane
3100262,Perth
3100263,Brisbane
3100264,Brisbane
3100265,Brisbane
3100266,Brisbane
3100267,Brisbane
3100268,Brisbane
3100269,Brisbane
3100270,Brisbane
3100271,Brisbane
3100272,Brisbane
3100273,Brisbane
3100274,Brisbane
3100275,Brisbane
3100276,Brisbane
3100277,Brisbane
3100278,Brisbane
3100279,Brisbane
3100280,Brisbane
3100281,Perth
3100282,Brisbane
3100283,Brisbane
3100284,Brisbane
3100285,Sydney
3100286,Brisbane
3100287,Brisbane
3100288,Brisbane
3100289,Brisbane
3100290,Brisbane
3100291,Brisbane
3100292,Brisbane
3100293,Brisbane
3100294,Brisbane
3100295,Brisbane
3100296,Perth
3100297,Brisbane
3100298,Brisbane
3100299,Brisbane
3100300,Brisbane
3100301,Brisbane
3100302,Brisbane
3100303,Brisbane
3100304,Brisbane
3100305,Brisbane
3100306,Brisbane
3100307,Melbourne
3100308,Brisbane
3100309,Brisbane
3100310,Brisbane
3100311,Brisbane
3100312,Brisbane
3100313,Brisbane
3100314,Brisbane
3100315,Brisbane
3100316,Brisbane
3100317,Brisbane
3100318,Melbourne
3100319,Perth
3100320,Brisbane
3100321,Brisbane
3100322,Brisbane
3100323,Brisbane
3100324,Brisbane
3100325,Brisbane
3100326,Brisbane
3100327,Brisbane
3100328,Brisbane
3100329,Perth
3100330,Brisbane
3100331,Brisbane
3100332,Brisbane
3100333,Brisbane
3100334,Brisbane
3100335,Brisbane
3100336,Brisbane
3100337,Brisbane
3100338,Brisbane
3100339,Brisbane
3100340,Brisbane
3100341,Brisbane
3100342,Brisbane
3100343,Brisbane
3100344,Brisbane
3100345,Brisbane
3100346,Brisbane
3100347,Brisbane
3100348,Brisbane
3100349,Brisbane
3100350,Brisbane
3100351,Brisbane
3100352,Brisbane
3100353,Brisbane
3100354,Brisbane
3100355,Brisbane
3100356,Perth
3100357,Brisbane
3100358,Brisbane
3100359,Brisbane
3100360,Brisbane
3100361,Brisbane
3100362,Brisbane
3100363,Brisbane
3100364,Brisbane
3100365,Brisbane
3100366,Brisbane
3100367,Brisbane
3100368,Brisbane
3100369,Brisbane
3100370,Brisbane
3100371,Brisbane
3100372,Brisbane
3100373,Brisbane
3100374,Brisbane
3100375,Brisbane
3100376,Brisbane
3100377,Brisbane
3100378,Melbourne
3100379,Brisbane
3100380,Brisbane
3100381,Brisbane
3100382,Brisbane
3100383,Brisbane
3100384,Brisbane
3100385,Brisbane
3100386,Brisbane
3100387,Brisbane
3100388,Brisbane
3100389,Brisbane
3100390,Brisbane
3100391,Brisbane
3100392,Brisbane
3100393,Brisbane
3100394,Brisbane
3100395,Brisbane
3100396,Brisbane
3100397,Brisbane
3100398,Brisbane
3100399,Brisbane
3100400,Brisbane
3100401,Brisbane
3100402,Brisbane
3100403,Brisbane
3100404,Brisbane
3100405,Brisbane
3100406,Perth
3100407,Brisbane
3100408,Brisbane
3100409,Brisbane
3100410,Melbourne
3100411,Brisbane
3100412,Sydney
3100413,Sydney
3100414,Brisbane
3100415,Brisbane
3100416,Brisbane
3100417,Brisbane
3100418,Brisbane
3100419,Brisbane
3100420,Brisbane
3100421,Brisbane
3100422,Brisbane
3100423,Brisbane
3100424,Brisbane
3100425,Brisbane
3100426,Brisbane
3100427,Brisbane
3100428,Brisbane
3100429,Brisbane
3100430,Brisbane
3100431,Brisbane
3100432,Brisbane
3100433,Brisbane
3100434,Brisbane
3100435,Brisbane
3100436,Brisbane
3100437,Brisbane
3100438,Brisbane
3100439,Brisbane
3100440,Brisbane
3100441,Brisbane
3100442,Brisbane
3100443,Brisbane
3100444,Brisbane
3100445,Brisbane
3100446,Brisbane
3100447,Brisbane
3100448,Brisbane
3100449,Brisbane
3100450,Brisbane
3100451,Brisbane
3100452,Brisbane
3100453,Brisbane
3100454,Brisbane
3100455,Brisbane
3100456,Brisbane
3100457,Brisbane
3100458,Brisbane
3100459,Brisbane
3100460,Brisbane
3100461,Brisbane
3100462,Sydney
3100463,Brisbane
3100464,Brisbane
3100465,Brisbane
3100466,Brisbane
3100467,Brisbane
3100468,Brisbane
3100469,Brisbane
3100470,Brisbane
3100471,Melbourne
3100472,Perth
3100473,Brisbane
3100474,Brisbane
3100475,Brisbane
3100476,Brisbane
3100477,Brisbane
3100478,Brisbane
3100479,Brisbane
3100480,Brisbane
3100481,Brisbane
3100482,Brisbane
3100483,Sydney
3100484,Brisbane
3100485,Brisbane
3100486,Brisbane
3100487,Brisbane
3100488,Brisbane
3100489,Brisbane
3100490,Brisbane
3100491,Brisbane
3100492,Brisbane
3100493,Brisbane
3100494,Brisbane
3100495,Brisbane
3100496,Brisbane
3100497,Brisbane
3100498,Brisbane
3100499,Brisbane
3100500,Brisbane
3100501,Brisbane
3100502,Brisbane
3100503,Brisbane
3100504,Sydney
3100505,Brisbane
3100506,Brisbane
3100507,Brisbane
3100508,Brisbane
3100509,Brisbane
3100510,Brisbane
3100511,Brisbane
3100512,Brisbane
3100513,Brisbane
3100514,Brisbane
3100515,Melbourne
3100516,Brisbane
3100517,Brisbane
3100518,Brisbane
3100519,Brisbane
3100520,Brisbane
3100521,Brisbane
3100522,Brisbane
3100523,Brisbane
3100524,Brisbane
3100525,Brisbane
3100526,Brisbane
3100527,Brisbane
3100528,Brisbane
3100529,Brisbane
3100530,Brisbane
3100531,Brisbane
3100532,Brisbane
3100533,Brisbane
3100534,Brisbane
3100535,Brisbane
3100536,Brisbane
3100537,Brisbane
3100538,Brisbane
3100539,Brisbane
3100540,Brisbane
3100541,Perth
3100542,Brisbane
3100543,Brisbane
3100544,Brisbane
3100545,Brisbane
3100546,Brisbane
3100547,Brisbane
3100548,Brisbane
3100549,Brisbane
3100550,Brisbane
3100551,Brisbane
3100552,Brisbane
3100553,Brisbane
3100554,Brisbane
3100555,Brisbane
3100556,Brisbane
3100557,Brisbane
3100558,Brisbane
3100559,Brisbane
3100560,Brisbane
3100561,Brisbane
3100562,Brisbane
3100563,Brisbane
3100564,Brisbane
3100565,Brisbane
3100566,Brisbane
3100567,Brisbane
3100568,Brisbane
3100569,Brisbane
3100570,Brisbane
3100571,Brisbane
3100572,Brisbane
3100573,Brisbane
3100574,Perth
3100575,Brisbane
3100576,Brisbane
3100577,Brisbane
3100578,Brisbane
3100579,Brisbane
3100580,Brisbane
3100581,Brisbane
3100582,Brisbane
3100583,Brisbane
3100584,Brisbane
3100585,Brisbane
3100586,Brisbane
3100587,Brisbane
3100588,Brisbane
3100589,Brisbane
3100590,Brisbane
3100591,Brisbane
3100592,Brisbane
3100593,Brisbane
3100594,Brisbane
3100595,Brisbane
3100596,Brisbane
3100597,Brisbane
3100598,Brisbane
3100599,Brisbane
3100600,Brisbane
3100601,Brisbane
3100602,Brisbane
3100603,Brisbane
3100604,Brisbane
3100605,Brisbane
3100606,Brisbane
3100607,Brisbane
3100608,Brisbane
3100609,Brisbane
3100610,Brisbane
3100611,Brisbane
3100612,Brisbane
3100613,Brisbane
3100614,Brisbane
3100615,Brisbane
3100616,Brisbane
3100617,Brisbane
3100618,Brisbane
3100619,Brisbane
3100620,Brisbane
3100621,Brisbane
3100622,Brisbane
3100623,Brisbane
3100624,Perth
3100625,Brisbane
3100626,Brisbane
3100627,Brisbane
3100628,Brisbane
3100629,Brisbane
3100630,Brisbane
3100631,Brisbane
3100632,Sydney
3100633,Brisbane
3100634,Brisbane
3100635,Brisbane
3100636,Brisbane
3100637,Brisbane
3100638,Brisbane
3100639,Brisbane
3100640,Brisbane
3100641,Brisbane
3100642,Brisbane
3100643,Brisbane
3100644,Brisbane
3100645,Brisbane
3100646,Brisbane
3100647,Brisbane
3100648,Brisbane
3100649,Brisbane
3100650,Brisbane
3100651,Brisbane
3100652,Perth
3100653,Brisbane
3100654,Brisbane
3100655,Brisbane
3100656,Brisbane
3100657,Brisbane
3100658,Brisbane
3100659,Brisbane
3100660,Brisbane
3100661,Brisbane
3100662,Perth
3100663,Brisbane
3100664,Brisbane
3100665,Brisbane
3100666,Brisbane
3100667,Brisbane
3100668,Brisbane
3100669,Brisbane
3100670,Brisbane
3100671,Brisbane
3100672,Brisbane
3100673,Brisbane
3100674,Brisbane
3100675,Brisbane
3100676,Brisbane
3100677,Brisbane
3100678,Brisbane
3100679,Brisbane
3100680,Brisbane
3100681,Brisbane
3100682,Brisbane
3100683,Brisbane
3100684,Brisbane
3100685,Brisbane
3100686,Brisbane
3100687,Brisbane
3100688,Brisbane
3100689,Brisbane
3100690,Brisbane
3100691,Brisbane
3100692,Brisbane
3100693,Brisbane
3100694,Brisbane
3100695,Brisbane
3100696,Brisbane
3100697,Brisbane
3100698,Brisbane
3100699,Brisbane
3100700,Brisbane
3100701,Brisbane
3100702,Brisbane
3100703,Brisbane
3100704,Brisbane
3100705,Brisbane
3100706,Brisbane
3100707,Brisbane
3100708,Brisbane
3100709,Brisbane
3100710,Brisbane
3100711,Brisbane
3100712,Brisbane
3100713,Brisbane
3100714,Brisbane
3100715,Brisbane
3100716,Brisbane
3100717,Brisbane
3100718,Brisbane
3100719,Sydney
3100720,Perth
3100721,Brisbane
3100722,Brisbane
3100723,Brisbane
3100724,Brisbane
3100725,Brisbane
3100726,Brisbane
3100727,Brisbane
3100728,Brisbane
3100729,Brisbane
3100730,Brisbane
3100731,Brisbane
3100732,Brisbane
3100733,Brisbane
3100734,Brisbane
3100735,Brisbane
3100736,Brisbane
3100737,Brisbane
3100738,Brisbane
3100739,Brisbane
3100740,Brisbane
3100741,Brisbane
3100742,Brisbane
3100743,Brisbane
3100744,Brisbane
3100745,Brisbane
3100746,Brisbane
3100747,Brisbane
3100748,Brisbane
3100749,Brisbane
3100750,Brisbane
3100751,Brisbane
3100752,Brisbane
3100753,Brisbane
3100754,Brisbane
3100755,Brisbane
3100756,Brisbane
3100757,Brisbane
3100758,Brisbane
3100759,Brisbane
3100760,Brisbane
3100761,Brisbane
3100762,Brisbane
3100763,Brisbane
3100764,Brisbane
3100765,Brisbane
3100766,Brisbane
3100767,Brisbane
3100768,Brisbane
3100769,Brisbane
3100770,Brisbane
3100771,Brisbane
3100772,Brisbane
3100773,Brisbane
3100774,Brisbane
3100775,Brisbane
3100776,Brisbane
3100777,Brisbane
3100778,Brisbane
3100779,Brisbane
3100780,Sydney
3100781,Brisbane
3100782,Brisbane
3100783,Brisbane
3100784,Brisbane
3100785,Brisbane
3100786,Brisbane
3100787,Brisbane
3100788,Sydney
3100789,Brisbane
3100790,Brisbane
3100791,Brisbane
3100792,Brisbane
3100793,Brisbane
3100794,Brisbane
3100795,Brisbane
3100796,Brisbane
3100797,Brisbane
3100798,Brisbane
3100799,Brisbane
3100800,Brisbane
3100801,Brisbane
3100802,Brisbane
3100803,Brisbane
3100804,Brisbane
3100805,Brisbane
3100806,Brisbane
3100807,Brisbane
3100808,Brisbane
3100809,Brisbane
3100810,Brisbane
3100811,Melbourne
3100812,Brisbane
3100813,Brisbane
3100814,Brisbane
3100815,Brisbane
3100816,Brisbane
3100817,Brisbane
3100818,Brisbane
3100819,Brisbane
3100820,Brisbane
3100821,Brisbane
3100822,Brisbane
3100823,Brisbane
3100824,Perth
3100825,Brisbane
3100826,Brisbane
3100827,Brisbane
3100828,Brisbane
3100829,Brisbane
3100830,Brisbane
3100831,Brisbane
3100832,Brisbane
3100833,Brisbane
3100834,Brisbane
3100835,Brisbane
3100836,Brisbane
3100837,Brisbane
3100838,Brisbane
3100839,Brisbane
3100840,Brisbane
3100841,Brisbane
3100842,Brisbane
3100843,Brisbane
3100844,Brisbane
3100845,Brisbane
3100846,Brisbane
3100847,Brisbane
3100848,Brisbane
3100849,Brisbane
3100850,Brisbane
3100851,Brisbane
3100852,Brisbane
3100853,Brisbane
3100854,Brisbane
3100855,Brisbane
3100856,Brisbane
3100857,Brisbane
3100858,Brisbane
3100859,Brisbane
3100860,Brisbane
3100861,Brisbane
3100862,Brisbane
3100863,Brisbane
3100864,Brisbane
3100865,Sydney
3100866,Brisbane
3100867,Brisbane
3100868,Brisbane
3100869,Brisbane
3100870,Brisbane
3100871,Brisbane
3100872,Brisbane
3100873,Brisbane
3100874,Brisbane
3100875,Brisbane
3100876,Brisbane
3100877,Brisbane
3100878,Brisbane
3100879,Brisbane
3100880,Brisbane
3100881,Brisbane
3100882,Brisbane
3100883,Brisbane
3100884,Brisbane
3100885,Brisbane
3100886,Brisbane
3100887,Brisbane
3100888,Brisbane
3100889,Brisbane
3100890,Brisbane
3100891,Brisbane
3100892,Brisbane
3100893,Brisbane
3100894,Brisbane
3100895,Brisbane
3100896,Brisbane
3100897,Brisbane
3100898,Brisbane
3100899,Brisbane
3100900,Brisbane
3100901,Brisbane
3100902,Brisbane
3100903,Brisbane
3100904,Brisbane
3100905,Brisbane
3100906,Brisbane
3100907,Brisbane
3100908,Brisbane
3100909,Brisbane
3100910,Brisbane
3100911,Brisbane
3100912,Brisbane
3100913,Brisbane
3100914,Brisbane
3100915,Brisbane
3100916,Brisbane
3100917,Brisbane
3100918,Brisbane
3100919,Brisbane
3100920,Brisbane
3100921,Brisbane
3100922,Brisbane
3100923,Brisbane
3100924,Brisbane
3100925,Brisbane
3100926,Brisbane
3100927,Brisbane
3100928,Brisbane
3100929,Brisbane
3100930,Brisbane
3100931,Brisbane
3100932,Brisbane
3100933,Brisbane
3100934,Brisbane
3100935,Brisbane
3100936,Brisbane
3100937,Brisbane
3100938,Perth
3100939,Brisbane
3100940,Brisbane
3100941,Brisbane
3100942,Brisbane
3100943,Brisbane
3100944,Brisbane
3100945,Brisbane
3100946,Brisbane
3100947,Brisbane
3100948,Brisbane
3100949,Brisbane
3100950,Brisbane
3100951,Brisbane
3100952,Melbourne
3100953,Brisbane
3100954,Brisbane
3100955,Brisbane
3100956,Sydney
3100957,Brisbane
3100958,Brisbane
3100959,Brisbane
3100960,Brisbane
3100961,Perth
3100962,Brisbane
3100963,Brisbane
3100964,Brisbane
3100965,Perth
3100966,Brisbane
3100967,Perth
3100968,Brisbane
3100969,Brisbane
3100970,Brisbane
3100971,Brisbane
3100972,Brisbane
3100973,Perth
3100974,Brisbane
3100975,Brisbane
3100976,Brisbane
3100977,Brisbane
3100978,Brisbane
3100979,Brisbane
3100980,Brisbane
3100981,Brisbane
3100982,Brisbane
3100983,Brisbane
3100984,Brisbane
3100985,Brisbane
3100986,Brisbane
3100987,Brisbane
3100988,Brisbane
3100989,Brisbane
3100990,Brisbane
3100991,Brisbane
3100992,Brisbane
3100993,Brisbane
3100994,Brisbane
3100995,Brisbane
3100996,Brisbane
3100997,Brisbane
3100998,Brisbane
3100999,Brisbane
3101000,Brisbane
3101001,Brisbane
3101002,Brisbane
3101003,Brisbane
3101004,Perth
3101005,Brisbane
3101006,Brisbane
3101007,Brisbane
3101008,Brisbane
3101009,Brisbane
3101010,Brisbane
3101011,Brisbane
3101012,Brisbane
3101013,Brisbane
3101014,Brisbane
3101015,Brisbane
3101016,Brisbane
3101017,Brisbane
3101018,Brisbane
3101019,Brisbane
3101020,Brisbane
3101021,Brisbane
3101022,Brisbane
3101023,Brisbane
3101024,Brisbane
3101025,Brisbane
3101026,Brisbane
3101027,Brisbane
3101028,Brisbane
3101029,Brisbane
3101030,Brisbane
3101031,Brisbane
3101032,Brisbane
3101033,Brisbane
3101034,Brisbane
3101035,Brisbane
3101036,Brisbane
3101037,Brisbane
3101038,Brisbane
3101039,Brisbane
3101040,Brisbane
3101041,Brisbane
3101042,Brisbane
3101043,Brisbane
3101044,Brisbane
3101045,Brisbane
3101046,Brisbane
3101047,Brisbane
3101048,Brisbane
3101049,Brisbane
3101050,Brisbane
3101051,Brisbane
3101052,Brisbane
3101053,Brisbane
3101054,Brisbane
3101055,Brisbane
3101056,Brisbane
3101057,Brisbane
3101058,Brisbane
3101059,Brisbane
3101060,Brisbane
3101061,Brisbane
3101062,Brisbane
3101063,Brisbane
3101064,Brisbane
3101065,Brisbane
3101066,Brisbane
3101067,Brisbane
3101068,Brisbane
3101069,Brisbane
3101070,Brisbane
3101071,Brisbane
3101072,Brisbane
3101073,Brisbane
3101074,Brisbane
3101075,Brisbane
3101076,Brisbane
3101077,Brisbane
3101078,Brisbane
3101079,Brisbane
3101080,Brisbane
3101081,Brisbane
3101082,Brisbane
3101083,Brisbane
3101084,Brisbane
3101085,Brisbane
3101086,Brisbane
3101087,Brisbane
3101088,Brisbane
3101089,Brisbane
3101090,Brisbane
3101091,Brisbane
3101092,Brisbane
3101093,Brisbane
3101094,Brisbane
3101095,Brisbane
3101096,Brisbane
3101097,Brisbane
3101098,Brisbane
3101099,Brisbane
3101100,Brisbane
3101101,Brisbane
3101102,Brisbane
3101103,Brisbane
3101104,Brisbane
3101105,Brisbane
3101106,Brisbane
3101107,Brisbane
3101108,Brisbane
3101109,Brisbane
3101110,Brisbane
3101111,Brisbane
3101112,Brisbane
3101113,Brisbane
3101114,Brisbane
3101115,Brisbane
3101116,Brisbane
3101117,Brisbane
3101118,Brisbane
3101119,Brisbane
3101120,Brisbane
3101121,Brisbane
3101122,Brisbane
3101123,Brisbane
3101124,Brisbane
3101125,Brisbane
3101126,Brisbane
3101127,Brisbane
3101128,Brisbane
3101129,Brisbane
3101130,Brisbane
3101131,Brisbane
3101132,Sydney
3101133,Brisbane
3101134,Brisbane
3101135,Brisbane
3101136,Brisbane
3101137,Brisbane
3101138,Brisbane
3101139,Brisbane
3101140,Brisbane
3101141,Brisbane
3101142,Brisbane
3101143,Brisbane
3101144,Brisbane
3101145,Brisbane
3101146,Brisbane
3101147,Brisbane
3101148,Brisbane
3101149,Brisbane
3101150,Brisbane
3101151,Brisbane
3101152,Brisbane
3101153,Brisbane
3101154,Brisbane
3101155,Brisbane
3101156,Brisbane
3101157,Brisbane
3101158,Brisbane
3101159,Brisbane
3101160,Brisbane
3101161,Brisbane
3101162,Brisbane
3101163,Brisbane
3101164,Brisbane
3101165,Brisbane
3101166,Brisbane
3101167,Brisbane
3101168,Brisbane
3101169,Brisbane
3101170,Perth
3101171,Brisbane
3101172,Brisbane
3101173,Brisbane
3101174,Brisbane
3101175,Brisbane
3101176,Brisbane
3101177,Brisbane
3101178,Brisbane
3101179,Brisbane
3101180,Brisbane
3101181,Brisbane
3101182,Brisbane
3101183,Brisbane
3101184,Brisbane
3101185,Brisbane
3101186,Brisbane
3101187,Brisbane
3101188,Brisbane
3101189,Brisbane
3101190,Brisbane
3101191,Brisbane
3101192,Brisbane
3101193,Brisbane
3101194,Brisbane
3101195,Brisbane
3101196,Brisbane
3101197,Brisbane
3101198,Brisbane
3101199,Brisbane
3101200,Brisbane
3101201,Perth
3101202,Brisbane
3101203,Brisbane
3101204,Brisbane
3101205,Brisbane
3101206,Brisbane
3101207,Brisbane
3101208,Brisbane
3101209,Brisbane
3101210,Brisbane
3101211,Brisbane
3101212,Brisbane
3101213,Brisbane
3101214,Brisbane
3101215,Sydney
3101216,Brisbane
3101217,Brisbane
3101218,Brisbane
3101219,Brisbane
3101220,Brisbane
3101221,Brisbane
3101222,Brisbane
3101223,Brisbane
3101224,Brisbane
3101225,Brisbane
3101226,Brisbane
3101227,Brisbane
3101228,Brisbane
3101229,Brisbane
3101230,Brisbane
3101231,Brisbane
3101232,Brisbane
3101233,Brisbane
3101234,Brisbane
3101235,Brisbane
3101236,Brisbane
3101237,Brisbane
3101238,Brisbane
3101239,Brisbane
3101240,Brisbane
3101241,Brisbane
3101242,Brisbane
3101243,Brisbane
3101244,Brisbane
3101245,Perth
3101246,Brisbane
3101247,Brisbane
3101248,Brisbane
3101249,Brisbane
3101250,Brisbane
3101251,Brisbane
3101252,Brisbane
3101253,Brisbane
3101254,Brisbane
3101255,Brisbane
3101256,Brisbane
3101257,Brisbane
3101258,Perth
3101259,Brisbane
3101260,Brisbane
3101261,Brisbane
3101262,Brisbane
3101263,Brisbane
3101264,Brisbane
3101265,Brisbane
3101266,Brisbane
3101267,Brisbane
3101268,Brisbane
3101269,Brisbane
3101270,Brisbane
3101271,Brisbane
3101272,Brisbane
3101273,Brisbane
3101274,Brisbane
3101275,Brisbane
3101276,Brisbane
3101277,Brisbane
3101278,Brisbane
3101279,Brisbane
3101280,Brisbane
3101281,Brisbane
3101282,Brisbane
3101283,Brisbane
3101284,Brisbane
3101285,Brisbane
3101286,Brisbane
3101287,Brisbane
3101288,Brisbane
3101289,Brisbane
3101290,Brisbane
3101291,Brisbane
3101292,Brisbane
3101293,Brisbane
3101294,Brisbane
3101295,Brisbane
3101296,Brisbane
3101297,Brisbane
3101298,Sydney
3101299,Brisbane
3101300,Brisbane
3101301,Brisbane
3101302,Brisbane
3101303,Brisbane
3101304,Perth
3101305,Brisbane
3101306,Brisbane
3101307,Brisbane
3101308,Brisbane
3101309,Brisbane
3101310,Brisbane
3101311,Brisbane
3101312,Brisbane
3101313,Brisbane
3101314,Brisbane
3101315,Brisbane
3101316,Brisbane
3101317,Brisbane
3101318,Brisbane
3101319,Brisbane
3101320,Brisbane
3101321,Brisbane
3101322,Brisbane
3101323,Brisbane
3101324,Brisbane
3101325,Brisbane
3101326,Brisbane
3101327,Sydney
3101328,Brisbane
3101329,Brisbane
3101330,Brisbane
3101331,Brisbane
3101332,Brisbane
3101333,Brisbane
3101334,Brisbane
3101335,Brisbane
3101336,Brisbane
3101337,Sydney
3101338,Brisbane
3101339,Brisbane
3101340,Brisbane
3101341,Brisbane
3101342,Brisbane
3101343,Brisbane
3101344,Perth
3101345,Sydney
3101346,Brisbane
3101347,Brisbane
3101348,Brisbane
3101349,Brisbane
3101350,Melbourne
3101351,Brisbane
3101352,Brisbane
3101353,Brisbane
3101354,Brisbane
3101355,Brisbane
3101356,Brisbane
3101357,Brisbane
3101358,Brisbane
3101359,Brisbane
3101360,Brisbane
3101361,Brisbane
3101362,Brisbane
3101363,Brisbane
3101364,Brisbane
3101365,Brisbane
3101366,Brisbane
3101367,Brisbane
3101368,Brisbane
3101369,Brisbane
3101370,Brisbane
3101371,Brisbane
3101372,Perth
3101373,Sydney
3101374,Brisbane
3101375,Brisbane
3101376,Brisbane
3101377,Brisbane
3101378,Brisbane
3101379,Brisbane
3101380,Brisbane
3101381,Brisbane
3101382,Brisbane
3101383,Brisbane
3101384,Brisbane
3101385,Brisbane
3101386,Brisbane
3101387,Brisbane
3101388,Brisbane
3101389,Brisbane
3101390,Brisbane
3101391,Sydney
3101392,Brisbane
3101393,Brisbane
3101394,Brisbane
3101395,Brisbane
3101396,Brisbane
3101397,Brisbane
3101398,Brisbane
3101399,Brisbane
3101400,Brisbane
3101401,Brisbane
3101402,Brisbane
3101403,Brisbane
3101404,Brisbane
3101405,Brisbane
3101406,Brisbane
3101407,Brisbane
3101408,Brisbane
3101409,Brisbane
3101410,Sydney
3101411,Brisbane
3101412,Brisbane
3101413,Brisbane
3101414,Brisbane
3101415,Brisbane
3101416,Perth
3101417,Brisbane
3101418,Brisbane
3101419,Sydney
3101420,Brisbane
3101421,Brisbane
3101422,Brisbane
3101423,Brisbane
3101424,Brisbane
3101425,Brisbane
3101426,Brisbane
3101427,Brisbane
3101428,Brisbane
3101429,Brisbane
3101430,Perth
3101431,Brisbane
3101432,Brisbane
3101433,Brisbane
3101434,Brisbane
3101435,Brisbane
3101436,Brisbane
3101437,Brisbane
3101438,Brisbane
3101439,Brisbane
3101440,Brisbane
3101441,Brisbane
3101442,Brisbane
3101443,Melbourne
3101444,Brisbane
3101445,Brisbane
3101446,Brisbane
3101447,Brisbane
3101448,Brisbane
3101449,Brisbane
3101450,Brisbane
3101451,Brisbane
3101452,Brisbane
3101453,Brisbane
3101454,Brisbane
3101455,Brisbane
3101456,Brisbane
3101457,Brisbane
3101458,Brisbane
3101459,Brisbane
3101460,Brisbane
3101461,Brisbane
3101462,Brisbane
3101463,Brisbane
3101464,Brisbane
3101465,Brisbane
3101466,Brisbane
3101467,Brisbane
3101468,Brisbane
3101469,Brisbane
3101470,Brisbane
3101471,Brisbane
3101472,Brisbane
3101473,Sydney
3101474,Brisbane
3101475,Brisbane
3101476,Brisbane
3101477,Brisbane
3101478,Brisbane
3101479,Brisbane
3101480,Perth
3101481,Brisbane
3101482,Brisbane
3101483,Brisbane
3101484,Sydney
3101485,Brisbane
3101486,Brisbane
3101487,Brisbane
3101488,Brisbane
3101489,Brisbane
3101490,Brisbane
3101491,Brisbane
3101492,Brisbane
3101493,Brisbane
3101494,Brisbane
3101495,Brisbane
3101496,Brisbane
3101497,Brisbane
3101498,Brisbane
3101499,Brisbane
3101500,Brisbane
3101501,Brisbane
3101502,Brisbane
3101503,Brisbane
3101504,Brisbane
3101505,Brisbane
3101506,Brisbane
3101507,Brisbane
3101508,Brisbane
3101509,Brisbane
3101510,Brisbane
3101511,Brisbane
3101512,Brisbane
3101513,Brisbane
3101514,Brisbane
3101515,Brisbane
3101516,Brisbane
3101517,Brisbane
3101518,Brisbane
3101519,Brisbane
3101520,Brisbane
3101521,Brisbane
3101522,Brisbane
3101523,Brisbane
3101524,Brisbane
3101525,Brisbane
3101526,Brisbane
3101527,Perth
3101528,Brisbane
3101529,Brisbane
3101530,Brisbane
3101531,Brisbane
3101532,Brisbane
3101533,Sydney
3101534,Brisbane
3101535,Brisbane
3101536,Brisbane
3101537,Brisbane
3101538,Brisbane
3101539,Brisbane
3101540,Brisbane
3101541,Brisbane
3101542,Brisbane
3101543,Brisbane
3101544,Brisbane
3101545,Brisbane
3101546,Brisbane
3101547,Brisbane
3101548,Brisbane
3101549,Brisbane
3101550,Brisbane
3101551,Brisbane
3101552,Brisbane
3101553,Brisbane
3101554,Brisbane
3101555,Brisbane
3101556,Brisbane
3101557,Brisbane
3101558,Brisbane
3101559,Brisbane
3101560,Sydney
3101561,Brisbane
3101562,Brisbane
3101563,Brisbane
3101564,Brisbane
3101565,Brisbane
3101566,Brisbane
3101567,Brisbane
3101568,Brisbane
3101569,Brisbane
3101570,Brisbane
3101571,Brisbane
3101572,Brisbane
3101573,Brisbane
3101574,Perth
3101575,Brisbane
3101576,Brisbane
3101577,Brisbane
3101578,Brisbane
3101579,Brisbane
3101580,Brisbane
3101581,Brisbane
3101582,Sydney
3101583,Brisbane
3101584,Brisbane
3101585,Brisbane
3101586,Brisbane
3101587,Brisbane
3101588,Melbourne
3101589,Brisbane
3101590,Brisbane
3101591,Brisbane
3101592,Brisbane
3101593,Brisbane
3101594,Brisbane
3101595,Brisbane
3101596,Brisbane
3101597,Brisbane
3101598,Brisbane
3101599,Brisbane
3101600,Brisbane
3101601,Brisbane
3101602,Brisbane
3101603,Brisbane
3101604,Brisbane
3101605,Brisbane
3101606,Brisbane
3101607,Brisbane
3101608,Brisbane
3101609,Brisbane
3101610,Brisbane
3101611,Brisbane
3101612,Brisbane
3101613,Brisbane
3101614,Brisbane
3101615,Sydney
3101616,Brisbane
3101617,Brisbane
3101618,Brisbane
3101619,Brisbane
3101620,Brisbane
3101621,Brisbane
3101622,Brisbane
3101623,Brisbane
3101624,Brisbane
3101625,Brisbane
3101626,Brisbane
3101627,Brisbane
3101628,Brisbane
3101629,Brisbane
3101630,Brisbane
3101631,Brisbane
3101632,Brisbane
3101633,Brisbane
3101634,Brisbane
3101635,Brisbane
3101636,Brisbane
3101637,Brisbane
3101638,Brisbane
3101639,Brisbane
3101640,Brisbane
3101641,Brisbane
3101642,Brisbane
3101643,Brisbane
3101644,Brisbane
3101645,Brisbane
3101646,Brisbane
3101647,Brisbane
3101648,Brisbane
3101649,Brisbane
3101650,Brisbane
3101651,Brisbane
3101652,Brisbane
3101653,Brisbane
3101654,Brisbane
3101655,Brisbane
3101656,Brisbane
3101657,Brisbane
3101658,Brisbane
3101659,Brisbane
3101660,Brisbane
3101661,Brisbane
3101662,Brisbane
3101663,Brisbane
3101664,Brisbane
3101665,Sydney
3101666,Perth
3101667,Brisbane
3101668,Brisbane
3101669,Brisbane
3101670,Brisbane
3101671,Brisbane
3101672,Brisbane
3101673,Brisbane
3101674,Brisbane
3101675,Brisbane
3101676,Brisbane
3101677,Brisbane
3101678,Brisbane
3101679,Brisbane
3101680,Brisbane
3101681,Brisbane
3101682,Brisbane
3101683,Brisbane
3101684,Brisbane
3101685,Brisbane
3101686,Brisbane
3101687,Brisbane
3101688,Brisbane
3101689,Brisbane
3101690,Brisbane
3101691,Brisbane
3101692,Brisbane
3101693,Perth
3101694,Brisbane
3101695,Brisbane
3101696,Brisbane
3101697,Brisbane
3101698,Brisbane
3101699,Brisbane
3101700,Brisbane
3101701,Brisbane
3101702,Brisbane
3101703,Brisbane
3101704,Brisbane
3101705,Brisbane
3101706,Brisbane
3101707,Brisbane
3101708,Brisbane
3101709,Brisbane
3101710,Brisbane
3101711,Brisbane
3101712,Brisbane
3101713,Brisbane
3101714,Brisbane
3101715,Brisbane
3101716,Brisbane
3101717,Brisbane
3101718,Brisbane
3101719,Brisbane
3101720,Brisbane
3101721,Brisbane
3101722,Brisbane
3101723,Brisbane
3101724,Brisbane
3101725,Perth
3101726,Brisbane
3101727,Brisbane
3101728,Brisbane
3101729,Brisbane
3101730,Brisbane
3101731,Brisbane
3101732,Brisbane
3101733,Brisbane
3101734,Brisbane
3101735,Brisbane
3101736,Melbourne
3101737,Brisbane
3101738,Brisbane
3101739,Brisbane
3101740,Brisbane
3101741,Brisbane
3101742,Brisbane
3101743,Brisbane
3101744,Brisbane
3101745,Brisbane
3101746,Brisbane
3101747,Brisbane
3101748,Brisbane
3101749,Brisbane
3101750,Brisbane
3101751,Brisbane
3101752,Brisbane
3101753,Brisbane
3101754,Brisbane
3101755,Brisbane
3101756,Brisbane
3101757,Brisbane
3101758,Brisbane
3101759,Brisbane
3101760,Brisbane
3101761,Brisbane
3101762,Brisbane
3101763,Brisbane
3101764,Brisbane
3101765,Brisbane
3101766,Brisbane
3101767,Brisbane
3101768,Brisbane
3101769,Brisbane
3101770,Brisbane
3101771,Brisbane
3101772,Brisbane
3101773,Brisbane
3101774,Brisbane
3101775,Brisbane
3101776,Brisbane
3101777,Brisbane
3101778,Brisbane
3101779,Brisbane
3101780,Brisbane
3101781,Brisbane
3101782,Brisbane
3101783,Brisbane
3101784,Brisbane
3101785,Brisbane
3101786,Brisbane
3101787,Brisbane
3101788,Brisbane
3101789,Brisbane
3101790,Brisbane
3101791,Brisbane
3101792,Brisbane
3101793,Brisbane
3101794,Brisbane
3101795,Brisbane
3101796,Brisbane
3101797,Brisbane
3101798,Brisbane
3101799,Brisbane
3101800,Brisbane
3101801,Brisbane
3101802,Brisbane
3101803,Melbourne
3101804,Brisbane
3101805,Brisbane
3101806,Brisbane
3101807,Brisbane
3101808,Brisbane
3101809,Brisbane
3101810,Brisbane
3101811,Brisbane
3101812,Brisbane
3101813,Brisbane
3101814,Brisbane
3101815,Brisbane
3101816,Brisbane
3101817,Brisbane
3101818,Brisbane
3101819,Brisbane
3101820,Brisbane
3101821,Brisbane
3101822,Brisbane
3101823,Brisbane
3101824,Brisbane
3101825,Brisbane
3101826,Brisbane
3101827,Brisbane
3101828,Brisbane
3101829,Brisbane
3101830,Brisbane
3101831,Brisbane
3101832,Brisbane
3101833,Brisbane
3101834,Brisbane
3101835,Brisbane
3101836,Brisbane
3101837,Brisbane
3101838,Perth
3101839,Brisbane
3101840,Brisbane
3101841,Brisbane
3101842,Brisbane
3101843,Brisbane
3101844,Brisbane
3101845,Brisbane
3101846,Brisbane
3101847,Brisbane
3101848,Brisbane
3101849,Brisbane
3101850,Brisbane
3101851,Brisbane
3101852,Brisbane
3101853,Brisbane
3101854,Brisbane
3101855,Brisbane
3101856,Sydney
3101857,Brisbane
3101858,Brisbane
3101859,Brisbane
3101860,Brisbane
3101861,Brisbane
3101862,Brisbane
3101863,Brisbane
3101864,Brisbane
3101865,Brisbane
3101866,Brisbane
3101867,Sydney
3101868,Brisbane
3101869,Brisbane
3101870,Brisbane
3101871,Brisbane
3101872,Brisbane
3101873,Brisbane
3101874,Brisbane
3101875,Brisbane
3101876,Brisbane
3101877,Perth
3101878,Brisbane
3101879,Brisbane
3101880,Brisbane
3101881,Brisbane
3101882,Brisbane
3101883,Brisbane
3101884,Brisbane
3101885,Brisbane
3101886,Brisbane
3101887,Brisbane
3101888,Brisbane
3101889,Brisbane
3101890,Brisbane
3101891,Brisbane
3101892,Brisbane
3101893,Brisbane
3101894,Brisbane
3101895,Brisbane
3101896,Brisbane
3101897,Brisbane
3101898,Brisbane
3101899,Brisbane
3101900,Brisbane
3101901,Brisbane
3101902,Brisbane
3101903,Brisbane
3101904,Perth
3101905,Brisbane
3101906,Brisbane
3101907,Brisbane
3101908,Brisbane
3101909,Brisbane
3101910,Brisbane
3101911,Brisbane
3101912,Perth
3101913,Brisbane
3101914,Brisbane
3101915,Brisbane
3101916,Brisbane
3101917,Brisbane
3101918,Brisbane
3101919,Brisbane
3101920,Brisbane
3101921,Brisbane
3101922,Brisbane
3101923,Brisbane
3101924,Brisbane
3101925,Brisbane
3101926,Brisbane
3101927,Brisbane
3101928,Brisbane
3101929,Brisbane
3101930,Brisbane
3101931,Brisbane
3101932,Brisbane
3101933,Brisbane
3101934,Brisbane
3101935,Perth
3101936,Brisbane
3101937,Perth
3101938,Brisbane
3101939,Brisbane
3101940,Brisbane
3101941,Brisbane
3101942,Brisbane
3101943,Brisbane
3101944,Sydney
3101945,Brisbane
3101946,Brisbane
3101947,Brisbane
3101948,Brisbane
3101949,Brisbane
3101950,Brisbane
3101951,Brisbane
3101952,Brisbane
3101953,Brisbane
3101954,Perth
3101955,Brisbane
3101956,Brisbane
3101957,Brisbane
3101958,Brisbane
3101959,Brisbane
3101960,Brisbane
3101961,Brisbane
3101962,Brisbane
3101963,Brisbane
3101964,Brisbane
3101965,Brisbane
3101966,Brisbane
3101967,Brisbane
3101968,Perth
3101969,Brisbane
3101970,Brisbane
3101971,Perth
3101972,Brisbane
3101973,Brisbane
3101974,Brisbane
3101975,Brisbane
3101976,Brisbane
3101977,Brisbane
3101978,Brisbane
3101979,Brisbane
3101980,Brisbane
3101981,Brisbane
3101982,Brisbane
3101983,Brisbane
3101984,Brisbane
3101985,Brisbane
3101986,Brisbane
3101987,Brisbane
3101988,Brisbane
3101989,Brisbane
3101990,Brisbane
3101991,Brisbane
3101992,Brisbane
3101993,Brisbane
3101994,Brisbane
3101995,Brisbane
3101996,Brisbane
3101997,Brisbane
3101998,Brisbane
3101999,Brisbane
3102000,Brisbane
3102001,Brisbane
3102002,Brisbane
3102003,Brisbane
3102004,Brisbane
3102005,Brisbane
3102006,Brisbane
3102007,Brisbane
3102008,Brisbane
3102009,Brisbane
3102010,Brisbane
3102011,Brisbane
3102012,Brisbane
3102013,Brisbane
3102014,Brisbane
3102015,Brisbane
3102016,Brisbane
3102017,Brisbane
3102018,Brisbane
3102019,Brisbane
3102020,Brisbane
3102021,Brisbane
3102022,Brisbane
3102023,Brisbane
3102024,Brisbane
3102025,Brisbane
3102026,Brisbane
3102027,Brisbane
3102028,Brisbane
3102029,Brisbane
3102030,Brisbane
3102031,Brisbane
3102032,Brisbane
3102033,Brisbane
3102034,Brisbane
3102035,Brisbane
3102036,Brisbane
3102037,Brisbane
3102038,Brisbane
3102039,Brisbane
3102040,Brisbane
3102041,Brisbane
3102042,Brisbane
3102043,Brisbane
3102044,Brisbane
3102045,Perth
3102046,Brisbane
3102047,Brisbane
3102048,Brisbane
3102049,Brisbane
3102050,Brisbane
3102051,Brisbane
3102052,Brisbane
3102053,Brisbane
3102054,Brisbane
3102055,Brisbane
3102056,Brisbane
3102057,Brisbane
3102058,Brisbane
3102059,Brisbane
3102060,Brisbane
3102061,Brisbane
3102062,Brisbane
3102063,Brisbane
3102064,Brisbane
3102065,Brisbane
3102066,Brisbane
3102067,Brisbane
3102068,Perth
3102069,Brisbane
3102070,Brisbane
3102071,Brisbane
3102072,Perth
3102073,Brisbane
3102074,Brisbane
3102075,Brisbane
3102076,Brisbane
3102077,Brisbane
3102078,Brisbane
3102079,Brisbane
3102080,Melbourne
3102081,Brisbane
3102082,Brisbane
3102083,Brisbane
3102084,Brisbane
3102085,Brisbane
3102086,Brisbane
3102087,Brisbane
3102088,Melbourne
3102089,Brisbane
3102090,Brisbane
3102091,Brisbane
3102092,Brisbane
3102093,Perth
3102094,Brisbane
3102095,Brisbane
3102096,Brisbane
3102097,Brisbane
3102098,Brisbane
3102099,Sydney
3102100,Brisbane
3102101,Brisbane
3102102,Brisbane
3102103,Brisbane
3102104,Brisbane
3102105,Brisbane
3102106,Brisbane
3102107,Brisbane
3102108,Brisbane
3102109,Brisbane
3102110,Brisbane
3102111,Brisbane
3102112,Brisbane
3102113,Brisbane
3102114,Brisbane
3102115,Brisbane
3102116,Brisbane
3102117,Brisbane
3102118,Brisbane
3102119,Brisbane
3102120,Brisbane
3102121,Brisbane
3102122,Brisbane
3102123,Brisbane
3102124,Brisbane
3102125,Brisbane
3102126,Brisbane
3102127,Brisbane
3102128,Brisbane
3102129,Brisbane
3102130,Brisbane
3102131,Brisbane
3102132,Sydney
3102133,Brisbane
3102134,Brisbane
3102135,Brisbane
3102136,Brisbane
3102137,Brisbane
3102138,Brisbane
3102139,Brisbane
3102140,Brisbane
3102141,Brisbane
3102142,Brisbane
3102143,Brisbane
3102144,Brisbane
3102145,Brisbane
3102146,Brisbane
3102147,Brisbane
3102148,Brisbane
3102149,Brisbane
3102150,Brisbane
3102151,Brisbane
3102152,Brisbane
3102153,Brisbane
3102154,Brisbane
3102155,Brisbane
3102156,Brisbane
3102157,Brisbane
3102158,Sydney
3102159,Brisbane
3102160,Brisbane
3102161,Melbourne
3102162,Brisbane
3102163,Brisbane
3102164,Brisbane
3102165,Brisbane
3102166,Brisbane
3102167,Brisbane
3102168,Brisbane
3102169,Brisbane
3102170,Brisbane
3102171,Brisbane
3102172,Melbourne
3102173,Brisbane
3102174,Brisbane
3102175,Brisbane
3102176,Brisbane
3102177,Brisbane
3102178,Brisbane
3102179,Brisbane
3102180,Brisbane
3102181,Brisbane
3102182,Brisbane
3102183,Brisbane
3102184,Brisbane
3102185,Brisbane
3102186,Brisbane
3102187,Brisbane
3102188,Brisbane
3102189,Brisbane
3102190,Perth
3102191,Brisbane
3102192,Brisbane
3102193,Brisbane
3102194,Brisbane
3102195,Brisbane
3102196,Brisbane
3102197,Melbourne
3102198,Brisbane
3102199,Brisbane
3102200,Brisbane
3102201,Brisbane
3102202,Brisbane
3102203,Brisbane
3102204,Brisbane
3102205,Sydney
3102206,Brisbane
3102207,Brisbane
3102208,Brisbane
3102209,Brisbane
3102210,Brisbane
3102211,Brisbane
3102212,Brisbane
3102213,Brisbane
3102214,Brisbane
3102215,Brisbane
3102216,Brisbane
3102217,Brisbane
3102218,Brisbane
3102219,Brisbane
3102220,Brisbane
3102221,Brisbane
3102222,Brisbane
3102223,Brisbane
3102224,Brisbane
3102225,Brisbane
3102226,Brisbane
3102227,Brisbane
3102228,Brisbane
3102229,Brisbane
3102230,Brisbane
3102231,Brisbane
3102232,Brisbane
3102233,Brisbane
3102234,Brisbane
3102235,Brisbane
3102236,Brisbane
3102237,Brisbane
3102238,Brisbane
3102239,Brisbane
3102240,Brisbane
3102241,Brisbane
3102242,Brisbane
3102243,Brisbane
3102244,Brisbane
3102245,Brisbane
3102246,Brisbane
3102247,Brisbane
3102248,Brisbane
3102249,Brisbane
3102250,Brisbane
3102251,Brisbane
3102252,Brisbane
3102253,Brisbane
3102254,Brisbane
3102255,Brisbane
3102256,Brisbane
3102257,Brisbane
3102258,Brisbane
3102259,Brisbane
3102260,Brisbane
3102261,Brisbane
3102262,Brisbane
3102263,Brisbane
3102264,Brisbane
3102265,Brisbane
3102266,Brisbane
3102267,Brisbane
3102268,Brisbane
3102269,Brisbane
3102270,Brisbane
3102271,Brisbane
3102272,Brisbane
3102273,Brisbane
3102274,Brisbane
3102275,Brisbane
3102276,Brisbane
3102277,Brisbane
3102278,Sydney
3102279,Brisbane
3102280,Brisbane
3102281,Brisbane
3102282,Brisbane
3102283,Brisbane
3102284,Brisbane
3102285,Brisbane
3102286,Brisbane
3102287,Brisbane
3102288,Brisbane
3102289,Brisbane
3102290,Brisbane
3102291,Brisbane
3102292,Brisbane
3102293,Brisbane
3102294,Brisbane
3102295,Brisbane
3102296,Brisbane
3102297,Brisbane
3102298,Brisbane
3102299,Brisbane
3102300,Perth
3102301,Brisbane
3102302,Brisbane
3102303,Brisbane
3102304,Brisbane
3102305,Brisbane
3102306,Brisbane
3102307,Brisbane
3102308,Brisbane
3102309,Brisbane
3102310,Brisbane
3102311,Brisbane
3102312,Brisbane
3102313,Brisbane
3102314,Brisbane
3102315,Brisbane
3102316,Brisbane
3102317,Brisbane
3102318,Brisbane
3102319,Sydney
3102320,Brisbane
3102321,Brisbane
3102322,Brisbane
3102323,Brisbane
3102324,Brisbane
3102325,Brisbane
3102326,Brisbane
3102327,Brisbane
3102328,Brisbane
3102329,Perth
3102330,Brisbane
3102331,Brisbane
3102332,Brisbane
3102333,Brisbane
3102334,Brisbane
3102335,Brisbane
3102336,Brisbane
3102337,Brisbane
3102338,Perth
3102339,Sydney
3102340,Brisbane
3102341,Brisbane
3102342,Brisbane
3102343,Brisbane
3102344,Brisbane
3102345,Brisbane
3102346,Brisbane
3102347,Brisbane
3102348,Brisbane
3102349,Brisbane
3102350,Brisbane
3102351,Brisbane
3102352,Brisbane
3102353,Brisbane
3102354,Brisbane
3102355,Brisbane
3102356,Brisbane
3102357,Brisbane
3102358,Brisbane
3102359,Brisbane
3102360,Brisbane
3102361,Brisbane
3102362,Brisbane
3102363,Brisbane
3102364,Brisbane
3102365,Brisbane
3102366,Brisbane
3102367,Brisbane
3102368,Perth
3102369,Brisbane
3102370,Brisbane
3102371,Brisbane
3102372,Brisbane
3102373,Sydney
3102374,Brisbane
3102375,Brisbane
3102376,Brisbane
3102377,Brisbane
3102378,Brisbane
3102379,Brisbane
3102380,Brisbane
3102381,Brisbane
3102382,Brisbane
3102383,Brisbane
3102384,Brisbane
3102385,Brisbane
3102386,Brisbane
3102387,Brisbane
3102388,Brisbane
3102389,Brisbane
3102390,Brisbane
3102391,Brisbane
3102392,Brisbane
3102393,Brisbane
3102394,Brisbane
3102395,Brisbane
3102396,Brisbane
3102397,Brisbane
3102398,Brisbane
3102399,Brisbane
3102400,Brisbane
3102401,Brisbane
3102402,Brisbane
3102403,Brisbane
3102404,Brisbane
3102405,Brisbane
3102406,Brisbane
3102407,Brisbane
3102408,Brisbane
3102409,Brisbane
3102410,Brisbane
3102411,Brisbane
3102412,Brisbane
3102413,Brisbane
3102414,Brisbane
3102415,Brisbane
3102416,Brisbane
3102417,Brisbane
3102418,Brisbane
3102419,Brisbane
3102420,Brisbane
3102421,Brisbane
3102422,Brisbane
3102423,Brisbane
3102424,Brisbane
3102425,Brisbane
3102426,Brisbane
3102427,Brisbane
3102428,Brisbane
3102429,Brisbane
3102430,Brisbane
3102431,Brisbane
3102432,Brisbane
3102433,Brisbane
3102434,Brisbane
3102435,Brisbane
3102436,Brisbane
3102437,Brisbane
3102438,Brisbane
3102439,Brisbane
3102440,Brisbane
3102441,Brisbane
3102442,Brisbane
3102443,Brisbane
3102444,Brisbane
3102445,Brisbane
3102446,Brisbane
3102447,Brisbane
3102448,Brisbane
3102449,Brisbane
3102450,Brisbane
3102451,Brisbane
3102452,Brisbane
3102453,Brisbane
3102454,Brisbane
3102455,Brisbane
3102456,Brisbane
3102457,Brisbane
3102458,Brisbane
3102459,Brisbane
3102460,Brisbane
3102461,Melbourne
3102462,Brisbane
3102463,Brisbane
3102464,Brisbane
3102465,Sydney
3102466,Brisbane
3102467,Brisbane
3102468,Brisbane
3102469,Brisbane
3102470,Brisbane
3102471,Brisbane
3102472,Brisbane
3102473,Brisbane
3102474,Brisbane
3102475,Brisbane
3102476,Brisbane
3102477,Brisbane
3102478,Brisbane
3102479,Brisbane
3102480,Brisbane
3102481,Brisbane
3102482,Brisbane
3102483,Brisbane
3102484,Brisbane
3102485,Brisbane
3102486,Brisbane
3102487,Brisbane
3102488,Brisbane
3102489,Brisbane
3102490,Brisbane
3102491,Brisbane
3102492,Brisbane
3102493,Brisbane
3102494,Brisbane
3102495,Brisbane
3102496,Brisbane
3102497,Brisbane
3102498,Perth
3102499,Brisbane
3102500,Brisbane
3102501,Brisbane
3102502,Brisbane
3102503,Brisbane
3102504,Brisbane
3102505,Brisbane
3102506,Brisbane
3102507,Brisbane
3102508,Brisbane
3102509,Brisbane
3102510,Brisbane
3102511,Brisbane
3102512,Melbourne
3102513,Brisbane
3102514,Brisbane
3102515,Brisbane
3102516,Brisbane
3102517,Brisbane
3102518,Brisbane
3102519,Brisbane
3102520,Brisbane
3102521,Brisbane
3102522,Brisbane
3102523,Brisbane
3102524,Brisbane
3102525,Brisbane
3102526,Brisbane
3102527,Brisbane
3102528,Brisbane
3102529,Brisbane
3102530,Brisbane
3102531,Brisbane
3102532,Brisbane
3102533,Brisbane
3102534,Brisbane
3102535,Brisbane
3102536,Brisbane
3102537,Brisbane
3102538,Brisbane
3102539,Brisbane
3102540,Brisbane
3102541,Brisbane
3102542,Brisbane
3102543,Brisbane
3102544,Brisbane
3102545,Brisbane
3102546,Brisbane
3102547,Brisbane
3102548,Brisbane
3102549,Brisbane
3102550,Brisbane
3102551,Brisbane
3102552,Brisbane
3102553,Brisbane
3102554,Brisbane
3102555,Brisbane
3102556,Brisbane
3102557,Brisbane
3102558,Brisbane
3102559,Brisbane
3102560,Brisbane
3102561,Brisbane
3102562,Brisbane
3102563,Brisbane
3102564,Brisbane
3102565,Brisbane
3102566,Brisbane
3102567,Brisbane
3102568,Brisbane
3102569,Brisbane
3102570,Brisbane
3102571,Brisbane
3102572,Brisbane
3102573,Brisbane
3102574,Brisbane
3102575,Brisbane
3102576,Brisbane
3102577,Brisbane
3102578,Brisbane
3102579,Brisbane
3102580,Brisbane
3102581,Brisbane
3102582,Brisbane
3102583,Brisbane
3102584,Brisbane
3102585,Brisbane
3102586,Brisbane
3102587,Brisbane
3102588,Brisbane
3102589,Brisbane
3102590,Brisbane
3102591,Brisbane
3102592,Brisbane
3102593,Brisbane
3102594,Brisbane
3102595,Brisbane
3102596,Brisbane
3102597,Brisbane
3102598,Brisbane
3102599,Brisbane
3102600,Brisbane
3102601,Brisbane
3102602,Melbourne
3102603,Brisbane
3102604,Brisbane
3102605,Brisbane
3102606,Brisbane
3102607,Brisbane
3102608,Brisbane
3102609,Brisbane
3102610,Brisbane
3102611,Brisbane
3102612,Brisbane
3102613,Brisbane
3102614,Brisbane
3102615,Brisbane
3102616,Brisbane
3102617,Brisbane
3102618,Brisbane
3102619,Brisbane
3102620,Brisbane
3102621,Brisbane
3102622,Brisbane
3102623,Brisbane
3102624,Brisbane
3102625,Sydney
3102626,Brisbane
3102627,Brisbane
3102628,Brisbane
3102629,Brisbane
3102630,Brisbane
3102631,Brisbane
3102632,Brisbane
3102633,Brisbane
3102634,Brisbane
3102635,Brisbane
3102636,Brisbane
3102637,Brisbane
3102638,Brisbane
3102639,Brisbane
3102640,Brisbane
3102641,Brisbane
3102642,Brisbane
3102643,Brisbane
3102644,Brisbane
3102645,Brisbane
3102646,Brisbane
3102647,Brisbane
3102648,Brisbane
3102649,Brisbane
3102650,Brisbane
3102651,Brisbane
3102652,Brisbane
3102653,Brisbane
3102654,Brisbane
3102655,Brisbane
3102656,Brisbane
3102657,Brisbane
3102658,Brisbane
3102659,Brisbane
3102660,Brisbane
3102661,Brisbane
3102662,Brisbane
3102663,Brisbane
3102664,Brisbane
3102665,Brisbane
3102666,Brisbane
3102667,Brisbane
3102668,Brisbane
3102669,Brisbane
3102670,Melbourne
3102671,Brisbane
3102672,Brisbane
3102673,Brisbane
3102674,Sydney
3102675,Brisbane
3102676,Brisbane
3102677,Brisbane
3102678,Brisbane
3102679,Brisbane
3102680,Brisbane
3102681,Brisbane
3102682,Brisbane
3102683,Brisbane
3102684,Brisbane
3102685,Brisbane
3102686,Brisbane
3102687,Brisbane
3102688,Brisbane
3102689,Brisbane
3102690,Brisbane
3102691,Brisbane
3102692,Brisbane
3102693,Brisbane
3102694,Brisbane
3102695,Brisbane
3102696,Brisbane
3102697,Brisbane
3102698,Brisbane
3102699,Brisbane
3102700,Brisbane
3102701,Brisbane
3102702,Brisbane
3102703,Brisbane
3102704,Brisbane
3102705,Brisbane
3102706,Sydney
3102707,Brisbane
3102708,Brisbane
3102709,Brisbane
3102710,Brisbane
3102711,Brisbane
3102712,Brisbane
3102713,Brisbane
3102714,Brisbane
3102715,Brisbane
3102716,Brisbane
3102717,Brisbane
3102718,Brisbane
3102719,Brisbane
3102720,Brisbane
3102721,Brisbane
3102722,Brisbane
3102723,Melbourne
3102724,Brisbane
3102725,Brisbane
3102726,Brisbane
3102727,Brisbane
3102728,Brisbane
3102729,Brisbane
3102730,Brisbane
3102731,Brisbane
3102732,Brisbane
3102733,Brisbane
3102734,Brisbane
3102735,Brisbane
3102736,Brisbane
3102737,Brisbane
3102738,Brisbane
3102739,Brisbane
3102740,Brisbane
3102741,Brisbane
3102742,Brisbane
3102743,Brisbane
3102744,Brisbane
3102745,Brisbane
3102746,Brisbane
3102747,Brisbane
3102748,Brisbane
3102749,Brisbane
3102750,Brisbane
3102751,Brisbane
3102752,Brisbane
3102753,Brisbane
3102754,Brisbane
3102755,Brisbane
3102756,Brisbane
3102757,Brisbane
3102758,Brisbane
3102759,Brisbane
3102760,Brisbane
3102761,Brisbane
3102762,Brisbane
3102763,Brisbane
3102764,Perth
3102765,Brisbane
3102766,Brisbane
3102767,Brisbane
3102768,Brisbane
3102769,Brisbane
3102770,Brisbane
3102771,Brisbane
3102772,Melbourne
3102773,Brisbane
3102774,Brisbane
3102775,Brisbane
3102776,Brisbane
3102777,Brisbane
3102778,Brisbane
3102779,Brisbane
3102780,Brisbane
3102781,Brisbane
3102782,Brisbane
3102783,Brisbane
3102784,Brisbane
3102785,Brisbane
3102786,Brisbane
3102787,Brisbane
3102788,Brisbane
3102789,Brisbane
3102790,Brisbane
3102791,Brisbane
3102792,Brisbane
3102793,Brisbane
3102794,Brisbane
3102795,Brisbane
3102796,Brisbane
3102797,Perth
3102798,Brisbane
3102799,Brisbane
3102800,Brisbane
3102801,Brisbane
3102802,Brisbane
3102803,Brisbane
3102804,Brisbane
3102805,Brisbane
3102806,Brisbane
3102807,Brisbane
3102808,Brisbane
3102809,Brisbane
3102810,Brisbane
3102811,Brisbane
3102812,Brisbane
3102813,Brisbane
3102814,Brisbane
3102815,Brisbane
3102816,Brisbane
3102817,Brisbane
3102818,Brisbane
3102819,Brisbane
3102820,Brisbane
3102821,Perth
3102822,Brisbane
3102823,Brisbane
3102824,Brisbane
3102825,Brisbane
3102826,Brisbane
3102827,Brisbane
3102828,Brisbane
3102829,Brisbane
3102830,Brisbane
3102831,Sydney
3102832,Brisbane
3102833,Brisbane
3102834,Brisbane
3102835,Brisbane
3102836,Brisbane
3102837,Brisbane
3102838,Brisbane
3102839,Brisbane
3102840,Brisbane
3102841,Brisbane
3102842,Brisbane
3102843,Brisbane
3102844,Brisbane
3102845,Brisbane
3102846,Brisbane
3102847,Brisbane
3102848,Brisbane
3102849,Brisbane
3102850,Brisbane
3102851,Brisbane
3102852,Brisbane
3102853,Brisbane
3102854,Brisbane
3102855,Brisbane
3102856,Brisbane
3102857,Brisbane
3102858,Brisbane
3102859,Brisbane
3102860,Brisbane
3102861,Brisbane
3102862,Sydney
3102863,Brisbane
3102864,Perth
3102865,Brisbane
3102866,Brisbane
3102867,Brisbane
3102868,Perth
3102869,Brisbane
3102870,Brisbane
3102871,Brisbane
3102872,Brisbane
3102873,Brisbane
3102874,Brisbane
3102875,Brisbane
3102876,Brisbane
3102877,Brisbane
3102878,Brisbane
3102879,Brisbane
3102880,Brisbane
3102881,Brisbane
3102882,Brisbane
3102883,Brisbane
3102884,Brisbane
3102885,Brisbane
3102886,Brisbane
3102887,Brisbane
3102888,Brisbane
3102889,Brisbane
3102890,Brisbane
3102891,Brisbane
3102892,Brisbane
3102893,Sydney
3102894,Brisbane
3102895,Brisbane
3102896,Brisbane
3102897,Brisbane
3102898,Brisbane
3102899,Brisbane
3102900,Brisbane
3102901,Brisbane
3102902,Brisbane
3102903,Brisbane
3102904,Brisbane
3102905,Sydney
3102906,Brisbane
3102907,Brisbane
3102908,Brisbane
3102909,Brisbane
3102910,Brisbane
3102911,Brisbane
3102912,Brisbane
3102913,Brisbane
3102914,Brisbane
3102915,Melbourne
3102916,Brisbane
3102917,Brisbane
3102918,Brisbane
3102919,Brisbane
3102920,Brisbane
3102921,Brisbane
3102922,Brisbane
3102923,Brisbane
3102924,Brisbane
3102925,Brisbane
3102926,Brisbane
3102927,Brisbane
3102928,Brisbane
3102929,Brisbane
3102930,Brisbane
3102931,Brisbane
3102932,Brisbane
3102933,Brisbane
3102934,Brisbane
3102935,Brisbane
3102936,Brisbane
3102937,Brisbane
3102938,Brisbane
3102939,Brisbane
3102940,Brisbane
3102941,Brisbane
3102942,Brisbane
3102943,Brisbane
3102944,Brisbane
3102945,Brisbane
3102946,Brisbane
3102947,Brisbane
3102948,Brisbane
3102949,Brisbane
3102950,Brisbane
3102951,Brisbane
3102952,Brisbane
3102953,Perth
3102954,Brisbane
3102955,Brisbane
3102956,Brisbane
3102957,Brisbane
3102958,Brisbane
3102959,Brisbane
3102960,Brisbane
3102961,Brisbane
3102962,Brisbane
3102963,Brisbane
3102964,Brisbane
3102965,Brisbane
3102966,Brisbane
3102967,Brisbane
3102968,Brisbane
3102969,Brisbane
3102970,Brisbane
3102971,Brisbane
3102972,Brisbane
3102973,Brisbane
3102974,Perth
3102975,Brisbane
3102976,Brisbane
3102977,Brisbane
3102978,Brisbane
3102979,Brisbane
3102980,Brisbane
3102981,Brisbane
3102982,Perth
3102983,Brisbane
3102984,Brisbane
3102985,Brisbane
3102986,Brisbane
3102987,Brisbane
3102988,Brisbane
3102989,Brisbane
3102990,Brisbane
3102991,Brisbane
3102992,Brisbane
3102993,Brisbane
3102994,Brisbane
3102995,Brisbane
3102996,Brisbane
3102997,Brisbane
3102998,Brisbane
3102999,Brisbane
3103000,Brisbane
3103001,Brisbane
3103002,Brisbane
3103003,Brisbane
3103004,Brisbane
3103005,Brisbane
3103006,Brisbane
3103007,Brisbane
3103008,Brisbane
3103009,Brisbane
3103010,Brisbane
3103011,Brisbane
3103012,Brisbane
3103013,Brisbane
3103014,Brisbane
3103015,Brisbane
3103016,Brisbane
3103017,Brisbane
3103018,Brisbane
3103019,Brisbane
3103020,Brisbane
3103021,Brisbane
3103022,Brisbane
3103023,Brisbane
3103024,Brisbane
3103025,Brisbane
3103026,Brisbane
3103027,Brisbane
3103028,Brisbane
3103029,Brisbane
3103030,Brisbane
3103031,Brisbane
3103032,Sydney
3103033,Brisbane
3103034,Brisbane
3103035,Perth
3103036,Brisbane
3103037,Brisbane
3103038,Brisbane
3103039,Brisbane
3103040,Brisbane
3103041,Brisbane
3103042,Brisbane
3103043,Brisbane
3103044,Brisbane
3103045,Brisbane
3103046,Brisbane
3103047,Brisbane
3103048,Brisbane
3103049,Brisbane
3103050,Brisbane
3103051,Brisbane
3103052,Brisbane
3103053,Brisbane
3103054,Sydney
3103055,Brisbane
3103056,Brisbane
3103057,Brisbane
3103058,Brisbane
3103059,Brisbane
3103060,Brisbane
3103061,Brisbane
3103062,Brisbane
3103063,Brisbane
3103064,Brisbane
3103065,Brisbane
3103066,Brisbane
3103067,Brisbane
3103068,Brisbane
3103069,Brisbane
3103070,Brisbane
3103071,Brisbane
3103072,Brisbane
3103073,Brisbane
3103074,Brisbane
3103075,Brisbane
3103076,Brisbane
3103077,Brisbane
3103078,Brisbane
3103079,Brisbane
3103080,Brisbane
3103081,Brisbane
3103082,Brisbane
3103083,Brisbane
3103084,Brisbane
3103085,Brisbane
3103086,Brisbane
3103087,Brisbane
3103088,Brisbane
3103089,Brisbane
3103090,Brisbane
3103091,Brisbane
3103092,Brisbane
3103093,Brisbane
3103094,Brisbane
3103095,Brisbane
3103096,Melbourne
3103097,Brisbane
3103098,Brisbane
3103099,Brisbane
3103100,Brisbane
3103101,Brisbane
3103102,Brisbane
3103103,Brisbane
3103104,Brisbane
3103105,Brisbane
3103106,Brisbane
3103107,Brisbane
3103108,Brisbane
3103109,Brisbane
3103110,Brisbane
3103111,Brisbane
3103112,Brisbane
3103113,Brisbane
3103114,Brisbane
3103115,Brisbane
3103116,Brisbane
3103117,Brisbane
3103118,Brisbane
3103119,Brisbane
3103120,Brisbane
3103121,Brisbane
3103122,Brisbane
3103123,Brisbane
3103124,Perth
3103125,Sydney
3103126,Brisbane
3103127,Perth
3103128,Brisbane
3103129,Brisbane
3103130,Brisbane
3103131,Brisbane
3103132,Sydney
3103133,Brisbane
3103134,Brisbane
3103135,Brisbane
3103136,Brisbane
3103137,Brisbane
3103138,Brisbane
3103139,Perth
3103140,Brisbane
3103141,Brisbane
3103142,Brisbane
3103143,Brisbane
3103144,Sydney
3103145,Brisbane
3103146,Brisbane
3103147,Brisbane
3103148,Brisbane
3103149,Brisbane
3103150,Brisbane
3103151,Brisbane
3103152,Brisbane
3103153,Brisbane
3103154,Brisbane
3103155,Brisbane
3103156,Brisbane
3103157,Brisbane
3103158,Brisbane
3103159,Brisbane
3103160,Brisbane
3103161,Brisbane
3103162,Brisbane
3103163,Brisbane
3103164,Brisbane
3103165,Brisbane
3103166,Brisbane
3103167,Brisbane
3103168,Brisbane
3103169,Brisbane
3103170,Perth
3103171,Brisbane
3103172,Brisbane
3103173,Brisbane
3103174,Brisbane
3103175,Brisbane
3103176,Brisbane
3103177,Brisbane
3103178,Brisbane
3103179,Sydney
3103180,Brisbane
3103181,Brisbane
3103182,Brisbane
3103183,Brisbane
3103184,Brisbane
3103185,Brisbane
3103186,Brisbane
3103187,Brisbane
3103188,Brisbane
3103189,Brisbane
3103190,Brisbane
3103191,Brisbane
3103192,Brisbane
3103193,Brisbane
3103194,Brisbane
3103195,Brisbane
3103196,Sydney
3103197,Brisbane
3103198,Perth
3103199,Brisbane
3103200,Brisbane
3103201,Brisbane
3103202,Brisbane
3103203,Brisbane
3103204,Brisbane
3103205,Brisbane
3103206,Brisbane
3103207,Brisbane
3103208,Brisbane
3103209,Brisbane
3103210,Brisbane
3103211,Brisbane
3103212,Brisbane
3103213,Brisbane
3103214,Brisbane
3103215,Brisbane
3103216,Brisbane
3103217,Brisbane
3103218,Brisbane
3103219,Brisbane
3103220,Perth
3103221,Perth
3103222,Brisbane
3103223,Brisbane
3103224,Brisbane
3103225,Brisbane
3103226,Brisbane
3103227,Brisbane
3103228,Brisbane
3103229,Brisbane
3103230,Brisbane
3103231,Brisbane
3103232,Brisbane
3103233,Brisbane
3103234,Brisbane
3103235,Brisbane
3103236,Brisbane
3103237,Brisbane
3103238,Brisbane
3103239,Brisbane
3103240,Brisbane
3103241,Brisbane
3103242,Brisbane
3103243,Brisbane
3103244,Brisbane
3103245,Brisbane
3103246,Perth
3103247,Brisbane
3103248,Brisbane
3103249,Brisbane
3103250,Brisbane
3103251,Brisbane
3103252,Brisbane
3103253,Brisbane
3103254,Brisbane
3103255,Brisbane
3103256,Brisbane
3103257,Brisbane
3103258,Sydney
3103259,Brisbane
3103260,Brisbane
3103261,Brisbane
3103262,Brisbane
3103263,Brisbane
3103264,Brisbane
3103265,Brisbane
3103266,Brisbane
3103267,Brisbane
3103268,Brisbane
3103269,Brisbane
3103270,Brisbane
3103271,Brisbane
3103272,Brisbane
3103273,Brisbane
3103274,Brisbane
3103275,Brisbane
3103276,Brisbane
3103277,Brisbane
3103278,Brisbane
3103279,Brisbane
3103280,Brisbane
3103281,Brisbane
3103282,Brisbane
3103283,Brisbane
3103284,Brisbane
3103285,Brisbane
3103286,Brisbane
3103287,Brisbane
3103288,Brisbane
3103289,Brisbane
3103290,Brisbane
3103291,Melbourne
3103292,Brisbane
3103293,Brisbane
3103294,Brisbane
3103295,Perth
3103296,Brisbane
3103297,Brisbane
3103298,Brisbane
3103299,Brisbane
3103300,Brisbane
3103301,Brisbane
3103302,Brisbane
3103303,Brisbane
3103304,Brisbane
3103305,Brisbane
3103306,Brisbane
3103307,Brisbane
3103308,Brisbane
3103309,Brisbane
3103310,Brisbane
3103311,Brisbane
3103312,Brisbane
3103313,Brisbane
3103314,Brisbane
3103315,Sydney
3103316,Brisbane
3103317,Melbourne
3103318,Brisbane
3103319,Brisbane
3103320,Brisbane
3103321,Brisbane
3103322,Brisbane
3103323,Brisbane
3103324,Sydney
3103325,Brisbane
3103326,Brisbane
3103327,Brisbane
3103328,Brisbane
3103329,Brisbane
3103330,Brisbane
3103331,Brisbane
3103332,Brisbane
3103333,Brisbane
3103334,Brisbane
3103335,Brisbane
3103336,Brisbane
3103337,Brisbane
3103338,Brisbane
3103339,Brisbane
3103340,Brisbane
3103341,Brisbane
3103342,Brisbane
3103343,Brisbane
3103344,Brisbane
3103345,Brisbane
3103346,Brisbane
3103347,Brisbane
3103348,Brisbane
3103349,Brisbane
3103350,Sydney
3103351,Brisbane
3103352,Brisbane
3103353,Brisbane
3103354,Brisbane
3103355,Brisbane
3103356,Brisbane
3103357,Brisbane
3103358,Brisbane
3103359,Brisbane
3103360,Brisbane
3103361,Brisbane
3103362,Brisbane
3103363,Brisbane
3103364,Brisbane
3103365,Brisbane
3103366,Brisbane
3103367,Brisbane
3103368,Brisbane
3103369,Brisbane
3103370,Brisbane
3103371,Brisbane
3103372,Brisbane
3103373,Brisbane
3103374,Brisbane
3103375,Brisbane
3103376,Brisbane
3103377,Brisbane
3103378,Brisbane
3103379,Brisbane
3103380,Perth
3103381,Brisbane
3103382,Brisbane
3103383,Brisbane
3103384,Brisbane
3103385,Brisbane
3103386,Brisbane
3103387,Brisbane
3103388,Brisbane
3103389,Brisbane
3103390,Brisbane
3103391,Brisbane
3103392,Brisbane
3103393,Brisbane
3103394,Brisbane
3103395,Brisbane
3103396,Brisbane
3103397,Brisbane
3103398,Brisbane
3103399,Brisbane
3103400,Brisbane
3103401,Brisbane
3103402,Brisbane
3103403,Brisbane
3103404,Brisbane
3103405,Brisbane
3103406,Brisbane
3103407,Brisbane
3103408,Brisbane
3103409,Brisbane
3103410,Brisbane
3103411,Brisbane
3103412,Brisbane
3103413,Brisbane
3103414,Brisbane
3103415,Brisbane
3103416,Brisbane
3103417,Brisbane
3103418,Brisbane
3103419,Brisbane
3103420,Brisbane
3103421,Brisbane
3103422,Brisbane
3103423,Brisbane
3103424,Brisbane
3103425,Brisbane
3103426,Brisbane
3103427,Brisbane
3103428,Brisbane
3103429,Brisbane
3103430,Brisbane
3103431,Brisbane
3103432,Brisbane
3103433,Brisbane
3103434,Brisbane
3103435,Brisbane
3103436,Brisbane
3103437,Melbourne
3103438,Brisbane
3103439,Brisbane
3103440,Brisbane
3103441,Brisbane
3103442,Brisbane
3103443,Sydney
3103444,Sydney
3103445,Brisbane
3103446,Brisbane
3103447,Brisbane
3103448,Brisbane
3103449,Brisbane
3103450,Brisbane
3103451,Brisbane
3103452,Brisbane
3103453,Brisbane
3103454,Brisbane
3103455,Brisbane
3103456,Brisbane
3103457,Brisbane
3103458,Brisbane
3103459,Brisbane
3103460,Brisbane
3103461,Brisbane
3103462,Brisbane
3103463,Brisbane
3103464,Brisbane
3103465,Brisbane
3103466,Brisbane
3103467,Brisbane
3103468,Brisbane
3103469,Brisbane
3103470,Brisbane
3103471,Brisbane
3103472,Brisbane
3103473,Brisbane
3103474,Brisbane
3103475,Brisbane
3103476,Brisbane
3103477,Brisbane
3103478,Brisbane
3103479,Brisbane
3103480,Brisbane
3103481,Brisbane
3103482,Brisbane
3103483,Brisbane
3103484,Brisbane
3103485,Brisbane
3103486,Brisbane
3103487,Brisbane
3103488,Brisbane
3103489,Brisbane
3103490,Brisbane
3103491,Brisbane
3103492,Brisbane
3103493,Brisbane
3103494,Brisbane
3103495,Sydney
3103496,Brisbane
3103497,Brisbane
3103498,Sydney
3103499,Brisbane
3103500,Brisbane
3103501,Brisbane
3103502,Brisbane
3103503,Brisbane
3103504,Brisbane
3103505,Brisbane
3103506,Brisbane
3103507,Brisbane
3103508,Brisbane
3103509,Brisbane
3103510,Brisbane
3103511,Brisbane
3103512,Brisbane
3103513,Brisbane
3103514,Brisbane
3103515,Brisbane
3103516,Brisbane
3103517,Melbourne
3103518,Brisbane
3103519,Brisbane
3103520,Brisbane
3103521,Brisbane
3103522,Brisbane
3103523,Brisbane
3103524,Brisbane
3103525,Perth
3103526,Brisbane
3103527,Brisbane
3103528,Brisbane
3103529,Sydney
3103530,Brisbane
3103531,Brisbane
3103532,Brisbane
3103533,Brisbane
3103534,Brisbane
3103535,Brisbane
3103536,Brisbane
3103537,Brisbane
3103538,Brisbane
3103539,Brisbane
3103540,Brisbane
3103541,Brisbane
3103542,Brisbane
3103543,Brisbane
3103544,Brisbane
3103545,Brisbane
3103546,Brisbane
3103547,Brisbane
3103548,Brisbane
3103549,Brisbane
3103550,Brisbane
3103551,Brisbane
3103552,Brisbane
3103553,Perth
3103554,Brisbane
3103555,Brisbane
3103556,Brisbane
3103557,Brisbane
3103558,Sydney
3103559,Brisbane
3103560,Brisbane
3103561,Brisbane
3103562,Brisbane
3103563,Brisbane
3103564,Sydney
3103565,Brisbane
3103566,Brisbane
3103567,Brisbane
3103568,Brisbane
3103569,Brisbane
3103570,Brisbane
3103571,Brisbane
3103572,Brisbane
3103573,Brisbane
3103574,Brisbane
3103575,Brisbane
3103576,Brisbane
3103577,Brisbane
3103578,Brisbane
3103579,Brisbane
3103580,Brisbane
3103581,Brisbane
3103582,Brisbane
3103583,Brisbane
3103584,Perth
3103585,Brisbane
3103586,Brisbane
3103587,Brisbane
3103588,Brisbane
3103589,Brisbane
3103590,Brisbane
3103591,Brisbane
3103592,Brisbane
3103593,Brisbane
3103594,Brisbane
3103595,Brisbane
3103596,Brisbane
3103597,Brisbane
3103598,Brisbane
3103599,Brisbane
3103600,Brisbane
3103601,Brisbane
3103602,Brisbane
3103603,Brisbane
3103604,Brisbane
3103605,Brisbane
3103606,Brisbane
3103607,Brisbane
3103608,Brisbane
3103609,Brisbane
3103610,Brisbane
3103611,Brisbane
3103612,Brisbane
3103613,Brisbane
3103614,Brisbane
3103615,Brisbane
3103616,Brisbane
3103617,Brisbane
3103618,Brisbane
3103619,Brisbane
3103620,Brisbane
3103621,Brisbane
3103622,Brisbane
3103623,Brisbane
3103624,Brisbane
3103625,Brisbane
3103626,Brisbane
3103627,Brisbane
3103628,Brisbane
3103629,Sydney
3103630,Brisbane
3103631,Perth
3103632,Brisbane
3103633,Brisbane
3103634,Brisbane
3103635,Brisbane
3103636,Brisbane
3103637,Brisbane
3103638,Sydney
3103639,Brisbane
3103640,Brisbane
3103641,Brisbane
3103642,Brisbane
3103643,Brisbane
3103644,Perth
3103645,Brisbane
3103646,Brisbane
3103647,Brisbane
3103648,Brisbane
3103649,Brisbane
3103650,Brisbane
3103651,Brisbane
3103652,Brisbane
3103653,Brisbane
3103654,Brisbane
3103655,Brisbane
3103656,Brisbane
3103657,Brisbane
3103658,Brisbane
3103659,Brisbane
3103660,Brisbane
3103661,Brisbane
3103662,Brisbane
3103663,Brisbane
3103664,Brisbane
3103665,Brisbane
3103666,Brisbane
3103667,Brisbane
3103668,Brisbane
3103669,Brisbane
3103670,Brisbane
3103671,Brisbane
3103672,Brisbane
3103673,Brisbane
3103674,Brisbane
3103675,Brisbane
3103676,Brisbane
3103677,Brisbane
3103678,Brisbane
3103679,Brisbane
3103680,Brisbane
3103681,Brisbane
3103682,Brisbane
3103683,Brisbane
3103684,Brisbane
3103685,Brisbane
3103686,Brisbane
3103687,Sydney
3103688,Brisbane
3103689,Brisbane
3103690,Brisbane
3103691,Brisbane
3103692,Brisbane
3103693,Brisbane
3103694,Brisbane
3103695,Brisbane
3103696,Brisbane
3103697,Brisbane
3103698,Brisbane
3103699,Brisbane
3103700,Brisbane
3103701,Brisbane
3103702,Brisbane
3103703,Brisbane
3103704,Brisbane
3103705,Brisbane
3103706,Brisbane
3103707,Brisbane
3103708,Brisbane
3103709,Brisbane
3103710,Brisbane
3103711,Brisbane
3103712,Brisbane
3103713,Brisbane
3103714,Brisbane
3103715,Brisbane
3103716,Brisbane
3103717,Brisbane
3103718,Brisbane
3103719,Brisbane
3103720,Brisbane
3103721,Brisbane
3103722,Brisbane
3103723,Brisbane
3103724,Brisbane
3103725,Brisbane
3103726,Brisbane
3103727,Brisbane
3103728,Brisbane
3103729,Brisbane
3103730,Brisbane
3103731,Brisbane
3103732,Brisbane
3103733,Brisbane
3103734,Brisbane
3103735,Brisbane
3103736,Brisbane
3103737,Brisbane
3103738,Brisbane
3103739,Brisbane
3103740,Brisbane
3103741,Brisbane
3103742,Brisbane
3103743,Brisbane
3103744,Brisbane
3103745,Brisbane
3103746,Brisbane
3103747,Brisbane
3103748,Brisbane
3103749,Brisbane
3103750,Brisbane
3103751,Brisbane
3103752,Brisbane
3103753,Brisbane
3103754,Brisbane
3103755,Brisbane
3103756,Brisbane
3103757,Brisbane
3103758,Brisbane
3103759,Brisbane
3103760,Brisbane
3103761,Brisbane
3103762,Brisbane
3103763,Brisbane
3103764,Brisbane
3103765,Brisbane
3103766,Brisbane
3103767,Brisbane
3103768,Brisbane
3103769,Brisbane
3103770,Brisbane
3103771,Brisbane
3103772,Brisbane
3103773,Brisbane
3103774,Brisbane
3103775,Brisbane
3103776,Brisbane
3103777,Brisbane
3103778,Brisbane
3103779,Brisbane
3103780,Brisbane
3103781,Brisbane
3103782,Brisbane
3103783,Brisbane
3103784,Brisbane
3103785,Brisbane
3103786,Brisbane
3103787,Brisbane
3103788,Brisbane
3103789,Brisbane
3103790,Brisbane
3103791,Brisbane
3103792,Perth
3103793,Sydney
3103794,Brisbane
3103795,Brisbane
3103796,Brisbane
3103797,Brisbane
3103798,Brisbane
3103799,Brisbane
3103800,Brisbane
3103801,Brisbane
3103802,Brisbane
3103803,Brisbane
3103804,Brisbane
3103805,Brisbane
3103806,Brisbane
3103807,Brisbane
3103808,Brisbane
3103809,Brisbane
3103810,Brisbane
3103811,Brisbane
3103812,Brisbane
3103813,Brisbane
3103814,Brisbane
3103815,Brisbane
3103816,Brisbane
3103817,Brisbane
3103818,Brisbane
3103819,Brisbane
3103820,Brisbane
3103821,Brisbane
3103822,Brisbane
3103823,Brisbane
3103824,Brisbane
3103825,Brisbane
3103826,Brisbane
3103827,Brisbane
3103828,Brisbane
3103829,Brisbane
3103830,Brisbane
3103831,Brisbane
3103832,Brisbane
3103833,Brisbane
3103834,Brisbane
3103835,Brisbane
3103836,Brisbane
3103837,Brisbane
3103838,Brisbane
3103839,Brisbane
3103840,Brisbane
3103841,Brisbane
3103842,Brisbane
3103843,Brisbane
3103844,Brisbane
3103845,Brisbane
3103846,Brisbane
3103847,Brisbane
3103848,Brisbane
3103849,Brisbane
3103850,Brisbane
3103851,Brisbane
3103852,Brisbane
3103853,Brisbane
3103854,Brisbane
3103855,Brisbane
3103856,Brisbane
3103857,Brisbane
3103858,Brisbane
3103859,Brisbane
3103860,Perth
3103861,Brisbane
3103862,Brisbane
3103863,Brisbane
3103864,Brisbane
3103865,Sydney
3103866,Brisbane
3103867,Brisbane
3103868,Brisbane
3103869,Brisbane
3103870,Brisbane
3103871,Brisbane
3103872,Brisbane
3103873,Brisbane
3103874,Brisbane
3103875,Brisbane
3103876,Brisbane
3103877,Brisbane
3103878,Brisbane
3103879,Brisbane
3103880,Brisbane
3103881,Brisbane
3103882,Sydney
3103883,Brisbane
3103884,Brisbane
3103885,Brisbane
3103886,Brisbane
3103887,Perth
3103888,Brisbane
3103889,Brisbane
3103890,Brisbane
3103891,Brisbane
3103892,Brisbane
3103893,Brisbane
3103894,Brisbane
3103895,Brisbane
3103896,Brisbane
3103897,Brisbane
3103898,Brisbane
3103899,Brisbane
3103900,Brisbane
3103901,Brisbane
3103902,Brisbane
3103903,Sydney
3103904,Brisbane
3103905,Brisbane
3103906,Brisbane
3103907,Brisbane
3103908,Brisbane
3103909,Brisbane
3103910,Brisbane
3103911,Brisbane
3103912,Brisbane
3103913,Brisbane
3103914,Brisbane
3103915,Brisbane
3103916,Brisbane
3103917,Brisbane
3103918,Brisbane
3103919,Brisbane
3103920,Brisbane
3103921,Brisbane
3103922,Brisbane
3103923,Brisbane
3103924,Brisbane
3103925,Brisbane
3103926,Brisbane
3103927,Brisbane
3103928,Brisbane
3103929,Brisbane
3103930,Brisbane
3103931,Brisbane
3103932,Brisbane
3103933,Brisbane
3103934,Brisbane
3103935,Brisbane
3103936,Brisbane
3103937,Brisbane
3103938,Brisbane
3103939,Brisbane
3103940,Brisbane
3103941,Brisbane
3103942,Brisbane
3103943,Brisbane
3103944,Brisbane
3103945,Brisbane
3103946,Brisbane
3103947,Brisbane
3103948,Brisbane
3103949,Brisbane
3103950,Brisbane
3103951,Brisbane
3103952,Brisbane
3103953,Brisbane
3103954,Brisbane
3103955,Brisbane
3103956,Brisbane
3103957,Brisbane
3103958,Brisbane
3103959,Brisbane
3103960,Brisbane
3103961,Brisbane
3103962,Brisbane
3103963,Brisbane
3103964,Brisbane
3103965,Brisbane
3103966,Brisbane
3103967,Brisbane
3103968,Brisbane
3103969,Brisbane
3103970,Brisbane
3103971,Brisbane
3103972,Brisbane
3103973,Brisbane
3103974,Sydney
3103975,Brisbane
3103976,Brisbane
3103977,Brisbane
3103978,Perth
3103979,Brisbane
3103980,Brisbane
3103981,Brisbane
3103982,Brisbane
3103983,Brisbane
3103984,Brisbane
3103985,Brisbane
3103986,Brisbane
3103987,Brisbane
3103988,Brisbane
3103989,Brisbane
3103990,Brisbane
3103991,Brisbane
3103992,Brisbane
3103993,Brisbane
3103994,Brisbane
3103995,Brisbane
3103996,Brisbane
3103997,Brisbane
3103998,Brisbane
3103999,Brisbane
3104000,Brisbane
3104001,Brisbane
3104002,Brisbane
3104003,Brisbane
3104004,Brisbane
3104005,Brisbane
3104006,Brisbane
3104007,Brisbane
3104008,Brisbane
3104009,Brisbane
3104010,Brisbane
3104011,Brisbane
3104012,Brisbane
3104013,Brisbane
3104014,Brisbane
3104015,Brisbane
3104016,Brisbane
3104017,Brisbane
3104018,Brisbane
3104019,Perth
3104020,Brisbane
3104021,Brisbane
3104022,Brisbane
3104023,Brisbane
3104024,Brisbane
3104025,Brisbane
3104026,Brisbane
3104027,Brisbane
3104028,Brisbane
3104029,Perth
3104030,Brisbane
3104031,Brisbane
3104032,Brisbane
3104033,Brisbane
3104034,Brisbane
3104035,Brisbane
3104036,Brisbane
3104037,Brisbane
3104038,Brisbane
3104039,Brisbane
3104040,Brisbane
3104041,Brisbane
3104042,Brisbane
3104043,Brisbane
3104044,Brisbane
3104045,Brisbane
3104046,Brisbane
3104047,Brisbane
3104048,Brisbane
3104049,Brisbane
3104050,Brisbane
3104051,Brisbane
3104052,Brisbane
3104053,Brisbane
3104054,Brisbane
3104055,Brisbane
3104056,Brisbane
3104057,Brisbane
3104058,Brisbane
3104059,Brisbane
3104060,Brisbane
3104061,Brisbane
3104062,Brisbane
3104063,Brisbane
3104064,Brisbane
3104065,Brisbane
3104066,Brisbane
3104067,Brisbane
3104068,Brisbane
3104069,Brisbane
3104070,Brisbane
3104071,Perth
3104072,Brisbane
3104073,Brisbane
3104074,Brisbane
3104075,Brisbane
3104076,Brisbane
3104077,Brisbane
3104078,Brisbane
3104079,Brisbane
3104080,Brisbane
3104081,Brisbane
3104082,Brisbane
3104083,Brisbane
3104084,Brisbane
3104085,Brisbane
3104086,Perth
3104087,Sydney
3104088,Brisbane
3104089,Brisbane
3104090,Brisbane
3104091,Brisbane
3104092,Brisbane
3104093,Brisbane
3104094,Brisbane
3104095,Brisbane
3104096,Brisbane
3104097,Brisbane
3104098,Brisbane
3104099,Brisbane
3104100,Brisbane
3104101,Brisbane
3104102,Brisbane
3104103,Brisbane
3104104,Brisbane
3104105,Melbourne
3104106,Brisbane
3104107,Brisbane
3104108,Brisbane
3104109,Brisbane
3104110,Brisbane
3104111,Brisbane
3104112,Brisbane
3104113,Brisbane
3104114,Brisbane
3104115,Brisbane
3104116,Brisbane
3104117,Brisbane
3104118,Brisbane
3104119,Brisbane
3104120,Brisbane
3104121,Brisbane
3104122,Brisbane
3104123,Brisbane
3104124,Brisbane
3104125,Brisbane
3104126,Brisbane
3104127,Brisbane
3104128,Brisbane
3104129,Brisbane
3104130,Brisbane
3104131,Brisbane
3104132,Brisbane
3104133,Brisbane
3104134,Melbourne
3104135,Brisbane
3104136,Perth
3104137,Brisbane
3104138,Brisbane
3104139,Brisbane
3104140,Brisbane
3104141,Brisbane
3104142,Brisbane
3104143,Brisbane
3104144,Brisbane
3104145,Brisbane
3104146,Brisbane
3104147,Brisbane
3104148,Brisbane
3104149,Brisbane
3104150,Brisbane
3104151,Brisbane
3104152,Brisbane
3104153,Brisbane
3104154,Brisbane
3104155,Brisbane
3104156,Brisbane
3104157,Brisbane
3104158,Brisbane
3104159,Brisbane
3104160,Perth
3104161,Brisbane
3104162,Brisbane
3104163,Brisbane
3104164,Brisbane
3104165,Brisbane
3104166,Brisbane
3104167,Brisbane
3104168,Brisbane
3104169,Brisbane
3104170,Brisbane
3104171,Brisbane
3104172,Perth
3104173,Brisbane
3104174,Brisbane
3104175,Brisbane
3104176,Brisbane
3104177,Brisbane
3104178,Brisbane
3104179,Brisbane
3104180,Brisbane
3104181,Brisbane
3104182,Brisbane
3104183,Brisbane
3104184,Brisbane
3104185,Brisbane
3104186,Brisbane
3104187,Brisbane
3104188,Brisbane
3104189,Brisbane
3104190,Melbourne
3104191,Sydney
3104192,Brisbane
3104193,Brisbane
3104194,Brisbane
3104195,Brisbane
3104196,Brisbane
3104197,Perth
3104198,Brisbane
3104199,Melbourne
3104200,Brisbane
3104201,Brisbane
3104202,Brisbane
3104203,Brisbane
3104204,Brisbane
3104205,Brisbane
3104206,Brisbane
3104207,Brisbane
3104208,Brisbane
3104209,Brisbane
3104210,Melbourne
3104211,Brisbane
3104212,Brisbane
3104213,Brisbane
3104214,Brisbane
3104215,Melbourne
3104216,Brisbane
3104217,Brisbane
3104218,Brisbane
3104219,Brisbane
3104220,Brisbane
3104221,Brisbane
3104222,Brisbane
3104223,Brisbane
3104224,Brisbane
3104225,Brisbane
3104226,Brisbane
3104227,Brisbane
3104228,Brisbane
3104229,Brisbane
3104230,Brisbane
3104231,Brisbane
3104232,Brisbane
3104233,Brisbane
3104234,Brisbane
3104235,Brisbane
3104236,Brisbane
3104237,Brisbane
3104238,Brisbane
3104239,Brisbane
3104240,Brisbane
3104241,Brisbane
3104242,Brisbane
3104243,Brisbane
3104244,Brisbane
3104245,Brisbane
3104246,Brisbane
3104247,Brisbane
3104248,Brisbane
3104249,Brisbane
3104250,Brisbane
3104251,Brisbane
3104252,Brisbane
3104253,Brisbane
3104254,Brisbane
3104255,Brisbane
3104256,Brisbane
3104257,Brisbane
3104258,Brisbane
3104259,Brisbane
3104260,Brisbane
3104261,Brisbane
3104262,Melbourne
3104263,Brisbane
3104264,Brisbane
3104265,Brisbane
3104266,Brisbane
3104267,Brisbane
3104268,Brisbane
3104269,Brisbane
3104270,Brisbane
3104271,Brisbane
3104272,Brisbane
3104273,Brisbane
3104274,Brisbane
3104275,Brisbane
3104276,Brisbane
3104277,Sydney
3104278,Brisbane
3104279,Brisbane
3104280,Brisbane
3104281,Brisbane
3104282,Brisbane
3104283,Brisbane
3104284,Brisbane
3104285,Brisbane
3104286,Brisbane
3104287,Brisbane
3104288,Perth
3104289,Brisbane
3104290,Brisbane
3104291,Brisbane
3104292,Brisbane
3104293,Brisbane
3104294,Brisbane
3104295,Brisbane
3104296,Brisbane
3104297,Brisbane
3104298,Brisbane
3104299,Brisbane
3104300,Brisbane
3104301,Brisbane
3104302,Brisbane
3104303,Brisbane
3104304,Brisbane
3104305,Brisbane
3104306,Brisbane
3104307,Brisbane
3104308,Brisbane
3104309,Brisbane
3104310,Brisbane
3104311,Brisbane
3104312,Brisbane
3104313,Brisbane
3104314,Brisbane
3104315,Brisbane
3104316,Brisbane
3104317,Brisbane
3104318,Brisbane
3104319,Sydney
3104320,Brisbane
3104321,Brisbane
3104322,Brisbane
3104323,Brisbane
3104324,Brisbane
3104325,Brisbane
3104326,Perth
3104327,Brisbane
3104328,Brisbane
3104329,Perth
3104330,Brisbane
3104331,Brisbane
3104332,Brisbane
3104333,Brisbane
3104334,Brisbane
3104335,Melbourne
3104336,Brisbane
3104337,Brisbane
3104338,Brisbane
3104339,Brisbane
3104340,Brisbane
3104341,Brisbane
3104342,Brisbane
3104343,Brisbane
3104344,Brisbane
3104345,Brisbane
3104346,Brisbane
3104347,Brisbane
3104348,Brisbane
3104349,Brisbane
3104350,Brisbane
3104351,Brisbane
3104352,Sydney
3104353,Brisbane
3104354,Brisbane
3104355,Brisbane
3104356,Brisbane
3104357,Perth
3104358,Brisbane
3104359,Brisbane
3104360,Brisbane
3104361,Brisbane
3104362,Brisbane
3104363,Brisbane
3104364,Brisbane
3104365,Brisbane
3104366,Brisbane
3104367,Brisbane
3104368,Brisbane
3104369,Brisbane
3104370,Brisbane
3104371,Brisbane
3104372,Brisbane
3104373,Brisbane
3104374,Brisbane
3104375,Brisbane
3104376,Brisbane
3104377,Perth
3104378,Sydney
3104379,Brisbane
3104380,Brisbane
3104381,Brisbane
3104382,Brisbane
3104383,Brisbane
3104384,Brisbane
3104385,Brisbane
3104386,Brisbane
3104387,Brisbane
3104388,Brisbane
3104389,Sydney
3104390,Brisbane
3104391,Brisbane
3104392,Brisbane
3104393,Brisbane
3104394,Brisbane
3104395,Sydney
3104396,Brisbane
3104397,Brisbane
3104398,Brisbane
3104399,Brisbane
3104400,Brisbane
3104401,Brisbane
3104402,Brisbane
3104403,Brisbane
3104404,Brisbane
3104405,Brisbane
3104406,Brisbane
3104407,Brisbane
3104408,Brisbane
3104409,Brisbane
3104410,Brisbane
3104411,Brisbane
3104412,Sydney
3104413,Brisbane
3104414,Brisbane
3104415,Brisbane
3104416,Brisbane
3104417,Brisbane
3104418,Brisbane
3104419,Brisbane
3104420,Brisbane
3104421,Brisbane
3104422,Brisbane
3104423,Brisbane
3104424,Brisbane
3104425,Brisbane
3104426,Brisbane
3104427,Perth
3104428,Brisbane
3104429,Brisbane
3104430,Brisbane
3104431,Brisbane
3104432,Brisbane
3104433,Brisbane
3104434,Brisbane
3104435,Brisbane
3104436,Perth
3104437,Brisbane
3104438,Sydney
3104439,Brisbane
3104440,Brisbane
3104441,Brisbane
3104442,Brisbane
3104443,Brisbane
3104444,Brisbane
3104445,Brisbane
3104446,Brisbane
3104447,Brisbane
3104448,Brisbane
3104449,Brisbane
3104450,Brisbane
3104451,Brisbane
3104452,Brisbane
3104453,Brisbane
3104454,Sydney
3104455,Brisbane
3104456,Brisbane
3104457,Brisbane
3104458,Brisbane
3104459,Brisbane
3104460,Brisbane
3104461,Brisbane
3104462,Brisbane
3104463,Brisbane
3104464,Brisbane
3104465,Brisbane
3104466,Brisbane
3104467,Brisbane
3104468,Brisbane
3104469,Perth
3104470,Brisbane
3104471,Brisbane
3104472,Brisbane
3104473,Brisbane
3104474,Brisbane
3104475,Brisbane
3104476,Brisbane
3104477,Brisbane
3104478,Brisbane
3104479,Brisbane
3104480,Brisbane
3104481,Brisbane
3104482,Brisbane
3104483,Brisbane
3104484,Brisbane
3104485,Brisbane
3104486,Brisbane
3104487,Perth
3104488,Brisbane
3104489,Sydney
3104490,Brisbane
3104491,Brisbane
3104492,Brisbane
3104493,Brisbane
3104494,Brisbane
3104495,Brisbane
3104496,Brisbane
3104497,Brisbane
3104498,Brisbane
3104499,Perth
3104500,Brisbane
3104501,Brisbane
3104502,Brisbane
3104503,Brisbane
3104504,Brisbane
3104505,Brisbane
3104506,Brisbane
3104507,Brisbane
3104508,Brisbane
3104509,Brisbane
3104510,Brisbane
3104511,Brisbane
3104512,Brisbane
3104513,Brisbane
3104514,Brisbane
3104515,Brisbane
3104516,Brisbane
3104517,Brisbane
3104518,Brisbane
3104519,Brisbane
3104520,Brisbane
3104521,Brisbane
3104522,Brisbane
3104523,Brisbane
3104524,Brisbane
3104525,Brisbane
3104526,Brisbane
3104527,Brisbane
3104528,Brisbane
3104529,Brisbane
3104530,Brisbane
3104531,Brisbane
3104532,Brisbane
3104533,Brisbane
3104534,Brisbane
3104535,Brisbane
3104536,Brisbane
3104537,Brisbane
3104538,Brisbane
3104539,Brisbane
3104540,Brisbane
3104541,Brisbane
3104542,Brisbane
3104543,Brisbane
3104544,Brisbane
3104545,Brisbane
3104546,Brisbane
3104547,Brisbane
3104548,Brisbane
3104549,Brisbane
3104550,Brisbane
3104551,Brisbane
3104552,Brisbane
3104553,Brisbane
3104554,Brisbane
3104555,Brisbane
3104556,Brisbane
3104557,Brisbane
3104558,Brisbane
3104559,Brisbane
3104560,Brisbane
3104561,Brisbane
3104562,Brisbane
3104563,Brisbane
3104564,Brisbane
3104565,Brisbane
3104566,Brisbane
3104567,Brisbane
3104568,Brisbane
3104569,Brisbane
3104570,Brisbane
3104571,Brisbane
3104572,Brisbane
3104573,Brisbane
3104574,Brisbane
3104575,Brisbane
3104576,Perth
3104577,Brisbane
3104578,Brisbane
3104579,Brisbane
3104580,Brisbane
3104581,Brisbane
3104582,Brisbane
3104583,Brisbane
3104584,Brisbane
3104585,Brisbane
3104586,Brisbane
3104587,Brisbane
3104588,Brisbane
3104589,Brisbane
3104590,Brisbane
3104591,Brisbane
3104592,Brisbane
3104593,Perth
3104594,Sydney
3104595,Brisbane
3104596,Brisbane
3104597,Brisbane
3104598,Sydney
3104599,Brisbane
3104600,Brisbane
3104601,Brisbane
3104602,Brisbane
3104603,Brisbane
3104604,Brisbane
3104605,Brisbane
3104606,Melbourne
3104607,Perth
3104608,Brisbane
3104609,Brisbane
3104610,Brisbane
3104611,Brisbane
3104612,Brisbane
3104613,Brisbane
3104614,Brisbane
3104615,Brisbane
3104616,Brisbane
3104617,Brisbane
3104618,Brisbane
3104619,Brisbane
3104620,Sydney
3104621,Brisbane
3104622,Brisbane
3104623,Brisbane
3104624,Perth
3104625,Brisbane
3104626,Brisbane
3104627,Brisbane
3104628,Brisbane
3104629,Melbourne
3104630,Brisbane
3104631,Brisbane
3104632,Brisbane
3104633,Brisbane
3104634,Brisbane
3104635,Brisbane
3104636,Brisbane
3104637,Brisbane
3104638,Brisbane
3104639,Brisbane
3104640,Brisbane
3104641,Brisbane
3104642,Brisbane
3104643,Brisbane
3104644,Brisbane
3104645,Brisbane
3104646,Brisbane
3104647,Brisbane
3104648,Brisbane
3104649,Brisbane
3104650,Brisbane
3104651,Brisbane
3104652,Brisbane
3104653,Brisbane
3104654,Brisbane
3104655,Brisbane
3104656,Brisbane
3104657,Brisbane
3104658,Brisbane
3104659,Brisbane
3104660,Brisbane
3104661,Brisbane
3104662,Brisbane
3104663,Brisbane
3104664,Brisbane
3104665,Brisbane
3104666,Brisbane
3104667,Brisbane
3104668,Brisbane
3104669,Sydney
3104670,Brisbane
3104671,Brisbane
3104672,Brisbane
3104673,Brisbane
3104674,Brisbane
3104675,Brisbane
3104676,Brisbane
3104677,Brisbane
3104678,Brisbane
3104679,Brisbane
3104680,Perth
3104681,Brisbane
3104682,Brisbane
3104683,Brisbane
3104684,Brisbane
3104685,Brisbane
3104686,Brisbane
3104687,Brisbane
3104688,Sydney
3104689,Sydney
3104690,Brisbane
3104691,Brisbane
3104692,Brisbane
3104693,Brisbane
3104694,Brisbane
3104695,Brisbane
3104696,Brisbane
3104697,Brisbane
3104698,Brisbane
3104699,Brisbane
3104700,Brisbane
3104701,Brisbane
3104702,Brisbane
3104703,Brisbane
3104704,Brisbane
3104705,Brisbane
3104706,Brisbane
3104707,Brisbane
3104708,Brisbane
3104709,Brisbane
3104710,Brisbane
3104711,Brisbane
3104712,Brisbane
3104713,Brisbane
3104714,Perth
3104715,Brisbane
3104716,Brisbane
3104717,Brisbane
3104718,Brisbane
3104719,Brisbane
3104720,Brisbane
3104721,Brisbane
3104722,Brisbane
3104723,Brisbane
3104724,Brisbane
3104725,Brisbane
3104726,Brisbane
3104727,Brisbane
3104728,Brisbane
3104729,Brisbane
3104730,Brisbane
3104731,Brisbane
3104732,Brisbane
3104733,Brisbane
3104734,Brisbane
3104735,Brisbane
3104736,Brisbane
3104737,Brisbane
3104738,Sydney
3104739,Brisbane
3104740,Brisbane
3104741,Brisbane
3104742,Brisbane
3104743,Brisbane
3104744,Brisbane
3104745,Brisbane
3104746,Brisbane
3104747,Brisbane
3104748,Brisbane
3104749,Brisbane
3104750,Brisbane
3104751,Brisbane
3104752,Brisbane
3104753,Brisbane
3104754,Brisbane
3104755,Perth
3104756,Brisbane
3104757,Perth
3104758,Brisbane
3104759,Brisbane
3104760,Brisbane
3104761,Brisbane
3104762,Brisbane
3104763,Brisbane
3104764,Brisbane
3104765,Brisbane
3104766,Brisbane
3104767,Brisbane
3104768,Brisbane
3104769,Brisbane
3104770,Brisbane
3104771,Brisbane
3104772,Brisbane
3104773,Brisbane
3104774,Brisbane
3104775,Brisbane
3104776,Brisbane
3104777,Brisbane
3104778,Brisbane
3104779,Brisbane
3104780,Brisbane
3104781,Brisbane
3104782,Brisbane
3104783,Brisbane
3104784,Brisbane
3104785,Brisbane
3104786,Brisbane
3104787,Brisbane
3104788,Brisbane
3104789,Brisbane
3104790,Brisbane
3104791,Brisbane
3104792,Brisbane
3104793,Brisbane
3104794,Brisbane
3104795,Brisbane
3104796,Brisbane
3104797,Perth
3104798,Brisbane
3104799,Sydney
3104800,Brisbane
3104801,Brisbane
3104802,Brisbane
3104803,Brisbane
3104804,Sydney
3104805,Brisbane
3104806,Brisbane
3104807,Brisbane
3104808,Brisbane
3104809,Melbourne
3104810,Brisbane
3104811,Brisbane
3104812,Brisbane
3104813,Brisbane
3104814,Brisbane
3104815,Brisbane
3104816,Brisbane
3104817,Brisbane
3104818,Brisbane
3104819,Brisbane
3104820,Brisbane
3104821,Brisbane
3104822,Brisbane
3104823,Brisbane
3104824,Brisbane
3104825,Brisbane
3104826,Brisbane
3104827,Brisbane
3104828,Brisbane
3104829,Brisbane
3104830,Brisbane
3104831,Brisbane
3104832,Brisbane
3104833,Brisbane
3104834,Brisbane
3104835,Brisbane
3104836,Brisbane
3104837,Brisbane
3104838,Brisbane
3104839,Brisbane
3104840,Brisbane
3104841,Brisbane
3104842,Brisbane
3104843,Brisbane
3104844,Sydney
3104845,Sydney
3104846,Brisbane
3104847,Brisbane
3104848,Brisbane
3104849,Brisbane
3104850,Brisbane
3104851,Brisbane
3104852,Brisbane
3104853,Brisbane
3104854,Brisbane
3104855,Brisbane
3104856,Brisbane
3104857,Brisbane
3104858,Brisbane
3104859,Brisbane
3104860,Brisbane
3104861,Brisbane
3104862,Brisbane
3104863,Brisbane
3104864,Brisbane
3104865,Brisbane
3104866,Brisbane
3104867,Brisbane
3104868,Sydney
3104869,Brisbane
3104870,Brisbane
3104871,Brisbane
3104872,Brisbane
3104873,Brisbane
3104874,Brisbane
3104875,Perth
3104876,Brisbane
3104877,Brisbane
3104878,Perth
3104879,Brisbane
3104880,Brisbane
3104881,Brisbane
3104882,Brisbane
3104883,Brisbane
3104884,Brisbane
3104885,Brisbane
3104886,Brisbane
3104887,Brisbane
3104888,Brisbane
3104889,Brisbane
3104890,Brisbane
3104891,Brisbane
3104892,Brisbane
3104893,Perth
3104894,Brisbane
3104895,Brisbane
3104896,Brisbane
3104897,Brisbane
3104898,Brisbane
3104899,Brisbane
3104900,Brisbane
3104901,Brisbane
3104902,Brisbane
3104903,Brisbane
3104904,Brisbane
3104905,Brisbane
3104906,Brisbane
3104907,Brisbane
3104908,Brisbane
3104909,Perth
3104910,Brisbane
3104911,Brisbane
3104912,Brisbane
3104913,Brisbane
3104914,Brisbane
3104915,Brisbane
3104916,Brisbane
3104917,Brisbane
3104918,Brisbane
3104919,Brisbane
3104920,Brisbane
3104921,Brisbane
3104922,Brisbane
3104923,Brisbane
3104924,Brisbane
3104925,Brisbane
3104926,Brisbane
3104927,Brisbane
3104928,Brisbane
3104929,Brisbane
3104930,Brisbane
3104931,Brisbane
3104932,Brisbane
3104933,Brisbane
3104934,Brisbane
3104935,Brisbane
3104936,Perth
3104937,Brisbane
3104938,Brisbane
3104939,Brisbane
3104940,Sydney
3104941,Sydney
3104942,Brisbane
3104943,Brisbane
3104944,Brisbane
3104945,Brisbane
3104946,Brisbane
3104947,Brisbane
3104948,Brisbane
3104949,Brisbane
3104950,Brisbane
3104951,Sydney
3104952,Brisbane
3104953,Brisbane
3104954,Brisbane
3104955,Brisbane
3104956,Brisbane
3104957,Brisbane
3104958,Brisbane
3104959,Sydney
3104960,Brisbane
3104961,Brisbane
3104962,Perth
3104963,Brisbane
3104964,Brisbane
3104965,Brisbane
3104966,Brisbane
3104967,Brisbane
3104968,Brisbane
3104969,Brisbane
3104970,Brisbane
3104971,Brisbane
3104972,Brisbane
3104973,Brisbane
3104974,Brisbane
3104975,Brisbane
3104976,Brisbane
3104977,Brisbane
3104978,Brisbane
3104979,Brisbane
3104980,Brisbane
3104981,Brisbane
3104982,Brisbane
3104983,Perth
3104984,Brisbane
3104985,Brisbane
3104986,Brisbane
3104987,Brisbane
3104988,Brisbane
3104989,Brisbane
3104990,Brisbane
3104991,Brisbane
3104992,Brisbane
3104993,Brisbane
3104994,Brisbane
3104995,Brisbane
3104996,Brisbane
3104997,Brisbane
3104998,Brisbane
3104999,Brisbane
3105000,Sydney
3105001,Brisbane
3105002,Brisbane
3105003,Brisbane
3105004,Brisbane
3105005,Brisbane
3105006,Brisbane
3105007,Brisbane
3105008,Brisbane
3105009,Brisbane
3105010,Brisbane
3105011,Brisbane
3105012,Brisbane
3105013,Brisbane
3105014,Brisbane
3105015,Brisbane
3105016,Brisbane
3105017,Brisbane
3105018,Brisbane
3105019,Brisbane
3105020,Brisbane
3105021,Brisbane
3105022,Brisbane
3105023,Brisbane
3105024,Brisbane
3105025,Brisbane
3105026,Brisbane
3105027,Brisbane
3105028,Brisbane
3105029,Brisbane
3105030,Brisbane
3105031,Brisbane
3105032,Brisbane
3105033,Brisbane
3105034,Sydney
3105035,Brisbane
3105036,Brisbane
3105037,Melbourne
3105038,Brisbane
3105039,Brisbane
3105040,Brisbane
3105041,Brisbane
3105042,Brisbane
3105043,Brisbane
3105044,Brisbane
3105045,Brisbane
3105046,Brisbane
3105047,Brisbane
3105048,Brisbane
3105049,Brisbane
3105050,Brisbane
3105051,Brisbane
3105052,Brisbane
3105053,Brisbane
3105054,Brisbane
3105055,Brisbane
3105056,Brisbane
3105057,Brisbane
3105058,Sydney
3105059,Brisbane
3105060,Brisbane
3105061,Brisbane
3105062,Brisbane
3105063,Brisbane
3105064,Brisbane
3105065,Brisbane
3105066,Brisbane
3105067,Brisbane
3105068,Brisbane
3105069,Brisbane
3105070,Brisbane
3105071,Brisbane
3105072,Brisbane
3105073,Brisbane
3105074,Brisbane
3105075,Brisbane
3105076,Brisbane
3105077,Brisbane
3105078,Brisbane
3105079,Brisbane
3105080,Brisbane
3105081,Brisbane
3105082,Brisbane
3105083,Brisbane
3105084,Brisbane
3105085,Brisbane
3105086,Brisbane
3105087,Brisbane
3105088,Brisbane
3105089,Brisbane
3105090,Brisbane
3105091,Brisbane
3105092,Brisbane
3105093,Brisbane
3105094,Brisbane
3105095,Sydney
3105096,Brisbane
3105097,Brisbane
3105098,Brisbane
3105099,Brisbane
3105100,Brisbane
3105101,Brisbane
3105102,Brisbane
3105103,Brisbane
3105104,Brisbane
3105105,Sydney
3105106,Sydney
3105107,Brisbane
3105108,Brisbane
3105109,Brisbane
3105110,Brisbane
3105111,Perth
3105112,Brisbane
3105113,Brisbane
3105114,Brisbane
3105115,Brisbane
3105116,Brisbane
3105117,Sydney
3105118,Brisbane
3105119,Brisbane
3105120,Brisbane
3105121,Perth
3105122,Brisbane
3105123,Brisbane
3105124,Brisbane
3105125,Brisbane
3105126,Brisbane
3105127,Brisbane
3105128,Brisbane
3105129,Brisbane
3105130,Brisbane
3105131,Brisbane
3105132,Brisbane
3105133,Brisbane
3105134,Brisbane
3105135,Brisbane
3105136,Brisbane
3105137,Brisbane
3105138,Brisbane
3105139,Brisbane
3105140,Brisbane
3105141,Brisbane
3105142,Brisbane
3105143,Brisbane
3105144,Sydney
3105145,Brisbane
3105146,Brisbane
3105147,Brisbane
3105148,Brisbane
3105149,Brisbane
3105150,Brisbane
3105151,Brisbane
3105152,Brisbane
3105153,Brisbane
3105154,Brisbane
3105155,Brisbane
3105156,Brisbane
3105157,Brisbane
3105158,Brisbane
3105159,Brisbane
3105160,Brisbane
3105161,Brisbane
3105162,Brisbane
3105163,Brisbane
3105164,Sydney
3105165,Brisbane
3105166,Brisbane
3105167,Brisbane
3105168,Brisbane
3105169,Brisbane
3105170,Brisbane
3105171,Brisbane
3105172,Brisbane
3105173,Brisbane
3105174,Brisbane
3105175,Brisbane
3105176,Brisbane
3105177,Brisbane
3105178,Brisbane
3105179,Brisbane
3105180,Brisbane
3105181,Brisbane
3105182,Brisbane
3105183,Brisbane
3105184,Brisbane
3105185,Brisbane
3105186,Brisbane
3105187,Brisbane
3105188,Brisbane
3105189,Brisbane
3105190,Brisbane
3105191,Brisbane
3105192,Brisbane
3105193,Brisbane
3105194,Brisbane
3105195,Brisbane
3105196,Brisbane
3105197,Brisbane
3105198,Brisbane
3105199,Brisbane
3105200,Brisbane
3105201,Brisbane
3105202,Brisbane
3105203,Brisbane
3105204,Brisbane
3105205,Brisbane
3105206,Brisbane
3105207,Brisbane
3105208,Brisbane
3105209,Brisbane
3105210,Brisbane
3105211,Brisbane
3105212,Perth
3105213,Brisbane
3105214,Brisbane
3105215,Brisbane
3105216,Brisbane
3105217,Brisbane
3105218,Brisbane
3105219,Brisbane
3105220,Perth
3105221,Brisbane
3105222,Brisbane
3105223,Brisbane
3105224,Brisbane
3105225,Brisbane
3105226,Brisbane
3105227,Brisbane
3105228,Brisbane
3105229,Brisbane
3105230,Brisbane
3105231,Brisbane
3105232,Brisbane
3105233,Brisbane
3105234,Brisbane
3105235,Brisbane
3105236,Brisbane
3105237,Brisbane
3105238,Brisbane
3105239,Brisbane
3105240,Brisbane
3105241,Brisbane
3105242,Brisbane
3105243,Brisbane
3105244,Brisbane
3105245,Brisbane
3105246,Brisbane
3105247,Brisbane
3105248,Brisbane
3105249,Brisbane
3105250,Brisbane
3105251,Brisbane
3105252,Brisbane
3105253,Brisbane
3105254,Sydney
3105255,Brisbane
3105256,Brisbane
3105257,Brisbane
3105258,Brisbane
3105259,Brisbane
3105260,Brisbane
3105261,Brisbane
3105262,Brisbane
3105263,Brisbane
3105264,Brisbane
3105265,Brisbane
3105266,Brisbane
3105267,Perth
3105268,Brisbane
3105269,Brisbane
3105270,Brisbane
3105271,Brisbane
3105272,Brisbane
3105273,Brisbane
3105274,Brisbane
3105275,Brisbane
3105276,Brisbane
3105277,Brisbane
3105278,Brisbane
3105279,Brisbane
3105280,Brisbane
3105281,Brisbane
3105282,Brisbane
3105283,Brisbane
3105284,Brisbane
3105285,Brisbane
3105286,Brisbane
3105287,Sydney
3105288,Brisbane
3105289,Brisbane
3105290,Brisbane
3105291,Perth
3105292,Brisbane
3105293,Brisbane
3105294,Brisbane
3105295,Brisbane
3105296,Brisbane
3105297,Brisbane
3105298,Brisbane
3105299,Brisbane
3105300,Brisbane
3105301,Brisbane
3105302,Brisbane
3105303,Brisbane
3105304,Brisbane
3105305,Brisbane
3105306,Brisbane
3105307,Brisbane
3105308,Brisbane
3105309,Melbourne
3105310,Brisbane
3105311,Brisbane
3105312,Brisbane
3105313,Brisbane
3105314,Brisbane
3105315,Brisbane
3105316,Brisbane
3105317,Brisbane
3105318,Brisbane
3105319,Brisbane
3105320,Brisbane
3105321,Brisbane
3105322,Brisbane
3105323,Brisbane
3105324,Brisbane
3105325,Brisbane
3105326,Brisbane
3105327,Brisbane
3105328,Brisbane
3105329,Brisbane
3105330,Brisbane
3105331,Perth
3105332,Brisbane
3105333,Perth
3105334,Brisbane
3105335,Brisbane
3105336,Brisbane
3105337,Brisbane
3105338,Brisbane
3105339,Brisbane
3105340,Brisbane
3105341,Brisbane
3105342,Brisbane
3105343,Brisbane
3105344,Brisbane
3105345,Brisbane
3105346,Brisbane
3105347,Brisbane
3105348,Brisbane
3105349,Brisbane
3105350,Brisbane
3105351,Brisbane
3105352,Brisbane
3105353,Brisbane
3105354,Brisbane
3105355,Brisbane
3105356,Brisbane
3105357,Brisbane
3105358,Brisbane
3105359,Perth
3105360,Brisbane
3105361,Brisbane
3105362,Brisbane
3105363,Brisbane
3105364,Brisbane
3105365,Brisbane
3105366,Brisbane
3105367,Brisbane
3105368,Brisbane
3105369,Brisbane
3105370,Brisbane
3105371,Brisbane
3105372,Brisbane
3105373,Brisbane
3105374,Brisbane
3105375,Brisbane
3105376,Brisbane
3105377,Brisbane
3105378,Brisbane
3105379,Brisbane
3105380,Brisbane
3105381,Brisbane
3105382,Brisbane
3105383,Brisbane
3105384,Brisbane
3105385,Brisbane
3105386,Brisbane
3105387,Brisbane
3105388,Brisbane
3105389,Brisbane
3105390,Brisbane
3105391,Brisbane
3105392,Brisbane
3105393,Brisbane
3105394,Brisbane
3105395,Brisbane
3105396,Brisbane
3105397,Brisbane
3105398,Brisbane
3105399,Brisbane
3105400,Brisbane
3105401,Brisbane
3105402,Brisbane
3105403,Brisbane
3105404,Brisbane
3105405,Brisbane
3105406,Brisbane
3105407,Brisbane
3105408,Brisbane
3105409,Brisbane
3105410,Brisbane
3105411,Brisbane
3105412,Brisbane
3105413,Brisbane
3105414,Brisbane
3105415,Sydney
3105416,Brisbane
3105417,Brisbane
3105418,Brisbane
3105419,Brisbane
3105420,Brisbane
3105421,Brisbane
3105422,Brisbane
3105423,Brisbane
3105424,Brisbane
3105425,Brisbane
3105426,Brisbane
3105427,Brisbane
3105428,Brisbane
3105429,Brisbane
3105430,Brisbane
3105431,Brisbane
3105432,Perth
3105433,Brisbane
3105434,Brisbane
3105435,Brisbane
3105436,Brisbane
3105437,Brisbane
3105438,Brisbane
3105439,Brisbane
3105440,Brisbane
3105441,Brisbane
3105442,Brisbane
3105443,Brisbane
3105444,Perth
3105445,Brisbane
3105446,Brisbane
3105447,Brisbane
3105448,Brisbane
3105449,Brisbane
3105450,Brisbane
3105451,Brisbane
3105452,Perth
3105453,Brisbane
3105454,Brisbane
3105455,Brisbane
3105456,Brisbane
3105457,Brisbane
3105458,Brisbane
3105459,Brisbane
3105460,Brisbane
3105461,Brisbane
3105462,Brisbane
3105463,Brisbane
3105464,Brisbane
3105465,Brisbane
3105466,Brisbane
3105467,Brisbane
3105468,Brisbane
3105469,Brisbane
3105470,Brisbane
3105471,Brisbane
3105472,Brisbane
3105473,Brisbane
3105474,Brisbane
3105475,Brisbane
3105476,Brisbane
3105477,Brisbane
3105478,Brisbane
3105479,Brisbane
3105480,Brisbane
3105481,Brisbane
3105482,Brisbane
3105483,Brisbane
3105484,Brisbane
3105485,Brisbane
3105486,Brisbane
3105487,Brisbane
3105488,Brisbane
3105489,Brisbane
3105490,Melbourne
3105491,Brisbane
3105492,Brisbane
3105493,Brisbane
3105494,Brisbane
3105495,Brisbane
3105496,Brisbane
3105497,Brisbane
3105498,Brisbane
3105499,Brisbane
3105500,Brisbane
3105501,Brisbane
3105502,Brisbane
3105503,Brisbane
3105504,Brisbane
3105505,Brisbane
3105506,Brisbane
3105507,Brisbane
3105508,Brisbane
3105509,Brisbane
3105510,Brisbane
3105511,Brisbane
3105512,Sydney
3105513,Brisbane
3105514,Brisbane
3105515,Brisbane
3105516,Brisbane
3105517,Sydney
3105518,Melbourne
3105519,Brisbane
3105520,Brisbane
3105521,Brisbane
3105522,Brisbane
3105523,Brisbane
3105524,Brisbane
3105525,Brisbane
3105526,Brisbane
3105527,Brisbane
3105528,Brisbane
3105529,Brisbane
3105530,Brisbane
3105531,Brisbane
3105532,Brisbane
3105533,Sydney
3105534,Brisbane
3105535,Perth
3105536,Brisbane
3105537,Brisbane
3105538,Brisbane
3105539,Brisbane
3105540,Brisbane
3105541,Brisbane
3105542,Brisbane
3105543,Brisbane
3105544,Brisbane
3105545,Brisbane
3105546,Brisbane
3105547,Brisbane
3105548,Brisbane
3105549,Brisbane
3105550,Brisbane
3105551,Brisbane
3105552,Brisbane
3105553,Brisbane
3105554,Brisbane
3105555,Brisbane
3105556,Sydney
3105557,Brisbane
3105558,Brisbane
3105559,Brisbane
3105560,Brisbane
3105561,Sydney
3105562,Brisbane
3105563,Brisbane
3105564,Brisbane
3105565,Melbourne
3105566,Brisbane
3105567,Brisbane
3105568,Brisbane
3105569,Brisbane
3105570,Brisbane
3105571,Melbourne
3105572,Brisbane
3105573,Brisbane
3105574,Brisbane
3105575,Brisbane
3105576,Sydney
3105577,Brisbane
3105578,Brisbane
3105579,Brisbane
3105580,Brisbane
3105581,Brisbane
3105582,Brisbane
3105583,Brisbane
3105584,Brisbane
3105585,Brisbane
3105586,Brisbane
3105587,Brisbane
3105588,Brisbane
3105589,Brisbane
3105590,Brisbane
3105591,Brisbane
3105592,Brisbane
3105593,Brisbane
3105594,Brisbane
3105595,Brisbane
3105596,Brisbane
3105597,Melbourne
3105598,Brisbane
3105599,Brisbane
3105600,Brisbane
3105601,Brisbane
3105602,Brisbane
3105603,Brisbane
3105604,Brisbane
3105605,Brisbane
3105606,Brisbane
3105607,Brisbane
3105608,Brisbane
3105609,Brisbane
3105610,Brisbane
3105611,Brisbane
3105612,Brisbane
3105613,Brisbane
3105614,Brisbane
3105615,Perth
3105616,Melbourne
3105617,Brisbane
3105618,Brisbane
3105619,Brisbane
3105620,Brisbane
3105621,Perth
3105622,Brisbane
3105623,Brisbane
3105624,Brisbane
3105625,Brisbane
3105626,Brisbane
3105627,Brisbane
3105628,Brisbane
3105629,Brisbane
3105630,Brisbane
3105631,Brisbane
3105632,Brisbane
3105633,Brisbane
3105634,Brisbane
3105635,Brisbane
3105636,Brisbane
3105637,Brisbane
3105638,Brisbane
3105639,Brisbane
3105640,Brisbane
3105641,Brisbane
3105642,Brisbane
3105643,Brisbane
3105644,Brisbane
3105645,Brisbane
3105646,Brisbane
3105647,Brisbane
3105648,Brisbane
3105649,Brisbane
3105650,Brisbane
3105651,Brisbane
3105652,Brisbane
3105653,Brisbane
3105654,Brisbane
3105655,Brisbane
3105656,Brisbane
3105657,Brisbane
3105658,Brisbane
3105659,Brisbane
3105660,Brisbane
3105661,Brisbane
3105662,Brisbane
3105663,Brisbane
3105664,Brisbane
3105665,Brisbane
3105666,Brisbane
3105667,Brisbane
3105668,Brisbane
3105669,Brisbane
3105670,Brisbane
3105671,Brisbane
3105672,Brisbane
3105673,Brisbane
3105674,Brisbane
3105675,Brisbane
3105676,Brisbane
3105677,Brisbane
3105678,Brisbane
3105679,Brisbane
3105680,Brisbane
3105681,Brisbane
3105682,Brisbane
3105683,Brisbane
3105684,Brisbane
3105685,Brisbane
3105686,Brisbane
3105687,Brisbane
3105688,Brisbane
3105689,Brisbane
3105690,Brisbane
3105691,Brisbane
3105692,Brisbane
3105693,Brisbane
3105694,Brisbane
3105695,Brisbane
3105696,Brisbane
3105697,Brisbane
3105698,Brisbane
3105699,Brisbane
3105700,Brisbane
3105701,Brisbane
3105702,Brisbane
3105703,Brisbane
3105704,Brisbane
3105705,Brisbane
3105706,Brisbane
3105707,Brisbane
3105708,Brisbane
3105709,Brisbane
3105710,Brisbane
3105711,Brisbane
3105712,Brisbane
3105713,Brisbane
3105714,Brisbane
3105715,Brisbane
3105716,Brisbane
3105717,Brisbane
3105718,Brisbane
3105719,Brisbane
3105720,Brisbane
3105721,Brisbane
3105722,Brisbane
3105723,Brisbane
3105724,Brisbane
3105725,Brisbane
3105726,Brisbane
3105727,Brisbane
3105728,Brisbane
3105729,Brisbane
3105730,Perth
3105731,Brisbane
3105732,Brisbane
3105733,Brisbane
3105734,Brisbane
3105735,Perth
3105736,Brisbane
3105737,Brisbane
3105738,Brisbane
3105739,Brisbane
3105740,Brisbane
3105741,Brisbane
3105742,Brisbane
3105743,Brisbane
3105744,Brisbane
3105745,Brisbane
3105746,Brisbane
3105747,Brisbane
3105748,Brisbane
3105749,Brisbane
3105750,Perth
3105751,Brisbane
3105752,Sydney
3105753,Brisbane
3105754,Brisbane
3105755,Brisbane
3105756,Brisbane
3105757,Brisbane
3105758,Brisbane
3105759,Brisbane
3105760,Brisbane
3105761,Brisbane
3105762,Brisbane
3105763,Brisbane
3105764,Brisbane
3105765,Brisbane
3105766,Brisbane
3105767,Brisbane
3105768,Brisbane
3105769,Brisbane
3105770,Brisbane
3105771,Brisbane
3105772,Sydney
3105773,Brisbane
3105774,Brisbane
3105775,Brisbane
3105776,Brisbane
3105777,Brisbane
3105778,Sydney
3105779,Brisbane
3105780,Brisbane
3105781,Brisbane
3105782,Brisbane
3105783,Brisbane
3105784,Brisbane
3105785,Brisbane
3105786,Brisbane
3105787,Brisbane
3105788,Brisbane
3105789,Brisbane
3105790,Brisbane
3105791,Brisbane
3105792,Brisbane
3105793,Brisbane
3105794,Brisbane
3105795,Brisbane
3105796,Brisbane
3105797,Brisbane
3105798,Brisbane
3105799,Brisbane
3105800,Brisbane
3105801,Brisbane
3105802,Brisbane
3105803,Brisbane
3105804,Brisbane
3105805,Brisbane
3105806,Sydney
3105807,Brisbane
3105808,Brisbane
3105809,Brisbane
3105810,Brisbane
3105811,Brisbane
3105812,Brisbane
3105813,Brisbane
3105814,Perth
3105815,Brisbane
3105816,Brisbane
3105817,Brisbane
3105818,Brisbane
3105819,Brisbane
3105820,Brisbane
3105821,Brisbane
3105822,Brisbane
3105823,Sydney
3105824,Brisbane
3105825,Brisbane
3105826,Brisbane
3105827,Brisbane
3105828,Brisbane
3105829,Brisbane
3105830,Brisbane
3105831,Brisbane
3105832,Brisbane
3105833,Brisbane
3105834,Brisbane
3105835,Brisbane
3105836,Brisbane
3105837,Brisbane
3105838,Brisbane
3105839,Brisbane
3105840,Brisbane
3105841,Brisbane
3105842,Brisbane
3105843,Brisbane
3105844,Brisbane
3105845,Brisbane
3105846,Brisbane
3105847,Brisbane
3105848,Brisbane
3105849,Brisbane
3105850,Brisbane
3105851,Melbourne
3105852,Brisbane
3105853,Brisbane
3105854,Brisbane
3105855,Brisbane
3105856,Brisbane
3105857,Brisbane
3105858,Brisbane
3105859,Brisbane
3105860,Brisbane
3105861,Brisbane
3105862,Brisbane
3105863,Brisbane
3105864,Brisbane
3105865,Brisbane
3105866,Brisbane
3105867,Melbourne
3105868,Brisbane
3105869,Brisbane
3105870,Perth
3105871,Brisbane
3105872,Brisbane
3105873,Brisbane
3105874,Brisbane
3105875,Perth
3105876,Brisbane
3105877,Brisbane
3105878,Brisbane
3105879,Brisbane
3105880,Brisbane
3105881,Brisbane
3105882,Brisbane
3105883,Brisbane
3105884,Brisbane
3105885,Brisbane
3105886,Brisbane
3105887,Brisbane
3105888,Brisbane
3105889,Brisbane
3105890,Brisbane
3105891,Brisbane
3105892,Brisbane
3105893,Brisbane
3105894,Brisbane
3105895,Brisbane
3105896,Brisbane
3105897,Melbourne
3105898,Brisbane
3105899,Brisbane
3105900,Brisbane
3105901,Brisbane
3105902,Brisbane
3105903,Brisbane
3105904,Brisbane
3105905,Brisbane
3105906,Brisbane
3105907,Brisbane
3105908,Brisbane
3105909,Brisbane
3105910,Brisbane
3105911,Brisbane
3105912,Brisbane
3105913,Brisbane
3105914,Perth
3105915,Brisbane
3105916,Brisbane
3105917,Sydney
3105918,Perth
3105919,Brisbane
3105920,Brisbane
3105921,Brisbane
3105922,Brisbane
3105923,Brisbane
3105924,Brisbane
3105925,Brisbane
3105926,Perth
3105927,Brisbane
3105928,Brisbane
3105929,Brisbane
3105930,Brisbane
3105931,Brisbane
3105932,Brisbane
3105933,Brisbane
3105934,Melbourne
3105935,Brisbane
3105936,Brisbane
3105937,Brisbane
3105938,Brisbane
3105939,Brisbane
3105940,Brisbane
3105941,Brisbane
3105942,Brisbane
3105943,Brisbane
3105944,Brisbane
3105945,Brisbane
3105946,Brisbane
3105947,Brisbane
3105948,Brisbane
3105949,Brisbane
3105950,Brisbane
3105951,Brisbane
3105952,Brisbane
3105953,Brisbane
3105954,Brisbane
3105955,Brisbane
3105956,Brisbane
3105957,Brisbane
3105958,Brisbane
3105959,Brisbane
3105960,Brisbane
3105961,Brisbane
3105962,Brisbane
3105963,Brisbane
3105964,Brisbane
3105965,Brisbane
3105966,Sydney
3105967,Brisbane
3105968,Brisbane
3105969,Brisbane
3105970,Brisbane
3105971,Brisbane
3105972,Brisbane
3105973,Brisbane
3105974,Brisbane
3105975,Brisbane
3105976,Brisbane
3105977,Brisbane
3105978,Brisbane
3105979,Brisbane
3105980,Brisbane
3105981,Sydney
3105982,Brisbane
3105983,Brisbane
3105984,Brisbane
3105985,Brisbane
3105986,Brisbane
3105987,Brisbane
3105988,Brisbane
3105989,Brisbane
3105990,Brisbane
3105991,Brisbane
3105992,Brisbane
3105993,Brisbane
3105994,Brisbane
3105995,Melbourne
3105996,Brisbane
3105997,Brisbane
3105998,Brisbane
3105999,Brisbane
3106000,Brisbane
3106001,Brisbane
3106002,Brisbane
3106003,Sydney
3106004,Brisbane
3106005,Brisbane
3106006,Brisbane
3106007,Brisbane
3106008,Brisbane
3106009,Brisbane
3106010,Brisbane
3106011,Brisbane
3106012,Brisbane
3106013,Brisbane
3106014,Brisbane
3106015,Sydney
3106016,Brisbane
3106017,Brisbane
3106018,Brisbane
3106019,Brisbane
3106020,Brisbane
3106021,Brisbane
3106022,Brisbane
3106023,Brisbane
3106024,Brisbane
3106025,Brisbane
3106026,Brisbane
3106027,Brisbane
3106028,Brisbane
3106029,Brisbane
3106030,Brisbane
3106031,Brisbane
3106032,Brisbane
3106033,Brisbane
3106034,Brisbane
3106035,Brisbane
3106036,Sydney
3106037,Brisbane
3106038,Brisbane
3106039,Brisbane
3106040,Brisbane
3106041,Brisbane
3106042,Brisbane
3106043,Brisbane
3106044,Brisbane
3106045,Brisbane
3106046,Brisbane
3106047,Brisbane
3106048,Brisbane
3106049,Brisbane
3106050,Brisbane
3106051,Brisbane
3106052,Brisbane
3106053,Brisbane
3106054,Brisbane
3106055,Brisbane
3106056,Brisbane
3106057,Brisbane
3106058,Brisbane
3106059,Brisbane
3106060,Brisbane
3106061,Brisbane
3106062,Brisbane
3106063,Brisbane
3106064,Brisbane
3106065,Brisbane
3106066,Brisbane
3106067,Brisbane
3106068,Brisbane
3106069,Brisbane
3106070,Brisbane
3106071,Brisbane
3106072,Brisbane
3106073,Brisbane
3106074,Brisbane
3106075,Brisbane
3106076,Brisbane
3106077,Brisbane
3106078,Brisbane
3106079,Brisbane
3106080,Brisbane
3106081,Brisbane
3106082,Brisbane
3106083,Brisbane
3106084,Brisbane
3106085,Brisbane
3106086,Brisbane
3106087,Brisbane
3106088,Brisbane
3106089,Brisbane
3106090,Brisbane
3106091,Brisbane
3106092,Brisbane
3106093,Brisbane
3106094,Brisbane
3106095,Brisbane
3106096,Brisbane
3106097,Brisbane
3106098,Brisbane
3106099,Brisbane
3106100,Perth
3106101,Brisbane
3106102,Brisbane
3106103,Brisbane
3106104,Brisbane
3106105,Brisbane
3106106,Brisbane
3106107,Brisbane
3106108,Brisbane
3106109,Brisbane
3106110,Brisbane
3106111,Brisbane
3106112,Brisbane
3106113,Brisbane
3106114,Brisbane
3106115,Brisbane
3106116,Brisbane
3106117,Brisbane
3106118,Brisbane
3106119,Brisbane
3106120,Brisbane
3106121,Brisbane
3106122,Brisbane
3106123,Brisbane
3106124,Brisbane
3106125,Brisbane
3106126,Brisbane
3106127,Brisbane
3106128,Perth
3106129,Brisbane
3106130,Brisbane
3106131,Brisbane
3106132,Brisbane
3106133,Brisbane
3106134,Brisbane
3106135,Brisbane
3106136,Brisbane
3106137,Brisbane
3106138,Brisbane
3106139,Brisbane
3106140,Brisbane
3106141,Brisbane
3106142,Brisbane
3106143,Brisbane
3106144,Brisbane
3106145,Brisbane
3106146,Brisbane
3106147,Brisbane
3106148,Brisbane
3106149,Brisbane
3106150,Brisbane
3106151,Brisbane
3106152,Brisbane
3106153,Brisbane
3106154,Brisbane
3106155,Brisbane
3106156,Brisbane
3106157,Brisbane
3106158,Brisbane
3106159,Brisbane
3106160,Brisbane
3106161,Sydney
3106162,Brisbane
3106163,Brisbane
3106164,Brisbane
3106165,Brisbane
3106166,Brisbane
3106167,Brisbane
3106168,Brisbane
3106169,Brisbane
3106170,Brisbane
3106171,Brisbane
3106172,Perth
3106173,Sydney
3106174,Brisbane
3106175,Brisbane
3106176,Brisbane
3106177,Brisbane
3106178,Brisbane
3106179,Brisbane
3106180,Brisbane
3106181,Brisbane
3106182,Brisbane
3106183,Sydney
3106184,Perth
3106185,Brisbane
3106186,Brisbane
3106187,Brisbane
3106188,Melbourne
3106189,Brisbane
3106190,Brisbane
3106191,Brisbane
3106192,Brisbane
3106193,Brisbane
3106194,Sydney
3106195,Brisbane
3106196,Brisbane
3106197,Brisbane
3106198,Brisbane
3106199,Brisbane
3106200,Brisbane
3106201,Brisbane
3106202,Brisbane
3106203,Brisbane
3106204,Brisbane
3106205,Brisbane
3106206,Brisbane
3106207,Brisbane
3106208,Brisbane
3106209,Brisbane
3106210,Brisbane
3106211,Brisbane
3106212,Brisbane
3106213,Brisbane
3106214,Brisbane
3106215,Brisbane
3106216,Brisbane
3106217,Brisbane
3106218,Brisbane
3106219,Brisbane
3106220,Brisbane
3106221,Brisbane
3106222,Brisbane
3106223,Brisbane
3106224,Brisbane
3106225,Brisbane
3106226,Brisbane
3106227,Brisbane
3106228,Brisbane
3106229,Brisbane
3106230,Brisbane
3106231,Brisbane
3106232,Brisbane
3106233,Brisbane
3106234,Brisbane
3106235,Brisbane
3106236,Brisbane
3106237,Brisbane
3106238,Brisbane
3106239,Brisbane
3106240,Brisbane
3106241,Brisbane
3106242,Brisbane
3106243,Brisbane
3106244,Brisbane
3106245,Brisbane
3106246,Brisbane
3106247,Brisbane
3106248,Brisbane
3106249,Brisbane
3106250,Brisbane
3106251,Brisbane
3106252,Brisbane
3106253,Brisbane
3106254,Brisbane
3106255,Brisbane
3106256,Brisbane
3106257,Brisbane
3106258,Brisbane
3106259,Brisbane
3106260,Brisbane
3106261,Brisbane
3106262,Brisbane
3106263,Brisbane
3106264,Brisbane
3106265,Brisbane
3106266,Brisbane
3106267,Brisbane
3106268,Perth
3106269,Brisbane
3106270,Brisbane
3106271,Brisbane
3106272,Brisbane
3106273,Brisbane
3106274,Brisbane
3106275,Brisbane
3106276,Brisbane
3106277,Brisbane
3106278,Brisbane
3106279,Brisbane
3106280,Brisbane
3106281,Brisbane
3106282,Brisbane
3106283,Brisbane
3106284,Brisbane
3106285,Brisbane
3106286,Brisbane
3106287,Brisbane
3106288,Brisbane
3106289,Brisbane
3106290,Brisbane
3106291,Brisbane
3106292,Brisbane
3106293,Brisbane
3106294,Brisbane
3106295,Brisbane
3106296,Brisbane
3106297,Brisbane
3106298,Brisbane
3106299,Brisbane
3106300,Brisbane
3106301,Brisbane
3106302,Brisbane
3106303,Brisbane
3106304,Brisbane
3106305,Brisbane
3106306,Sydney
3106307,Perth
3106308,Brisbane
3106309,Brisbane
3106310,Perth
3106311,Brisbane
3106312,Sydney
3106313,Brisbane
3106314,Brisbane
3106315,Brisbane
3106316,Sydney
3106317,Brisbane
3106318,Brisbane
3106319,Brisbane
3106320,Brisbane
3106321,Brisbane
3106322,Brisbane
3106323,Brisbane
3106324,Brisbane
3106325,Brisbane
3106326,Sydney
3106327,Brisbane
3106328,Brisbane
3106329,Brisbane
3106330,Brisbane
3106331,Brisbane
3106332,Brisbane
3106333,Brisbane
3106334,Brisbane
3106335,Brisbane
3106336,Brisbane
3106337,Brisbane
3106338,Brisbane
3106339,Brisbane
3106340,Brisbane
3106341,Brisbane
3106342,Brisbane
3106343,Brisbane
3106344,Brisbane
3106345,Brisbane
3106346,Brisbane
3106347,Brisbane
3106348,Brisbane
3106349,Brisbane
3106350,Brisbane
3106351,Brisbane
3106352,Brisbane
3106353,Brisbane
3106354,Brisbane
3106355,Brisbane
3106356,Brisbane
3106357,Brisbane
3106358,Brisbane
3106359,Brisbane
3106360,Brisbane
3106361,Brisbane
3106362,Brisbane
3106363,Brisbane
3106364,Brisbane
3106365,Brisbane
3106366,Brisbane
3106367,Brisbane
3106368,Brisbane
3106369,Brisbane
3106370,Brisbane
3106371,Perth
3106372,Brisbane
3106373,Brisbane
3106374,Brisbane
3106375,Brisbane
3106376,Brisbane
3106377,Brisbane
3106378,Brisbane
3106379,Brisbane
3106380,Brisbane
3106381,Brisbane
3106382,Brisbane
3106383,Brisbane
3106384,Brisbane
3106385,Brisbane
3106386,Brisbane
3106387,Brisbane
3106388,Brisbane
3106389,Brisbane
3106390,Brisbane
3106391,Brisbane
3106392,Brisbane
3106393,Brisbane
3106394,Brisbane
3106395,Brisbane
3106396,Brisbane
3106397,Brisbane
3106398,Brisbane
3106399,Brisbane
3106400,Brisbane
3106401,Brisbane
3106402,Brisbane
3106403,Brisbane
3106404,Brisbane
3106405,Brisbane
3106406,Brisbane
3106407,Brisbane
3106408,Brisbane
3106409,Brisbane
3106410,Brisbane
3106411,Brisbane
3106412,Brisbane
3106413,Brisbane
3106414,Brisbane
3106415,Brisbane
3106416,Melbourne
3106417,Brisbane
3106418,Brisbane
3106419,Brisbane
3106420,Brisbane
3106421,Brisbane
3106422,Melbourne
3106423,Brisbane
3106424,Brisbane
3106425,Brisbane
3106426,Brisbane
3106427,Brisbane
3106428,Brisbane
3106429,Brisbane
3106430,Sydney
3106431,Brisbane
3106432,Brisbane
3106433,Brisbane
3106434,Brisbane
3106435,Sydney
3106436,Brisbane
3106437,Brisbane
3106438,Brisbane
3106439,Brisbane
3106440,Brisbane
3106441,Brisbane
3106442,Brisbane
3106443,Brisbane
3106444,Sydney
3106445,Brisbane
3106446,Brisbane
3106447,Brisbane
3106448,Brisbane
3106449,Brisbane
3106450,Brisbane
3106451,Brisbane
3106452,Brisbane
3106453,Brisbane
3106454,Brisbane
3106455,Brisbane
3106456,Brisbane
3106457,Brisbane
3106458,Brisbane
3106459,Brisbane
3106460,Brisbane
3106461,Brisbane
3106462,Brisbane
3106463,Brisbane
3106464,Brisbane
3106465,Brisbane
3106466,Brisbane
3106467,Brisbane
3106468,Brisbane
3106469,Brisbane
3106470,Brisbane
3106471,Brisbane
3106472,Brisbane
3106473,Brisbane
3106474,Brisbane
3106475,Brisbane
3106476,Brisbane
3106477,Brisbane
3106478,Brisbane
3106479,Brisbane
3106480,Brisbane
3106481,Brisbane
3106482,Brisbane
3106483,Brisbane
3106484,Brisbane
3106485,Brisbane
3106486,Brisbane
3106487,Brisbane
3106488,Brisbane
3106489,Brisbane
3106490,Brisbane
3106491,Sydney
3106492,Brisbane
3106493,Brisbane
3106494,Brisbane
3106495,Brisbane
3106496,Brisbane
3106497,Brisbane
3106498,Brisbane
3106499,Brisbane
3106500,Brisbane
3106501,Brisbane
3106502,Brisbane
3106503,Brisbane
3106504,Brisbane
3106505,Brisbane
3106506,Brisbane
3106507,Brisbane
3106508,Brisbane
3106509,Brisbane
3106510,Brisbane
3106511,Brisbane
3106512,Brisbane
3106513,Brisbane
3106514,Brisbane
3106515,Brisbane
3106516,Sydney
3106517,Brisbane
3106518,Brisbane
3106519,Brisbane
3106520,Brisbane
3106521,Brisbane
3106522,Brisbane
3106523,Brisbane
3106524,Brisbane
3106525,Brisbane
3106526,Brisbane
3106527,Brisbane
3106528,Brisbane
3106529,Brisbane
3106530,Brisbane
3106531,Brisbane
3106532,Brisbane
3106533,Brisbane
3106534,Brisbane
3106535,Brisbane
3106536,Brisbane
3106537,Brisbane
3106538,Brisbane
3106539,Brisbane
3106540,Brisbane
3106541,Brisbane
3106542,Brisbane
3106543,Brisbane
3106544,Brisbane
3106545,Brisbane
3106546,Brisbane
3106547,Brisbane
3106548,Brisbane
3106549,Brisbane
3106550,Brisbane
3106551,Brisbane
3106552,Brisbane
3106553,Brisbane
3106554,Brisbane
3106555,Brisbane
3106556,Brisbane
3106557,Brisbane
3106558,Brisbane
3106559,Brisbane
3106560,Brisbane
3106561,Brisbane
3106562,Brisbane
3106563,Brisbane
3106564,Brisbane
3106565,Brisbane
3106566,Brisbane
3106567,Brisbane
3106568,Brisbane
3106569,Brisbane
3106570,Brisbane
3106571,Brisbane
3106572,Brisbane
3106573,Brisbane
3106574,Brisbane
3106575,Brisbane
3106576,Brisbane
3106577,Brisbane
3106578,Brisbane
3106579,Brisbane
3106580,Brisbane
3106581,Brisbane
3106582,Brisbane
3106583,Brisbane
3106584,Brisbane
3106585,Brisbane
3106586,Sydney
3106587,Brisbane
3106588,Brisbane
3106589,Brisbane
3106590,Brisbane
3106591,Brisbane
3106592,Brisbane
3106593,Brisbane
3106594,Melbourne
3106595,Brisbane
3106596,Brisbane
3106597,Brisbane
3106598,Brisbane
3106599,Brisbane
3106600,Brisbane
3106601,Brisbane
3106602,Brisbane
3106603,Brisbane
3106604,Brisbane
3106605,Brisbane
3106606,Brisbane
3106607,Brisbane
3106608,Brisbane
3106609,Brisbane
3106610,Brisbane
3106611,Brisbane
3106612,Brisbane
3106613,Brisbane
3106614,Brisbane
3106615,Brisbane
3106616,Brisbane
3106617,Brisbane
3106618,Brisbane
3106619,Brisbane
3106620,Brisbane
3106621,Brisbane
3106622,Brisbane
3106623,Brisbane
3106624,Brisbane
3106625,Brisbane
3106626,Brisbane
3106627,Brisbane
3106628,Brisbane
3106629,Brisbane
3106630,Brisbane
3106631,Brisbane
3106632,Brisbane
3106633,Brisbane
3106634,Brisbane
3106635,Brisbane
3106636,Brisbane
3106637,Brisbane
3106638,Brisbane
3106639,Brisbane
3106640,Brisbane
3106641,Brisbane
3106642,Brisbane
3106643,Brisbane
3106644,Brisbane
3106645,Brisbane
3106646,Brisbane
3106647,Brisbane
3106648,Brisbane
3106649,Brisbane
3106650,Brisbane
3106651,Brisbane
3106652,Brisbane
3106653,Brisbane
3106654,Melbourne
3106655,Brisbane
3106656,Brisbane
3106657,Brisbane
3106658,Brisbane
3106659,Brisbane
3106660,Brisbane
3106661,Brisbane
3106662,Brisbane
3106663,Brisbane
3106664,Brisbane
3106665,Brisbane
3106666,Brisbane
3106667,Brisbane
3106668,Brisbane
3106669,Brisbane
3106670,Brisbane
3106671,Brisbane
3106672,Brisbane
3106673,Brisbane
3106674,Brisbane
3106675,Brisbane
3106676,Brisbane
3106677,Brisbane
3106678,Brisbane
3106679,Brisbane
3106680,Brisbane
3106681,Brisbane
3106682,Brisbane
3106683,Brisbane
3106684,Brisbane
3106685,Brisbane
3106686,Brisbane
3106687,Brisbane
3106688,Brisbane
3106689,Brisbane
3106690,Brisbane
3106691,Brisbane
3106692,Brisbane
3106693,Brisbane
3106694,Brisbane
3106695,Brisbane
3106696,Brisbane
3106697,Brisbane
3106698,Brisbane
3106699,Brisbane
3106700,Perth
3106701,Brisbane
3106702,Brisbane
3106703,Brisbane
3106704,Brisbane
3106705,Brisbane
3106706,Brisbane
3106707,Brisbane
3106708,Brisbane
3106709,Brisbane
3106710,Brisbane
3106711,Brisbane
3106712,Brisbane
3106713,Brisbane
3106714,Brisbane
3106715,Brisbane
3106716,Brisbane
3106717,Brisbane
3106718,Brisbane
3106719,Brisbane
3106720,Brisbane
3106721,Brisbane
3106722,Brisbane
3106723,Brisbane
3106724,Brisbane
3106725,Brisbane
3106726,Brisbane
3106727,Brisbane
3106728,Brisbane
3106729,Brisbane
3106730,Brisbane
3106731,Brisbane
3106732,Brisbane
3106733,Brisbane
3106734,Brisbane
3106735,Brisbane
3106736,Brisbane
3106737,Brisbane
3106738,Brisbane
3106739,Brisbane
3106740,Brisbane
3106741,Brisbane
3106742,Brisbane
3106743,Brisbane
3106744,Brisbane
3106745,Brisbane
3106746,Brisbane
3106747,Brisbane
3106748,Brisbane
3106749,Brisbane
3106750,Brisbane
3106751,Brisbane
3106752,Brisbane
3106753,Brisbane
3106754,Brisbane
3106755,Brisbane
3106756,Brisbane
3106757,Brisbane
3106758,Brisbane
3106759,Brisbane
3106760,Brisbane
3106761,Brisbane
3106762,Brisbane
3106763,Brisbane
3106764,Brisbane
3106765,Brisbane
3106766,Brisbane
3106767,Brisbane
3106768,Brisbane
3106769,Brisbane
3106770,Brisbane
3106771,Melbourne
3106772,Brisbane
3106773,Brisbane
3106774,Brisbane
3106775,Brisbane
3106776,Brisbane
3106777,Melbourne
3106778,Perth
3106779,Brisbane
3106780,Brisbane
3106781,Perth
3106782,Brisbane
3106783,Brisbane
3106784,Brisbane
3106785,Brisbane
3106786,Brisbane
3106787,Brisbane
3106788,Brisbane
3106789,Brisbane
3106790,Brisbane
3106791,Brisbane
3106792,Brisbane
3106793,Brisbane
3106794,Brisbane
3106795,Brisbane
3106796,Brisbane
3106797,Brisbane
3106798,Brisbane
3106799,Brisbane
3106800,Brisbane
3106801,Brisbane
3106802,Brisbane
3106803,Brisbane
3106804,Brisbane
3106805,Brisbane
3106806,Brisbane
3106807,Brisbane
3106808,Brisbane
3106809,Brisbane
3106810,Brisbane
3106811,Brisbane
3106812,Brisbane
3106813,Brisbane
3106814,Brisbane
3106815,Brisbane
3106816,Brisbane
3106817,Brisbane
3106818,Brisbane
3106819,Brisbane
3106820,Brisbane
3106821,Sydney
3106822,Brisbane
3106823,Brisbane
3106824,Brisbane
3106825,Brisbane
3106826,Brisbane
3106827,Brisbane
3106828,Brisbane
3106829,Brisbane
3106830,Brisbane
3106831,Brisbane
3106832,Perth
3106833,Brisbane
3106834,Melbourne
3106835,Brisbane
3106836,Brisbane
3106837,Perth
3106838,Brisbane
3106839,Brisbane
3106840,Brisbane
3106841,Brisbane
3106842,Brisbane
3106843,Brisbane
3106844,Brisbane
3106845,Brisbane
3106846,Brisbane
3106847,Brisbane
3106848,Brisbane
3106849,Brisbane
3106850,Brisbane
3106851,Brisbane
3106852,Brisbane
3106853,Brisbane
3106854,Brisbane
3106855,Brisbane
3106856,Brisbane
3106857,Brisbane
3106858,Brisbane
3106859,Brisbane
3106860,Brisbane
3106861,Brisbane
3106862,Brisbane
3106863,Brisbane
3106864,Brisbane
3106865,Brisbane
3106866,Brisbane
3106867,Brisbane
3106868,Brisbane
3106869,Brisbane
3106870,Brisbane
3106871,Brisbane
3106872,Perth
3106873,Perth
3106874,Brisbane
3106875,Brisbane
3106876,Brisbane
3106877,Brisbane
3106878,Brisbane
3106879,Brisbane
3106880,Brisbane
3106881,Brisbane
3106882,Brisbane
3106883,Brisbane
3106884,Brisbane
3106885,Brisbane
3106886,Brisbane
3106887,Brisbane
3106888,Brisbane
3106889,Brisbane
3106890,Brisbane
3106891,Brisbane
3106892,Brisbane
3106893,Brisbane
3106894,Brisbane
3106895,Brisbane
3106896,Brisbane
3106897,Brisbane
3106898,Brisbane
3106899,Brisbane
3106900,Brisbane
3106901,Brisbane
3106902,Brisbane
3106903,Brisbane
3106904,Brisbane
3106905,Brisbane
3106906,Brisbane
3106907,Brisbane
3106908,Brisbane
3106909,Brisbane
3106910,Brisbane
3106911,Brisbane
3106912,Brisbane
3106913,Brisbane
3106914,Brisbane
3106915,Brisbane
3106916,Brisbane
3106917,Brisbane
3106918,Brisbane
3106919,Brisbane
3106920,Brisbane
3106921,Brisbane
3106922,Brisbane
3106923,Brisbane
3106924,Brisbane
3106925,Brisbane
3106926,Brisbane
3106927,Brisbane
3106928,Brisbane
3106929,Brisbane
3106930,Brisbane
3106931,Brisbane
3106932,Brisbane
3106933,Brisbane
3106934,Brisbane
3106935,Brisbane
3106936,Brisbane
3106937,Brisbane
3106938,Brisbane
3106939,Brisbane
3106940,Brisbane
3106941,Brisbane
3106942,Brisbane
3106943,Brisbane
3106944,Brisbane
3106945,Brisbane
3106946,Brisbane
3106947,Perth
3106948,Brisbane
3106949,Brisbane
3106950,Brisbane
3106951,Brisbane
3106952,Brisbane
3106953,Brisbane
3106954,Brisbane
3106955,Brisbane
3106956,Brisbane
3106957,Sydney
3106958,Brisbane
3106959,Brisbane
3106960,Brisbane
3106961,Brisbane
3106962,Brisbane
3106963,Brisbane
3106964,Brisbane
3106965,Brisbane
3106966,Brisbane
3106967,Brisbane
3106968,Brisbane
3106969,Brisbane
3106970,Brisbane
3106971,Brisbane
3106972,Brisbane
3106973,Brisbane
3106974,Brisbane
3106975,Perth
3106976,Brisbane
3106977,Brisbane
3106978,Brisbane
3106979,Brisbane
3106980,Brisbane
3106981,Brisbane
3106982,Brisbane
3106983,Brisbane
3106984,Brisbane
3106985,Brisbane
3106986,Brisbane
3106987,Brisbane
3106988,Brisbane
3106989,Brisbane
3106990,Brisbane
3106991,Brisbane
3106992,Brisbane
3106993,Brisbane
3106994,Brisbane
3106995,Brisbane
3106996,Brisbane
3106997,Brisbane
3106998,Brisbane
3106999,Brisbane
3107000,Brisbane
3107001,Brisbane
3107002,Brisbane
3107003,Brisbane
3107004,Brisbane
3107005,Brisbane
3107006,Brisbane
3107007,Brisbane
3107008,Brisbane
3107009,Brisbane
3107010,Brisbane
3107011,Brisbane
3107012,Brisbane
3107013,Brisbane
3107014,Brisbane
3107015,Brisbane
3107016,Brisbane
3107017,Brisbane
3107018,Brisbane
3107019,Brisbane
3107020,Brisbane
3107021,Brisbane
3107022,Brisbane
3107023,Brisbane
3107024,Sydney
3107025,Brisbane
3107026,Brisbane
3107027,Brisbane
3107028,Brisbane
3107029,Brisbane
3107030,Brisbane
3107031,Brisbane
3107032,Brisbane
3107033,Brisbane
3107034,Brisbane
3107035,Brisbane
3107036,Brisbane
3107037,Brisbane
3107038,Brisbane
3107039,Brisbane
3107040,Brisbane
3107041,Brisbane
3107042,Brisbane
3107043,Brisbane
3107044,Brisbane
3107045,Brisbane
3107046,Brisbane
3107047,Brisbane
3107048,Brisbane
3107049,Brisbane
3107050,Brisbane
3107051,Brisbane
3107052,Brisbane
3107053,Brisbane
3107054,Brisbane
3107055,Brisbane
3107056,Brisbane
3107057,Brisbane
3107058,Brisbane
3107059,Brisbane
3107060,Sydney
3107061,Brisbane
3107062,Brisbane
3107063,Brisbane
3107064,Brisbane
3107065,Brisbane
3107066,Perth
3107067,Sydney
3107068,Sydney
3107069,Sydney
3107070,Brisbane
3107071,Brisbane
3107072,Brisbane
3107073,Brisbane
3107074,Brisbane
3107075,Brisbane
3107076,Brisbane
3107077,Brisbane
3107078,Perth
3107079,Brisbane
3107080,Brisbane
3107081,Brisbane
3107082,Brisbane
3107083,Brisbane
3107084,Perth
3107085,Brisbane
3107086,Brisbane
3107087,Brisbane
3107088,Brisbane
3107089,Brisbane
3107090,Brisbane
3107091,Brisbane
3107092,Brisbane
3107093,Brisbane
3107094,Brisbane
3107095,Brisbane
3107096,Brisbane
3107097,Brisbane
3107098,Brisbane
3107099,Sydney
3107100,Brisbane
3107101,Brisbane
3107102,Brisbane
3107103,Brisbane
3107104,Brisbane
3107105,Brisbane
3107106,Brisbane
3107107,Brisbane
3107108,Brisbane
3107109,Brisbane
3107110,Brisbane
3107111,Brisbane
3107112,Brisbane
3107113,Brisbane
3107114,Brisbane
3107115,Brisbane
3107116,Brisbane
3107117,Brisbane
3107118,Brisbane
3107119,Brisbane
3107120,Brisbane
3107121,Brisbane
3107122,Brisbane
3107123,Brisbane
3107124,Brisbane
3107125,Brisbane
3107126,Brisbane
3107127,Brisbane
3107128,Brisbane
3107129,Brisbane
3107130,Brisbane
3107131,Brisbane
3107132,Brisbane
3107133,Brisbane
3107134,Brisbane
3107135,Brisbane
3107136,Brisbane
3107137,Brisbane
3107138,Brisbane
3107139,Brisbane
3107140,Brisbane
3107141,Brisbane
3107142,Brisbane
3107143,Brisbane
3107144,Brisbane
3107145,Brisbane
3107146,Brisbane
3107147,Brisbane
3107148,Brisbane
3107149,Perth
3107150,Brisbane
3107151,Brisbane
3107152,Brisbane
3107153,Brisbane
3107154,Brisbane
3107155,Brisbane
3107156,Brisbane
3107157,Brisbane
3107158,Brisbane
3107159,Brisbane
3107160,Brisbane
3107161,Brisbane
3107162,Brisbane
3107163,Brisbane
3107164,Brisbane
3107165,Brisbane
3107166,Brisbane
3107167,Brisbane
3107168,Sydney
3107169,Brisbane
3107170,Brisbane
3107171,Brisbane
3107172,Brisbane
3107173,Brisbane
3107174,Brisbane
3107175,Brisbane
3107176,Brisbane
3107177,Brisbane
3107178,Brisbane
3107179,Brisbane
3107180,Brisbane
3107181,Brisbane
3107182,Brisbane
3107183,Brisbane
3107184,Brisbane
3107185,Brisbane
3107186,Melbourne
3107187,Brisbane
3107188,Brisbane
3107189,Brisbane
3107190,Brisbane
3107191,Brisbane
3107192,Brisbane
3107193,Brisbane
3107194,Melbourne
3107195,Brisbane
3107196,Melbourne
3107197,Melbourne
3107198,Brisbane
3107199,Brisbane
3107200,Brisbane
3107201,Sydney
3107202,Brisbane
3107203,Brisbane
3107204,Brisbane
3107205,Brisbane
3107206,Brisbane
3107207,Brisbane
3107208,Brisbane
3107209,Brisbane
3107210,Brisbane
3107211,Brisbane
3107212,Brisbane
3107213,Brisbane
3107214,Brisbane
3107215,Brisbane
3107216,Brisbane
3107217,Brisbane
3107218,Brisbane
3107219,Brisbane
3107220,Brisbane
3107221,Brisbane
3107222,Perth
3107223,Brisbane
3107224,Brisbane
3107225,Brisbane
3107226,Brisbane
3107227,Brisbane
3107228,Brisbane
3107229,Perth
3107230,Brisbane
3107231,Brisbane
3107232,Brisbane
3107233,Perth
3107234,Brisbane
3107235,Sydney
3107236,Brisbane
3107237,Brisbane
3107238,Brisbane
3107239,Brisbane
3107240,Brisbane
3107241,Brisbane
3107242,Brisbane
3107243,Brisbane
3107244,Brisbane
3107245,Brisbane
3107246,Brisbane
3107247,Brisbane
3107248,Brisbane
3107249,Brisbane
3107250,Brisbane
3107251,Perth
3107252,Brisbane
3107253,Brisbane
3107254,Brisbane
3107255,Brisbane
3107256,Brisbane
3107257,Brisbane
3107258,Brisbane
3107259,Brisbane
3107260,Brisbane
3107261,Brisbane
3107262,Brisbane
3107263,Brisbane
3107264,Brisbane
3107265,Brisbane
3107266,Brisbane
3107267,Brisbane
3107268,Brisbane
3107269,Brisbane
3107270,Brisbane
3107271,Brisbane
3107272,Brisbane
3107273,Brisbane
3107274,Brisbane
3107275,Brisbane
3107276,Brisbane
3107277,Brisbane
3107278,Brisbane
3107279,Brisbane
3107280,Brisbane
3107281,Brisbane
3107282,Brisbane
3107283,Brisbane
3107284,Brisbane
3107285,Brisbane
3107286,Brisbane
3107287,Brisbane
3107288,Brisbane
3107289,Sydney
3107290,Brisbane
3107291,Brisbane
3107292,Brisbane
3107293,Brisbane
3107294,Perth
3107295,Brisbane
3107296,Brisbane
3107297,Brisbane
3107298,Perth
3107299,Brisbane
3107300,Brisbane
3107301,Brisbane
3107302,Brisbane
3107303,Brisbane
3107304,Brisbane
3107305,Brisbane
3107306,Brisbane
3107307,Brisbane
3107308,Brisbane
3107309,Brisbane
3107310,Brisbane
3107311,Brisbane
3107312,Brisbane
3107313,Brisbane
3107314,Brisbane
3107315,Brisbane
3107316,Brisbane
3107317,Brisbane
3107318,Brisbane
3107319,Brisbane
3107320,Brisbane
3107321,Brisbane
3107322,Brisbane
3107323,Brisbane
3107324,Brisbane
3107325,Brisbane
3107326,Brisbane
3107327,Brisbane
3107328,Brisbane
3107329,Brisbane
3107330,Brisbane
3107331,Brisbane
3107332,Brisbane
3107333,Brisbane
3107334,Sydney
3107335,Brisbane
3107336,Brisbane
3107337,Brisbane
3107338,Brisbane
3107339,Brisbane
3107340,Brisbane
3107341,Brisbane
3107342,Brisbane
3107343,Brisbane
3107344,Brisbane
3107345,Brisbane
3107346,Brisbane
3107347,Brisbane
3107348,Brisbane
3107349,Brisbane
3107350,Brisbane
3107351,Brisbane
3107352,Brisbane
3107353,Brisbane
3107354,Brisbane
3107355,Brisbane
3107356,Brisbane
3107357,Brisbane
3107358,Brisbane
3107359,Brisbane
3107360,Brisbane
3107361,Brisbane
3107362,Brisbane
3107363,Brisbane
3107364,Perth
3107365,Brisbane
3107366,Brisbane
3107367,Brisbane
3107368,Brisbane
3107369,Brisbane
3107370,Brisbane
3107371,Brisbane
3107372,Perth
3107373,Brisbane
3107374,Brisbane
3107375,Brisbane
3107376,Brisbane
3107377,Brisbane
3107378,Brisbane
3107379,Brisbane
3107380,Brisbane
3107381,Brisbane
3107382,Brisbane
3107383,Brisbane
3107384,Brisbane
3107385,Brisbane
3107386,Brisbane
3107387,Brisbane
3107388,Brisbane
3107389,Brisbane
3107390,Brisbane
3107391,Brisbane
3107392,Brisbane
3107393,Brisbane
3107394,Brisbane
3107395,Sydney
3107396,Brisbane
3107397,Brisbane
3107398,Brisbane
3107399,Brisbane
3107400,Brisbane
3107401,Brisbane
3107402,Brisbane
3107403,Brisbane
3107404,Brisbane
3107405,Perth
3107406,Brisbane
3107407,Brisbane
3107408,Brisbane
3107409,Brisbane
3107410,Brisbane
3107411,Brisbane
3107412,Brisbane
3107413,Brisbane
3107414,Brisbane
3107415,Brisbane
3107416,Brisbane
3107417,Brisbane
3107418,Brisbane
3107419,Brisbane
3107420,Brisbane
3107421,Brisbane
3107422,Brisbane
3107423,Brisbane
3107424,Brisbane
3107425,Brisbane
3107426,Brisbane
3107427,Perth
3107428,Brisbane
3107429,Sydney
3107430,Brisbane
3107431,Brisbane
3107432,Brisbane
3107433,Brisbane
3107434,Brisbane
3107435,Brisbane
3107436,Brisbane
3107437,Brisbane
3107438,Perth
3107439,Brisbane
3107440,Brisbane
3107441,Brisbane
3107442,Brisbane
3107443,Perth
3107444,Brisbane
3107445,Brisbane
3107446,Brisbane
3107447,Brisbane
3107448,Brisbane
3107449,Brisbane
3107450,Brisbane
3107451,Brisbane
3107452,Brisbane
3107453,Brisbane
3107454,Brisbane
3107455,Brisbane
3107456,Brisbane
3107457,Perth
3107458,Brisbane
3107459,Brisbane
3107460,Brisbane
3107461,Brisbane
3107462,Melbourne
3107463,Brisbane
3107464,Brisbane
3107465,Brisbane
3107466,Brisbane
3107467,Brisbane
3107468,Brisbane
3107469,Brisbane
3107470,Brisbane
3107471,Brisbane
3107472,Brisbane
3107473,Brisbane
3107474,Brisbane
3107475,Brisbane
3107476,Brisbane
3107477,Brisbane
3107478,Brisbane
3107479,Brisbane
3107480,Brisbane
3107481,Brisbane
3107482,Brisbane
3107483,Brisbane
3107484,Brisbane
3107485,Brisbane
3107486,Brisbane
3107487,Brisbane
3107488,Brisbane
3107489,Brisbane
3107490,Melbourne
3107491,Brisbane
3107492,Brisbane
3107493,Brisbane
3107494,Brisbane
3107495,Sydney
3107496,Brisbane
3107497,Melbourne
3107498,Brisbane
3107499,Brisbane
3107500,Brisbane
3107501,Brisbane
3107502,Brisbane
3107503,Brisbane
3107504,Brisbane
3107505,Brisbane
3107506,Brisbane
3107507,Brisbane
3107508,Brisbane
3107509,Brisbane
3107510,Brisbane
3107511,Brisbane
3107512,Brisbane
3107513,Brisbane
3107514,Brisbane
3107515,Brisbane
3107516,Brisbane
3107517,Brisbane
3107518,Brisbane
3107519,Brisbane
3107520,Brisbane
3107521,Brisbane
3107522,Brisbane
3107523,Brisbane
3107524,Brisbane
3107525,Brisbane
3107526,Brisbane
3107527,Brisbane
3107528,Brisbane
3107529,Brisbane
3107530,Brisbane
3107531,Brisbane
3107532,Brisbane
3107533,Brisbane
3107534,Brisbane
3107535,Brisbane
3107536,Brisbane
3107537,Brisbane
3107538,Brisbane
3107539,Brisbane
3107540,Brisbane
3107541,Brisbane
3107542,Brisbane
3107543,Brisbane
3107544,Brisbane
3107545,Brisbane
3107546,Brisbane
3107547,Brisbane
3107548,Brisbane
3107549,Brisbane
3107550,Brisbane
3107551,Brisbane
3107552,Brisbane
3107553,Brisbane
3107554,Brisbane
3107555,Brisbane
3107556,Brisbane
3107557,Brisbane
3107558,Melbourne
3107559,Brisbane
3107560,Brisbane
3107561,Brisbane
3107562,Brisbane
3107563,Brisbane
3107564,Brisbane
3107565,Brisbane
3107566,Brisbane
3107567,Brisbane
3107568,Brisbane
3107569,Brisbane
3107570,Brisbane
3107571,Brisbane
3107572,Brisbane
3107573,Brisbane
3107574,Brisbane
3107575,Brisbane
3107576,Brisbane
3107577,Brisbane
3107578,Brisbane
3107579,Brisbane
3107580,Brisbane
3107581,Brisbane
3107582,Brisbane
3107583,Brisbane
3107584,Brisbane
3107585,Brisbane
3107586,Brisbane
3107587,Brisbane
3107588,Brisbane
3107589,Sydney
3107590,Brisbane
3107591,Brisbane
3107592,Brisbane
3107593,Brisbane
3107594,Brisbane
3107595,Brisbane
3107596,Brisbane
3107597,Brisbane
3107598,Brisbane
3107599,Brisbane
3107600,Brisbane
3107601,Brisbane
3107602,Brisbane
3107603,Brisbane
3107604,Brisbane
3107605,Brisbane
3107606,Melbourne
3107607,Brisbane
3107608,Sydney
3107609,Brisbane
3107610,Brisbane
3107611,Brisbane
3107612,Brisbane
3107613,Brisbane
3107614,Brisbane
3107615,Brisbane
3107616,Brisbane
3107617,Brisbane
3107618,Brisbane
3107619,Brisbane
3107620,Brisbane
3107621,Brisbane
3107622,Brisbane
3107623,Brisbane
3107624,Brisbane
3107625,Brisbane
3107626,Brisbane
3107627,Brisbane
3107628,Brisbane
3107629,Brisbane
3107630,Brisbane
3107631,Brisbane
3107632,Brisbane
3107633,Brisbane
3107634,Brisbane
3107635,Perth
3107636,Brisbane
3107637,Brisbane
3107638,Brisbane
3107639,Brisbane
3107640,Brisbane
3107641,Brisbane
3107642,Brisbane
3107643,Brisbane
3107644,Brisbane
3107645,Brisbane
3107646,Brisbane
3107647,Brisbane
3107648,Brisbane
3107649,Brisbane
3107650,Brisbane
3107651,Brisbane
3107652,Brisbane
3107653,Brisbane
3107654,Brisbane
3107655,Brisbane
3107656,Brisbane
3107657,Brisbane
3107658,Brisbane
3107659,Brisbane
3107660,Brisbane
3107661,Brisbane
3107662,Brisbane
3107663,Brisbane
3107664,Brisbane
3107665,Brisbane
3107666,Brisbane
3107667,Brisbane
3107668,Perth
3107669,Brisbane
3107670,Perth
3107671,Brisbane
3107672,Brisbane
3107673,Perth
3107674,Brisbane
3107675,Brisbane
3107676,Brisbane
3107677,Brisbane
3107678,Brisbane
3107679,Brisbane
3107680,Brisbane
3107681,Brisbane
3107682,Brisbane
3107683,Brisbane
3107684,Brisbane
3107685,Brisbane
3107686,Brisbane
3107687,Brisbane
3107688,Brisbane
3107689,Brisbane
3107690,Brisbane
3107691,Sydney
3107692,Brisbane
3107693,Brisbane
3107694,Brisbane
3107695,Brisbane
3107696,Brisbane
3107697,Brisbane
3107698,Brisbane
3107699,Brisbane
3107700,Brisbane
3107701,Brisbane
3107702,Brisbane
3107703,Brisbane
3107704,Brisbane
3107705,Brisbane
3107706,Brisbane
3107707,Brisbane
3107708,Brisbane
3107709,Brisbane
3107710,Brisbane
3107711,Brisbane
3107712,Brisbane
3107713,Brisbane
3107714,Sydney
3107715,Brisbane
3107716,Brisbane
3107717,Brisbane
3107718,Brisbane
3107719,Brisbane
3107720,Brisbane
3107721,Brisbane
3107722,Brisbane
3107723,Sydney
3107724,Brisbane
3107725,Brisbane
3107726,Brisbane
3107727,Brisbane
3107728,Brisbane
3107729,Brisbane
3107730,Brisbane
3107731,Brisbane
3107732,Brisbane
3107733,Brisbane
3107734,Brisbane
3107735,Brisbane
3107736,Brisbane
3107737,Brisbane
3107738,Brisbane
3107739,Brisbane
3107740,Brisbane
3107741,Brisbane
3107742,Brisbane
3107743,Brisbane
3107744,Brisbane
3107745,Brisbane
3107746,Brisbane
3107747,Brisbane
3107748,Brisbane
3107749,Brisbane
3107750,Brisbane
3107751,Brisbane
3107752,Brisbane
3107753,Brisbane
3107754,Brisbane
3107755,Brisbane
3107756,Brisbane
3107757,Brisbane
3107758,Brisbane
3107759,Brisbane
3107760,Brisbane
3107761,Brisbane
3107762,Brisbane
3107763,Brisbane
3107764,Brisbane
3107765,Brisbane
3107766,Brisbane
3107767,Brisbane
3107768,Brisbane
3107769,Brisbane
3107770,Brisbane
3107771,Brisbane
3107772,Brisbane
3107773,Brisbane
3107774,Brisbane
3107775,Brisbane
3107776,Brisbane
3107777,Brisbane
3107778,Brisbane
3107779,Brisbane
3107780,Brisbane
3107781,Brisbane
3107782,Sydney
3107783,Brisbane
3107784,Brisbane
3107785,Brisbane
3107786,Brisbane
3107787,Brisbane
3107788,Brisbane
3107789,Brisbane
3107790,Brisbane
3107791,Brisbane
3107792,Brisbane
3107793,Brisbane
3107794,Brisbane
3107795,Brisbane
3107796,Brisbane
3107797,Brisbane
3107798,Brisbane
3107799,Brisbane
3107800,Brisbane
3107801,Brisbane
3107802,Brisbane
3107803,Brisbane
3107804,Brisbane
3107805,Brisbane
3107806,Brisbane
3107807,Brisbane
3107808,Brisbane
3107809,Brisbane
3107810,Perth
3107811,Brisbane
3107812,Brisbane
3107813,Brisbane
3107814,Brisbane
3107815,Brisbane
3107816,Sydney
3107817,Brisbane
3107818,Brisbane
3107819,Brisbane
3107820,Brisbane
3107821,Brisbane
3107822,Brisbane
3107823,Brisbane
3107824,Brisbane
3107825,Brisbane
3107826,Brisbane
3107827,Brisbane
3107828,Brisbane
3107829,Brisbane
3107830,Brisbane
3107831,Brisbane
3107832,Brisbane
3107833,Brisbane
3107834,Brisbane
3107835,Brisbane
3107836,Brisbane
3107837,Brisbane
3107838,Brisbane
3107839,Brisbane
3107840,Brisbane
3107841,Brisbane
3107842,Brisbane
3107843,Brisbane
3107844,Brisbane
3107845,Brisbane
3107846,Brisbane
3107847,Brisbane
3107848,Brisbane
3107849,Brisbane
3107850,Brisbane
3107851,Brisbane
3107852,Brisbane
3107853,Perth
3107854,Brisbane
3107855,Brisbane
3107856,Brisbane
3107857,Brisbane
3107858,Brisbane
3107859,Brisbane
3107860,Melbourne
3107861,Sydney
3107862,Brisbane
3107863,Brisbane
3107864,Brisbane
3107865,Brisbane
3107866,Brisbane
3107867,Brisbane
3107868,Brisbane
3107869,Brisbane
3107870,Brisbane
3107871,Brisbane
3107872,Brisbane
3107873,Perth
3107874,Brisbane
3107875,Brisbane
3107876,Brisbane
3107877,Brisbane
3107878,Brisbane
3107879,Brisbane
3107880,Brisbane
3107881,Brisbane
3107882,Brisbane
3107883,Brisbane
3107884,Brisbane
3107885,Brisbane
3107886,Brisbane
3107887,Brisbane
3107888,Brisbane
3107889,Brisbane
3107890,Brisbane
3107891,Brisbane
3107892,Brisbane
3107893,Brisbane
3107894,Brisbane
3107895,Brisbane
3107896,Brisbane
3107897,Brisbane
3107898,Brisbane
3107899,Brisbane
3107900,Brisbane
3107901,Brisbane
3107902,Brisbane
3107903,Brisbane
3107904,Brisbane
3107905,Brisbane
3107906,Brisbane
3107907,Brisbane
3107908,Brisbane
3107909,Brisbane
3107910,Brisbane
3107911,Brisbane
3107912,Perth
3107913,Brisbane
3107914,Brisbane
3107915,Brisbane
3107916,Brisbane
3107917,Brisbane
3107918,Brisbane
3107919,Brisbane
3107920,Brisbane
3107921,Brisbane
3107922,Brisbane
3107923,Brisbane
3107924,Brisbane
3107925,Brisbane
3107926,Brisbane
3107927,Brisbane
3107928,Brisbane
3107929,Brisbane
3107930,Brisbane
3107931,Brisbane
3107932,Brisbane
3107933,Brisbane
3107934,Brisbane
3107935,Brisbane
3107936,Brisbane
3107937,Sydney
3107938,Brisbane
3107939,Brisbane
3107940,Brisbane
3107941,Brisbane
3107942,Sydney
3107943,Brisbane
3107944,Brisbane
3107945,Brisbane
3107946,Brisbane
3107947,Brisbane
3107948,Brisbane
3107949,Perth
3107950,Brisbane
3107951,Brisbane
3107952,Brisbane
3107953,Brisbane
3107954,Brisbane
3107955,Brisbane
3107956,Brisbane
3107957,Brisbane
3107958,Brisbane
3107959,Brisbane
3107960,Brisbane
3107961,Brisbane
3107962,Brisbane
3107963,Brisbane
3107964,Brisbane
3107965,Brisbane
3107966,Brisbane
3107967,Brisbane
3107968,Brisbane
3107969,Brisbane
3107970,Brisbane
3107971,Brisbane
3107972,Brisbane
3107973,Brisbane
3107974,Brisbane
3107975,Brisbane
3107976,Brisbane
3107977,Brisbane
3107978,Brisbane
3107979,Brisbane
3107980,Brisbane
3107981,Brisbane
3107982,Brisbane
3107983,Brisbane
3107984,Brisbane
3107985,Brisbane
3107986,Brisbane
3107987,Brisbane
3107988,Brisbane
3107989,Brisbane
3107990,Brisbane
3107991,Brisbane
3107992,Brisbane
3107993,Brisbane
3107994,Brisbane
3107995,Brisbane
3107996,Brisbane
3107997,Brisbane
3107998,Brisbane
3107999,Sydney
3108000,Brisbane
3108001,Brisbane
3108002,Brisbane
3108003,Brisbane
3108004,Brisbane
3108005,Brisbane
3108006,Brisbane
3108007,Brisbane
3108008,Brisbane
3108009,Brisbane
3108010,Brisbane
3108011,Brisbane
3108012,Brisbane
3108013,Brisbane
3108014,Brisbane
3108015,Brisbane
3108016,Brisbane
3108017,Brisbane
3108018,Brisbane
3108019,Brisbane
3108020,Brisbane
3108021,Brisbane
3108022,Sydney
3108023,Brisbane
3108024,Brisbane
3108025,Brisbane
3108026,Brisbane
3108027,Brisbane
3108028,Brisbane
3108029,Brisbane
3108030,Brisbane
3108031,Brisbane
3108032,Brisbane
3108033,Brisbane
3108034,Brisbane
3108035,Brisbane
3108036,Brisbane
3108037,Brisbane
3108038,Brisbane
3108039,Brisbane
3108040,Brisbane
3108041,Brisbane
3108042,Brisbane
3108043,Brisbane
3108044,Brisbane
3108045,Brisbane
3108046,Brisbane
3108047,Brisbane
3108048,Brisbane
3108049,Brisbane
3108050,Brisbane
3108051,Melbourne
3108052,Brisbane
3108053,Brisbane
3108054,Brisbane
3108055,Brisbane
3108056,Sydney
3108057,Brisbane
3108058,Brisbane
3108059,Brisbane
3108060,Sydney
3108061,Brisbane
3108062,Brisbane
3108063,Brisbane
3108064,Brisbane
3108065,Sydney
3108066,Brisbane
3108067,Brisbane
3108068,Brisbane
3108069,Brisbane
3108070,Brisbane
3108071,Brisbane
3108072,Brisbane
3108073,Brisbane
3108074,Brisbane
3108075,Brisbane
3108076,Brisbane
3108077,Brisbane
3108078,Brisbane
3108079,Brisbane
3108080,Brisbane
3108081,Brisbane
3108082,Brisbane
3108083,Brisbane
3108084,Brisbane
3108085,Brisbane
3108086,Brisbane
3108087,Brisbane
3108088,Sydney
3108089,Brisbane
3108090,Brisbane
3108091,Brisbane
3108092,Brisbane
3108093,Brisbane
3108094,Brisbane
3108095,Brisbane
3108096,Brisbane
3108097,Brisbane
3108098,Brisbane
3108099,Brisbane
3108100,Brisbane
3108101,Brisbane
3108102,Brisbane
3108103,Brisbane
3108104,Brisbane
3108105,Brisbane
3108106,Brisbane
3108107,Brisbane
3108108,Perth
3108109,Brisbane
3108110,Brisbane
3108111,Brisbane
3108112,Brisbane
3108113,Brisbane
3108114,Brisbane
3108115,Brisbane
3108116,Brisbane
3108117,Brisbane
3108118,Brisbane
3108119,Brisbane
3108120,Brisbane
3108121,Brisbane
3108122,Brisbane
3108123,Brisbane
3108124,Brisbane
3108125,Brisbane
3108126,Brisbane
3108127,Sydney
3108128,Brisbane
3108129,Brisbane
3108130,Brisbane
3108131,Sydney
3108132,Brisbane
3108133,Brisbane
3108134,Brisbane
3108135,Brisbane
3108136,Brisbane
3108137,Brisbane
3108138,Brisbane
3108139,Brisbane
3108140,Brisbane
3108141,Melbourne
3108142,Brisbane
3108143,Brisbane
3108144,Brisbane
3108145,Brisbane
3108146,Brisbane
3108147,Brisbane
3108148,Brisbane
